0, 0.1
1, -0.1
2, -0.1
3, 0.1
4, 0.1
5, 0.1
6, -0.2
7, -0.1
8, 0.4
9, 0.1
10, 0.1
11, 0.2
12, 0.1
13, 0.2
14, 0.1
15, 0.1
16, 0.3
17, -0.2
18, 0.1
19, -0.5
20, 0.1
21, 0.3
22, -0.3
23, -0.1
24, 0.1
25, -0.1
26, -0.1
27, -0.3
28, 0.2
29, -0.1
30, 0.0
31, -0.2
32, 0.1
33, 0.3
34, 0.3
35, 0.4
36, 0.0
37, 0.2
38, 0.0
39, -0.2
40, -0.3
41, 0.0
42, 0.1
43, -0.3
44, -0.1
45, 0.1
46, -0.1
47, -0.1
48, 0.0
49, 0.0
50, -0.6
51, -0.1
52, 0.1
53, 0.2
54, -0.1
55, -0.2
56, 0.1
57, -0.3
58, 0.1
59, 0.3
60, 0.2
61, 0.1
62, -0.1
63, 0.1
64, -0.2
65, 0.1
66, 0.2
67, -0.1
68, 0.2
69, 0.1
70, 0.3
71, -0.1
72, -0.1
73, 0.2
74, -0.4
75, 0.0
76, -0.2
77, -0.3
78, -0.1
79, -0.1
80, -0.1
81, 0.3
82, -0.1
83, 0.2
84, -0.1
85, -0.4
86, 0.3
87, 0.0
88, -0.1
89, 0.4
90, 0.0
91, 0.1
92, 0.1
93, -0.2
94, 0.3
95, -0.3
96, 0.1
97, 0.3
98, 0.0
99, 0.3
100, -0.4
101, 0.4
102, 0.0
103, 0.6
104, 0.1
105, 0.1
106, 0.0
107, -0.3
108, 0.0
109, -0.1
110, 0.0
111, 0.5
112, -0.1
113, 0.2
114, 0.1
115, -0.1
116, 0.2
117, 0.3
118, 0.1
119, -0.2
120, -0.4
121, -0.1
122, 0.4
123, -0.3
124, -0.4
125, -0.3
126, 0.1
127, -0.1
128, -0.2
129, 0.0
130, 0.6
131, 0.3
132, 0.1
133, -0.3
134, 0.1
135, 0.4
136, 0.0
137, 0.2
138, 0.1
139, 0.2
140, 0.0
141, 0.3
142, 0.2
143, 0.5
144, 0.4
145, 0.3
146, 0.1
147, -0.2
148, 0.2
149, 0.1
150, 0.0
151, 0.3
152, -0.1
153, -0.2
154, 0.3
155, 0.2
156, -0.1
157, 0.1
158, -0.2
159, -0.2
160, -0.3
161, 0.1
162, 0.3
163, -0.3
164, -0.2
165, 0.1
166, 0.3
167, -0.2
168, -0.6
169, 0.3
170, 0.2
171, 0.0
172, -0.2
173, -0.1
174, 0.0
175, -0.1
176, -0.1
177, 0.0
178, 0.0
179, -0.1
180, 0.0
181, -0.3
182, 0.1
183, 0.0
184, -0.7
185, -0.4
186, 0.1
187, 0.0
188, 0.0
189, -0.1
190, -0.4
191, 0.0
192, -0.1
193, 0.0
194, 0.2
195, 0.3
196, -0.1
197, -0.2
198, -0.2
199, 0.1
200, -0.2
201, -0.5
202, -0.4
203, 0.3
204, 0.0
205, -0.1
206, -0.3
207, 0.1
208, 0.1
209, 0.1
210, 0.0
211, 0.0
212, 0.0
213, 0.2
214, 0.4
215, -0.2
216, 0.1
217, 0.0
218, 0.2
219, 0.2
220, -0.1
221, 0.3
222, 0.0
223, 0.4
224, -0.1
225, -0.1
226, 0.5
227, -0.1
228, -0.1
229, 0.0
230, 0.2
231, -0.2
232, 0.4
233, -0.1
234, 0.2
235, -0.1
236, 0.2
237, -0.4
238, 0.3
239, -0.5
240, -0.1
241, -0.1
242, 0.2
243, 0.1
244, -0.2
245, 0.1
246, 0.1
247, -0.1
248, -0.2
249, 0.5
250, -0.2
251, -0.1
252, 0.1
253, 0.0
254, 0.2
255, 0.1
256, 0.0
257, 0.2
258, -0.3
259, -0.3
260, 0.2
261, 0.0
262, 0.4
263, 0.1
264, 0.5
265, -0.1
266, 0.2
267, 0.1
268, 0.3
269, 0.0
270, 0.0
271, 0.2
272, 0.0
273, 0.2
274, -0.2
275, 0.3
276, -0.3
277, -0.3
278, 0.2
279, -0.1
280, 0.2
281, 0.0
282, -0.2
283, -0.3
284, 0.1
285, -0.1
286, 0.4
287, -0.3
288, 0.0
289, 0.4
290, -0.2
291, 0.1
292, -0.5
293, -0.2
294, 0.2
295, 0.1
296, -0.2
297, 0.0
298, 0.2
299, 0.1
300, 0.4
301, 0.1
302, -0.2
303, 0.1
304, 0.4
305, 0.1
306, -0.1
307, -0.3
308, 0.1
309, -0.2
310, -0.4
311, 0.1
312, 0.1
313, 0.1
314, -0.1
315, -0.1
316, -0.1
317, 0.1
318, -0.2
319, -0.3
320, -0.5
321, 0.3
322, -0.2
323, -0.4
324, -0.1
325, 0.2
326, -0.2
327, 0.0
328, -0.4
329, -0.1
330, -0.2
331, 0.1
332, 0.0
333, -0.2
334, -0.3
335, 0.1
336, -0.1
337, 0.0
338, -0.1
339, 0.3
340, 0.1
341, 0.0
342, -0.1
343, 0.3
344, -0.5
345, -0.3
346, 0.1
347, 0.2
348, -0.6
349, -0.4
350, 0.0
351, -0.3
352, -0.1
353, -0.1
354, 0.0
355, 0.2
356, -0.5
357, 0.3
358, -0.1
359, -0.2
360, -0.2
361, 0.1
362, -0.1
363, -0.3
364, 0.0
365, 0.2
366, 0.0
367, -0.1
368, -0.3
369, -0.1
370, -0.3
371, -0.1
372, -0.3
373, 0.3
374, -0.4
375, 0.0
376, 0.1
377, -0.5
378, -0.1
379, -0.1
380, 0.0
381, 0.2
382, -0.1
383, -0.3
384, 0.1
385, 0.4
386, -0.3
387, -0.1
388, 0.1
389, 0.2
390, 0.4
391, -0.1
392, 0.2
393, 0.2
394, 0.2
395, 0.2
396, 0.4
397, 0.0
398, 0.0
399, -0.2
400, -0.2
401, -0.1
402, 0.0
403, 0.0
404, -0.1
405, 0.0
406, -0.1
407, 0.2
408, 0.1
409, 0.3
410, -0.1
411, -0.1
412, 0.4
413, -0.2
414, 0.1
415, 0.2
416, 0.1
417, 0.1
418, 0.2
419, 0.0
420, -0.3
421, -0.5
422, 0.0
423, 0.1
424, 0.0
425, -0.3
426, 0.0
427, 0.2
428, -0.1
429, 0.2
430, 0.1
431, -0.2
432, 0.0
433, 0.2
434, 0.1
435, 0.2
436, 0.3
437, 0.0
438, 0.4
439, 0.1
440, 0.4
441, 0.1
442, 0.0
443, 0.2
444, 0.1
445, 0.1
446, -0.1
447, 0.1
448, 0.3
449, 0.1
450, -0.2
451, 0.2
452, -0.2
453, 0.2
454, 0.1
455, -0.4
456, 0.0
457, -0.1
458, 0.1
459, -0.2
460, 0.0
461, 0.0
462, 0.3
463, 0.2
464, -0.5
465, 0.3
466, 0.3
467, -0.4
468, -0.4
469, 0.1
470, -0.2
471, 0.0
472, 0.1
473, -0.1
474, -0.1
475, 0.0
476, 0.2
477, 0.1
478, 0.2
479, -0.2
480, 0.2
481, 0.0
482, 0.1
483, 0.2
484, 0.2
485, 0.3
486, 0.2
487, -0.6
488, 0.2
489, -0.1
490, -0.1
491, -0.5
492, -0.4
493, -0.3
494, 0.1
495, -0.4
496, -0.3
497, -0.5
498, -0.1
499, -0.1
500, 0.1
501, 0.3
502, 0.3
503, 0.1
504, -0.4
505, -0.4
506, -0.3
507, -0.1
508, -0.4
509, 0.1
510, 0.3
511, 0.0
512, 0.1
513, 0.4
514, 0.2
515, 0.3
516, 0.4
517, 0.2
518, 0.0
519, -0.1
520, 0.2
521, -0.1
522, 0.2
523, -0.1
524, -0.1
525, -0.1
526, -0.1
527, 0.1
528, 0.1
529, 0.0
530, -0.5
531, 0.0
532, 0.0
533, 0.2
534, -0.5
535, -0.4
536, -0.3
537, -0.3
538, 0.4
539, -0.1
540, -0.1
541, 0.2
542, -0.2
543, 0.1
544, -0.2
545, -0.1
546, 0.1
547, 0.3
548, 0.2
549, -0.1
550, 0.2
551, 0.1
552, -0.1
553, 0.0
554, -0.2
555, -0.3
556, 0.0
557, 0.1
558, -0.1
559, 0.0
560, 0.2
561, -0.1
562, -0.1
563, 0.2
564, 0.0
565, -0.3
566, 0.1
567, -0.2
568, -0.4
569, 0.1
570, -0.2
571, 0.3
572, 0.3
573, 0.2
574, 0.0
575, -0.1
576, 0.0
577, -0.3
578, 0.0
579, 0.5
580, 0.2
581, -0.1
582, -0.1
583, -0.1
584, 0.1
585, -0.1
586, -0.2
587, -0.1
588, 0.0
589, 0.1
590, -0.2
591, 0.2
592, -0.4
593, 0.2
594, -0.1
595, 0.2
596, 0.1
597, -0.1
598, 0.2
599, 0.1
600, 0.1
601, 0.0
602, -0.5
603, 0.1
604, -0.4
605, 0.1
606, -0.1
607, 0.1
608, 0.0
609, -0.2
610, 0.2
611, -0.1
612, 0.1
613, 0.0
614, -0.2
615, -0.4
616, 0.5
617, 0.2
618, 0.1
619, -0.3
620, 0.1
621, 0.0
622, 0.1
623, 0.3
624, -0.1
625, -0.3
626, 0.0
627, 0.1
628, -0.4
629, 0.2
630, -0.2
631, 0.0
632, 0.3
633, 0.0
634, 0.1
635, 0.0
636, -0.2
637, -0.1
638, -0.2
639, -0.2
640, -0.1
641, 0.1
642, 0.0
643, -0.3
644, 0.0
645, 0.1
646, 0.0
647, 0.2
648, -0.2
649, 0.0
650, 0.1
651, -0.4
652, -0.3
653, -0.1
654, 0.4
655, -0.2
656, 0.3
657, 0.0
658, 0.1
659, -0.3
660, -0.1
661, -0.5
662, -0.3
663, 0.1
664, -0.3
665, -0.1
666, -0.1
667, 0.2
668, 0.1
669, 0.2
670, 0.1
671, 0.3
672, -0.1
673, -0.2
674, -0.2
675, 0.0
676, 0.1
677, 0.4
678, -0.1
679, -0.1
680, 0.0
681, -0.4
682, -0.3
683, 0.2
684, 0.2
685, 0.3
686, 0.3
687, 0.3
688, -0.3
689, 0.2
690, 0.1
691, -0.2
692, 0.0
693, 0.2
694, 0.0
695, 0.0
696, 0.0
697, -0.6
698, 0.3
699, -0.5
700, -0.3
701, 0.0
702, 0.1
703, -0.2
704, -0.4
705, -0.1
706, -0.5
707, 0.3
708, 0.1
709, -0.7
710, -0.2
711, 0.0
712, 0.1
713, -0.1
714, 0.3
715, -0.2
716, 0.1
717, -0.2
718, 0.3
719, -0.2
720, -0.1
721, 0.2
722, -0.5
723, 0.3
724, 0.2
725, 0.3
726, 0.2
727, -0.1
728, -0.4
729, -0.1
730, -0.1
731, -0.2
732, 0.1
733, 0.1
734, -0.4
735, 0.2
736, 0.0
737, 0.4
738, -0.1
739, -0.1
740, 0.0
741, -0.3
742, 0.0
743, -0.4
744, 0.2
745, 0.2
746, -0.3
747, 0.0
748, 0.1
749, -0.1
750, -0.4
751, 0.3
752, 0.0
753, 0.0
754, 0.1
755, -0.4
756, -0.1
757, -0.3
758, 0.1
759, 0.0
760, -0.3
761, 0.0
762, -0.1
763, -0.1
764, -0.5
765, 0.0
766, 0.2
767, -0.5
768, -0.3
769, -0.1
770, 0.1
771, 0.3
772, 0.1
773, 0.0
774, 0.1
775, 0.2
776, 0.0
777, -0.3
778, 0.0
779, 0.1
780, 0.2
781, -0.2
782, -0.1
783, -0.4
784, 0.1
785, -0.1
786, -0.2
787, -0.1
788, -0.6
789, 0.3
790, 0.2
791, -0.2
792, 0.1
793, 0.4
794, 0.2
795, 0.0
796, 0.1
797, 0.4
798, -0.2
799, 0.2
800, -0.5
801, -0.2
802, 0.3
803, 0.2
804, 0.2
805, 0.0
806, 0.1
807, 0.0
808, 0.1
809, 0.1
810, -0.2
811, 0.2
812, -0.2
813, -0.5
814, 0.1
815, 0.0
816, 0.4
817, 0.1
818, 0.2
819, 0.3
820, 0.3
821, 0.5
822, 0.1
823, 0.1
824, 0.3
825, 0.2
826, -0.1
827, 0.1
828, -0.2
829, 0.1
830, -0.1
831, 0.1
832, 0.4
833, 0.0
834, 0.1
835, -0.1
836, 0.2
837, -0.1
838, 0.0
839, -0.1
840, 0.2
841, 0.0
842, 0.0
843, 0.2
844, -0.1
845, -0.2
846, -0.2
847, 0.1
848, 0.5
849, 0.1
850, 0.1
851, -0.1
852, 0.1
853, 0.1
854, 0.0
855, 0.2
856, 0.2
857, 0.1
858, -0.2
859, 0.1
860, -0.3
861, 0.0
862, -0.1
863, 0.0
864, 0.0
865, 0.3
866, 0.1
867, 0.0
868, -0.2
869, 0.3
870, 0.1
871, -0.1
872, 0.3
873, 0.3
874, -0.1
875, -0.1
876, 0.0
877, 0.1
878, 0.0
879, 0.3
880, -0.3
881, 0.1
882, 0.0
883, 0.3
884, 0.3
885, 0.2
886, -0.3
887, 0.5
888, -0.1
889, 0.2
890, -0.2
891, 0.4
892, 0.2
893, -0.1
894, 0.0
895, 0.3
896, -0.2
897, -0.2
898, 0.2
899, -0.1
900, -0.5
901, -0.1
902, -0.3
903, 0.3
904, 0.2
905, 0.2
906, -0.6
907, -0.1
908, -0.1
909, 0.0
910, -0.7
911, -0.2
912, 0.2
913, -0.3
914, -0.3
915, -0.1
916, -0.1
917, -0.4
918, -0.5
919, 0.2
920, -0.2
921, 0.1
922, 0.1
923, 0.1
924, -0.2
925, 0.1
926, 0.1
927, -0.2
928, 0.2
929, 0.1
930, 0.0
931, 0.3
932, -0.1
933, -0.1
934, 0.0
935, 0.1
936, 0.1
937, 0.1
938, 0.1
939, 0.1
940, 0.0
941, 0.1
942, -0.3
943, 0.0
944, 0.3
945, -0.3
946, 0.3
947, -0.2
948, -0.4
949, -0.3
950, 0.0
951, -0.3
952, -0.1
953, 0.3
954, 0.4
955, -0.1
956, 0.1
957, 0.1
958, 0.3
959, -0.2
960, 0.2
961, 0.1
962, 0.1
963, 0.3
964, -0.5
965, 0.4
966, 0.0
967, 0.0
968, -0.1
969, 0.1
970, 0.2
971, 0.2
972, 0.1
973, -0.1
974, 0.0
975, 0.1
976, 0.3
977, -0.1
978, 0.0
979, 0.2
980, -0.1
981, -0.1
982, 0.1
983, -0.1
984, -0.2
985, 0.0
986, -0.2
987, 0.1
988, 0.0
989, 0.1
990, -0.3
991, -0.1
992, 0.1
993, -0.1
994, -0.1
995, 0.1
996, 0.1
997, 0.2
998, 0.2
999, 0.2
1000, -0.2
1001, 0.4
1002, -0.2
1003, 0.0
1004, 0.0
1005, -0.1
1006, 0.1
1007, 0.1
1008, 0.1
1009, 0.1
1010, 0.1
1011, 0.2
1012, 0.1
1013, 0.0
1014, -0.2
1015, 0.0
1016, 0.0
1017, -0.2
1018, -0.1
1019, 0.2
1020, 0.2
1021, 0.2
1022, 0.2
1023, -0.2
1024, -0.2
1025, 0.0
1026, 0.2
1027, 0.0
1028, 0.0
1029, 0.0
1030, -0.3
1031, 0.0
1032, 0.1
1033, -0.3
1034, 0.2
1035, -0.1
1036, -0.1
1037, -0.1
1038, -0.2
1039, 0.2
1040, 0.1
1041, 0.0
1042, 0.3
1043, 0.0
1044, 0.1
1045, -0.1
1046, 0.3
1047, -0.1
1048, -0.1
1049, -0.2
1050, -0.4
1051, -0.2
1052, 0.2
1053, 0.3
1054, 0.1
1055, -0.3
1056, -0.1
1057, -0.1
1058, 0.1
1059, 0.0
1060, 0.2
1061, 0.2
1062, -0.1
1063, 0.2
1064, 0.1
1065, -0.4
1066, -0.1
1067, -0.4
1068, -0.1
1069, 0.2
1070, 0.0
1071, 0.1
1072, 0.1
1073, 0.0
1074, 0.1
1075, 0.0
1076, -0.2
1077, 0.2
1078, -0.1
1079, 0.3
1080, -0.2
1081, -0.6
1082, 0.4
1083, 0.1
1084, 0.0
1085, 0.0
1086, 0.3
1087, -0.1
1088, -0.1
1089, -0.1
1090, -0.2
1091, 0.0
1092, -0.2
1093, 0.1
1094, 0.2
1095, 0.0
1096, 0.2
1097, 0.2
1098, 0.0
1099, 0.1
1100, -0.5
1101, 0.0
1102, -0.5
1103, -0.1
1104, 0.2
1105, 0.1
1106, 0.1
1107, 0.0
1108, 0.2
1109, -0.1
1110, 0.1
1111, 0.1
1112, -0.4
1113, -0.1
1114, -0.1
1115, 0.1
1116, 0.3
1117, 0.1
1118, -0.4
1119, 0.0
1120, -0.2
1121, 0.1
1122, 0.2
1123, 0.2
1124, 0.0
1125, 0.1
1126, -0.2
1127, 0.5
1128, 0.2
1129, -0.2
1130, 0.0
1131, 0.3
1132, 0.1
1133, 0.1
1134, 0.2
1135, 0.0
1136, 0.0
1137, -0.4
1138, 0.3
1139, 0.2
1140, 0.2
1141, 0.2
1142, 0.0
1143, 0.3
1144, -0.3
1145, 0.2
1146, -0.1
1147, 0.4
1148, 0.2
1149, 0.0
1150, -0.2
1151, -0.1
1152, 0.4
1153, -0.1
1154, -0.1
1155, 0.0
1156, -0.1
1157, -0.1
1158, 0.0
1159, 0.4
1160, -0.5
1161, 0.3
1162, 0.0
1163, -0.6
1164, 0.2
1165, 0.2
1166, -0.1
1167, 0.3
1168, -0.2
1169, -0.1
1170, -0.1
1171, 0.1
1172, 0.3
1173, 0.0
1174, 0.3
1175, 0.3
1176, -0.2
1177, 0.1
1178, 0.2
1179, 0.4
1180, 0.5
1181, 0.1
1182, 0.3
1183, 0.0
1184, -0.5
1185, 0.1
1186, 0.4
1187, -0.3
1188, 0.1
1189, -0.5
1190, -0.1
1191, -0.4
1192, 0.3
1193, -0.4
1194, -0.2
1195, 0.1
1196, 0.2
1197, 0.2
1198, -0.3
1199, -0.5
1200, 0.3
1201, -0.2
1202, -0.2
1203, -0.2
1204, 0.0
1205, -0.1
1206, 0.1
1207, -0.2
1208, 0.0
1209, 0.1
1210, -0.1
1211, 0.4
1212, -0.1
1213, 0.4
1214, 0.0
1215, -0.2
1216, 0.1
1217, 0.2
1218, 0.3
1219, -0.1
1220, -0.1
1221, 0.1
1222, 0.0
1223, 0.0
1224, 0.4
1225, 0.2
1226, -0.3
1227, 0.1
1228, 0.3
1229, 0.1
1230, 0.3
1231, 0.2
1232, 0.0
1233, -0.2
1234, 0.2
1235, -0.4
1236, -0.2
1237, -0.3
1238, -0.3
1239, -0.2
1240, 0.1
1241, 0.0
1242, -0.2
1243, -0.1
1244, 0.3
1245, -0.1
1246, 0.0
1247, -0.3
1248, -0.2
1249, 0.0
1250, 0.1
1251, -0.2
1252, 0.5
1253, -0.2
1254, -0.2
1255, 0.1
1256, 0.0
1257, 0.2
1258, -0.4
1259, -0.1
1260, -0.2
1261, -0.5
1262, 0.2
1263, -0.3
1264, -0.1
1265, 0.2
1266, -0.3
1267, 0.5
1268, 0.0
1269, 0.0
1270, 0.1
1271, 0.0
1272, 0.2
1273, -0.2
1274, 0.0
1275, 0.4
1276, -0.1
1277, -0.1
1278, 0.1
1279, -0.4
1280, -0.1
1281, 0.0
1282, 0.1
1283, -0.4
1284, 0.0
1285, 0.1
1286, -0.7
1287, 0.0
1288, -0.1
1289, 0.1
1290, -0.2
1291, 0.3
1292, 0.2
1293, 0.1
1294, 0.0
1295, -0.1
1296, -0.1
1297, 0.0
1298, -0.1
1299, -0.1
1300, 0.1
1301, 0.2
1302, 0.1
1303, -0.1
1304, 0.3
1305, 0.1
1306, -0.3
1307, 0.1
1308, -0.4
1309, 0.5
1310, -0.4
1311, 0.0
1312, -0.1
1313, -0.1
1314, -0.1
1315, 0.0
1316, 0.2
1317, -0.2
1318, 0.1
1319, -0.3
1320, 0.0
1321, -0.1
1322, 0.1
1323, 0.4
1324, 0.0
1325, -0.1
1326, -0.2
1327, 0.0
1328, 0.1
1329, -0.4
1330, -0.1
1331, 0.1
1332, 0.1
1333, 0.0
1334, 0.0
1335, -0.1
1336, 0.0
1337, -0.2
1338, 0.2
1339, 0.0
1340, 0.1
1341, 0.1
1342, -0.3
1343, -0.1
1344, -0.2
1345, 0.1
1346, 0.4
1347, -0.5
1348, -0.4
1349, 0.3
1350, 0.1
1351, -0.1
1352, 0.0
1353, 0.0
1354, -0.2
1355, 0.1
1356, 0.2
1357, -0.2
1358, -0.4
1359, 0.2
1360, -0.3
1361, 0.2
1362, 0.1
1363, 0.3
1364, 0.0
1365, 0.0
1366, -0.4
1367, 0.2
1368, 0.2
1369, 0.0
1370, -0.1
1371, -0.2
1372, 0.3
1373, -0.1
1374, -0.5
1375, -0.5
1376, -0.3
1377, 0.4
1378, 0.4
1379, 0.2
1380, -0.3
1381, 0.3
1382, 0.0
1383, -0.1
1384, 0.1
1385, 0.2
1386, -0.2
1387, 0.1
1388, 0.2
1389, 0.4
1390, -0.3
1391, 0.0
1392, 0.2
1393, 0.1
1394, 0.2
1395, 0.0
1396, -0.2
1397, 0.1
1398, -0.3
1399, 0.0
1400, 0.1
1401, 0.0
1402, 0.1
1403, 0.0
1404, -0.4
1405, 0.1
1406, 0.3
1407, 0.0
1408, 0.5
1409, -0.1
1410, 0.3
1411, 0.1
1412, -0.4
1413, 0.1
1414, -0.1
1415, 0.2
1416, 0.0
1417, -0.1
1418, -0.3
1419, 0.5
1420, 0.1
1421, 0.1
1422, -0.1
1423, 0.2
1424, -0.4
1425, 0.1
1426, -0.1
1427, 0.1
1428, -0.2
1429, 0.1
1430, 0.0
1431, -0.3
1432, 0.1
1433, 0.3
1434, -0.2
1435, 0.1
1436, -0.4
1437, -0.2
1438, -0.4
1439, 0.1
1440, -0.1
1441, 0.2
1442, -0.2
1443, 0.1
1444, 0.4
1445, -0.4
1446, -0.2
1447, -0.1
1448, 0.1
1449, -0.4
1450, 0.2
1451, 0.1
1452, 0.1
1453, -0.1
1454, 0.1
1455, 0.0
1456, -0.2
1457, 0.1
1458, 0.0
1459, 0.0
1460, 0.3
1461, -0.1
1462, 0.1
1463, 0.0
1464, -0.2
1465, 0.2
1466, -0.3
1467, 0.1
1468, -0.1
1469, 0.1
1470, 0.0
1471, -0.1
1472, -0.5
1473, 0.3
1474, -0.4
1475, 0.0
1476, 0.0
1477, 0.1
1478, 0.0
1479, -0.1
1480, -0.1
1481, -0.2
1482, 0.2
1483, 0.1
1484, 0.4
1485, -0.4
1486, -0.2
1487, -0.4
1488, 0.0
1489, -0.5
1490, 0.3
1491, 0.0
1492, 0.1
1493, -0.1
1494, 0.1
1495, -0.1
1496, 0.1
1497, 0.0
1498, -0.2
1499, 0.0
1500, -0.1
1501, 0.0
1502, 0.0
1503, 0.1
1504, -0.3
1505, -0.3
1506, 0.1
1507, 0.3
1508, 0.0
1509, 0.2
1510, -0.2
1511, 0.0
1512, -0.6
1513, -0.3
1514, -0.5
1515, 0.0
1516, 0.1
1517, 0.0
1518, 0.2
1519, -0.2
1520, 0.0
1521, 0.4
1522, 0.3
1523, -0.1
1524, 0.2
1525, -0.1
1526, 0.0
1527, 0.2
1528, -0.4
1529, 0.2
1530, -0.4
1531, -0.3
1532, 0.2
1533, 0.2
1534, 0.2
1535, -0.2
1536, 0.0
1537, -0.1
1538, -0.2
1539, 0.0
1540, 0.0
1541, 0.3
1542, 0.3
1543, 0.2
1544, -0.1
1545, -0.1
1546, 0.0
1547, -0.1
1548, -0.1
1549, 0.4
1550, -0.1
1551, 0.2
1552, 0.2
1553, 0.0
1554, 0.1
1555, 0.1
1556, -0.1
1557, 0.0
1558, 0.0
1559, -0.1
1560, -0.1
1561, 0.4
1562, 0.3
1563, -0.3
1564, 0.0
1565, 0.0
1566, 0.2
1567, -0.1
1568, -0.1
1569, -0.2
1570, -0.1
1571, 0.2
1572, -0.4
1573, 0.1
1574, 0.0
1575, 0.2
1576, 0.3
1577, -0.1
1578, 0.1
1579, -0.1
1580, 0.0
1581, 0.0
1582, 0.0
1583, 0.0
1584, -0.4
1585, 0.3
1586, 0.1
1587, -0.5
1588, 0.3
1589, 0.2
1590, -0.1
1591, -0.1
1592, 0.3
1593, -0.1
1594, 0.0
1595, -0.1
1596, 0.3
1597, 0.3
1598, 0.0
1599, -0.2
1600, -0.1
1601, 0.1
1602, 0.1
1603, 0.1
1604, -0.1
1605, -0.1
1606, 0.2
1607, 0.2
1608, 0.1
1609, 0.2
1610, -0.1
1611, 0.2
1612, -0.1
1613, 0.1
1614, 0.2
1615, 0.4
1616, 0.0
1617, -0.2
1618, 0.0
1619, 0.2
1620, 0.1
1621, 0.1
1622, -0.1
1623, -0.2
1624, 0.5
1625, -0.1
1626, 0.0
1627, 0.3
1628, 0.1
1629, 0.2
1630, 0.5
1631, 0.5
1632, -0.1
1633, 0.0
1634, 0.0
1635, 0.3
1636, 0.2
1637, -0.2
1638, -0.2
1639, 0.3
1640, 0.3
1641, -0.1
1642, -0.1
1643, 0.2
1644, -0.1
1645, 0.3
1646, -0.1
1647, 0.0
1648, 0.0
1649, -0.1
1650, -0.4
1651, 0.0
1652, -0.2
1653, 0.2
1654, -0.2
1655, -0.1
1656, -0.4
1657, 0.0
1658, -0.3
1659, -0.1
1660, 0.3
1661, 0.1
1662, -0.3
1663, 0.5
1664, -0.1
1665, -0.2
1666, -0.2
1667, 0.1
1668, 0.2
1669, 0.2
1670, -0.3
1671, -0.2
1672, 0.3
1673, 0.2
1674, -0.2
1675, 0.2
1676, 0.1
1677, -0.2
1678, 0.0
1679, -0.1
1680, 0.0
1681, -0.2
1682, -0.1
1683, -0.1
1684, -0.2
1685, 0.0
1686, 0.2
1687, 0.4
1688, 0.0
1689, -0.4
1690, -0.1
1691, 0.3
1692, -0.2
1693, 0.3
1694, -0.4
1695, -0.1
1696, 0.0
1697, 0.0
1698, -0.2
1699, -0.2
1700, 0.1
1701, 0.2
1702, -0.3
1703, -0.1
1704, -0.4
1705, 0.1
1706, 0.2
1707, 0.2
1708, -0.2
1709, 0.0
1710, 0.2
1711, -0.3
1712, -0.1
1713, 0.0
1714, 0.3
1715, 0.0
1716, 0.4
1717, -0.1
1718, 0.1
1719, 0.0
1720, 0.3
1721, -0.1
1722, -0.2
1723, 0.4
1724, -0.6
1725, 0.2
1726, 0.3
1727, 0.1
1728, 0.0
1729, -0.2
1730, -0.2
1731, -0.2
1732, 0.0
1733, 0.0
1734, 0.4
1735, 0.2
1736, 0.4
1737, -0.1
1738, 0.4
1739, 0.1
1740, -0.1
1741, -0.4
1742, 0.4
1743, 0.2
1744, 0.2
1745, 0.3
1746, 0.4
1747, 0.1
1748, 0.0
1749, -0.4
1750, -0.2
1751, -0.3
1752, -0.1
1753, -0.2
1754, -0.2
1755, -0.1
1756, 0.0
1757, -0.1
1758, 0.0
1759, 0.1
1760, 0.1
1761, 0.1
1762, 0.0
1763, -0.1
1764, 0.2
1765, -0.2
1766, 0.1
1767, 0.3
1768, 0.0
1769, -0.1
1770, 0.1
1771, -0.2
1772, 0.3
1773, -0.1
1774, -0.1
1775, 0.0
1776, 0.2
1777, 0.0
1778, 0.3
1779, -0.1
1780, -0.4
1781, -0.1
1782, 0.3
1783, -0.1
1784, -0.1
1785, 0.0
1786, 0.0
1787, 0.3
1788, 0.2
1789, -0.1
1790, -0.2
1791, -0.4
1792, 0.0
1793, -0.4
1794, 0.2
1795, 0.1
1796, -0.1
1797, -0.1
1798, 0.0
1799, -0.2
1800, -0.2
1801, 0.1
1802, -0.1
1803, -0.1
1804, 0.4
1805, -0.1
1806, 0.1
1807, 0.3
1808, 0.0
1809, 0.3
1810, 0.1
1811, 0.3
1812, 0.3
1813, 0.1
1814, 0.3
1815, -0.4
1816, 0.3
1817, -0.1
1818, -0.4
1819, -0.1
1820, 0.1
1821, -0.2
1822, -0.1
1823, 0.0
1824, -0.2
1825, 0.0
1826, 0.1
1827, 0.1
1828, 0.2
1829, 0.4
1830, 0.1
1831, 0.0
1832, 0.0
1833, 0.0
1834, -0.3
1835, -0.1
1836, -0.3
1837, -0.4
1838, -0.1
1839, -0.2
1840, 0.0
1841, -0.1
1842, 0.0
1843, -0.2
1844, -0.1
1845, -0.3
1846, -0.1
1847, 0.0
1848, 0.0
1849, -0.1
1850, 0.4
1851, 0.0
1852, -0.3
1853, -0.4
1854, 0.2
1855, -0.1
1856, -0.2
1857, -0.2
1858, 0.1
1859, -0.1
1860, 0.1
1861, 0.3
1862, 0.2
1863, 0.1
1864, 0.0
1865, 0.1
1866, -0.1
1867, 0.4
1868, 0.5
1869, 0.3
1870, -0.3
1871, -0.1
1872, 0.3
1873, 0.4
1874, 0.0
1875, 0.2
1876, 0.1
1877, -0.2
1878, 0.3
1879, 0.2
1880, 0.2
1881, 0.2
1882, 0.0
1883, 0.2
1884, 0.2
1885, 0.0
1886, -0.5
1887, -0.5
1888, -0.1
1889, -0.3
1890, 0.1
1891, -0.2
1892, 0.2
1893, -0.2
1894, -0.1
1895, 0.0
1896, 0.3
1897, 0.2
1898, 0.4
1899, -0.1
1900, 0.0
1901, 0.1
1902, 0.0
1903, -0.2
1904, -0.1
1905, 0.1
1906, -0.3
1907, 0.0
1908, -0.3
1909, 0.1
1910, -0.2
1911, 0.3
1912, 0.3
1913, 0.1
1914, -0.2
1915, 0.2
1916, 0.2
1917, -0.4
1918, -0.3
1919, -0.1
1920, 0.0
1921, 0.0
1922, -0.2
1923, -0.2
1924, 0.4
1925, -0.2
1926, 0.4
1927, -0.2
1928, -0.2
1929, -0.1
1930, 0.1
1931, 0.1
1932, 0.2
1933, 0.3
1934, 0.2
1935, 0.3
1936, -0.1
1937, -0.3
1938, -0.2
1939, 0.1
1940, -0.3
1941, 0.0
1942, 0.1
1943, 0.0
1944, -0.2
1945, 0.1
1946, -0.2
1947, -0.3
1948, 0.1
1949, 0.1
1950, -0.1
1951, 0.1
1952, -0.3
1953, -0.2
1954, 0.2
1955, -0.2
1956, 0.1
1957, 0.2
1958, -0.1
1959, 0.0
1960, -0.1
1961, 0.2
1962, 0.0
1963, -0.1
1964, 0.0
1965, -0.6
1966, -0.1
1967, -0.1
1968, -0.3
1969, 0.1
1970, 0.1
1971, 0.1
1972, -0.4
1973, 0.2
1974, 0.2
1975, 0.2
1976, -0.1
1977, 0.1
1978, -0.5
1979, -0.2
1980, 0.1
1981, 0.1
1982, 0.2
1983, -0.1
1984, -0.3
1985, 0.1
1986, 0.2
1987, 0.0
1988, -0.3
1989, 0.2
1990, 0.0
1991, -0.1
1992, -0.3
1993, -0.1
1994, 0.2
1995, -0.1
1996, -0.2
1997, 0.2
1998, -0.1
1999, 0.1
2000, 0.1
2001, 0.1
2002, 0.0
2003, 0.0
2004, -0.1
2005, 0.0
2006, 0.1
2007, 0.3
2008, 0.1
2009, 0.0
2010, 0.1
2011, 0.3
2012, 0.1
2013, -0.1
2014, 0.2
2015, 0.3
2016, -0.2
2017, 0.2
2018, -0.3
2019, 0.3
2020, 0.3
2021, 0.3
2022, -0.3
2023, -0.8
2024, -0.2
2025, -0.1
2026, 0.1
2027, 0.0
2028, -0.3
2029, 0.0
2030, 0.2
2031, -0.5
2032, 0.0
2033, 0.0
2034, 0.4
2035, 0.3
2036, 0.0
2037, 0.1
2038, 0.3
2039, 0.0
2040, 0.2
2041, 0.3
2042, -0.2
2043, 0.1
2044, 0.0
2045, 0.3
2046, -0.2
2047, 0.2
2048, -0.2
2049, -0.6
2050, 0.2
2051, 0.4
2052, -0.4
2053, 0.4
2054, 0.2
2055, 0.1
2056, 0.1
2057, 0.4
2058, 0.3
2059, 0.3
2060, 0.2
2061, 0.0
2062, -0.2
2063, -0.1
2064, 0.3
2065, 0.3
2066, -0.3
2067, 0.3
2068, 0.5
2069, -0.3
2070, -0.2
2071, 0.0
2072, 0.0
2073, 0.5
2074, 0.1
2075, 0.3
2076, 0.3
2077, 0.2
2078, 0.2
2079, 0.1
2080, 0.3
2081, 0.0
2082, -0.2
2083, 0.3
2084, 0.2
2085, -0.3
2086, -0.1
2087, -0.2
2088, 0.1
2089, 0.1
2090, 0.1
2091, 0.0
2092, -0.1
2093, 0.3
2094, -0.2
2095, -0.2
2096, -0.4
2097, 0.2
2098, 0.1
2099, 0.1
2100, -0.5
2101, 0.1
2102, 0.0
2103, -0.1
2104, -0.1
2105, 0.1
2106, 0.1
2107, 0.1
2108, 0.3
2109, 0.1
2110, 0.3
2111, -0.2
2112, 0.1
2113, -0.1
2114, 0.0
2115, 0.3
2116, 0.2
2117, 0.3
2118, 0.1
2119, -0.1
2120, -0.3
2121, 0.2
2122, 0.0
2123, -0.4
2124, -0.4
2125, 0.1
2126, -0.3
2127, 0.1
2128, 0.2
2129, -0.1
2130, 0.3
2131, -0.2
2132, 0.2
2133, 0.2
2134, 0.2
2135, -0.3
2136, -0.2
2137, 0.1
2138, 0.1
2139, 0.3
2140, -0.2
2141, 0.1
2142, 0.4
2143, 0.1
2144, 0.1
2145, 0.3
2146, 0.4
2147, -0.1
2148, -0.2
2149, 0.1
2150, 0.0
2151, 0.0
2152, -0.4
2153, 0.3
2154, 0.0
2155, 0.3
2156, 0.2
2157, 0.4
2158, 0.2
2159, 0.1
2160, -0.5
2161, -0.7
2162, 0.0
2163, -0.4
2164, 0.1
2165, -0.4
2166, -0.2
2167, 0.3
2168, 0.1
2169, -0.2
2170, 0.2
2171, 0.1
2172, 0.1
2173, -0.2
2174, 0.2
2175, -0.3
2176, -0.2
2177, 0.0
2178, 0.1
2179, 0.3
2180, 0.2
2181, -0.4
2182, 0.3
2183, 0.1
2184, 0.0
2185, 0.5
2186, -0.2
2187, 0.0
2188, -0.3
2189, 0.2
2190, 0.4
2191, -0.3
2192, 0.0
2193, -0.1
2194, 0.0
2195, 0.3
2196, 0.5
2197, 0.1
2198, 0.0
2199, 0.0
2200, -0.2
2201, -0.1
2202, 0.0
2203, 0.1
2204, 0.0
2205, -0.3
2206, -0.1
2207, -0.3
2208, -0.3
2209, -0.3
2210, -0.4
2211, 0.2
2212, -0.3
2213, 0.2
2214, -0.2
2215, 0.0
2216, 0.2
2217, -0.2
2218, -0.2
2219, -0.2
2220, 0.3
2221, 0.5
2222, -0.3
2223, 0.1
2224, -0.1
2225, -0.1
2226, 0.0
2227, 0.3
2228, -0.1
2229, -0.2
2230, 0.0
2231, 0.1
2232, 0.2
2233, 0.1
2234, -0.2
2235, 0.2
2236, -0.1
2237, 0.3
2238, -0.2
2239, -0.1
2240, -0.1
2241, 0.3
2242, -0.1
2243, 0.0
2244, -0.3
2245, 0.2
2246, 0.0
2247, -0.1
2248, 0.3
2249, 0.0
2250, 0.0
2251, 0.5
2252, 0.0
2253, 0.0
2254, 0.1
2255, -0.1
2256, 0.0
2257, 0.3
2258, 0.2
2259, -0.8
2260, -0.3
2261, 0.0
2262, 0.3
2263, 0.3
2264, 0.1
2265, -0.3
2266, -0.1
2267, 0.3
2268, 0.1
2269, 0.2
2270, 0.3
2271, -0.1
2272, 0.4
2273, -0.2
2274, 0.0
2275, -0.2
2276, -0.1
2277, 0.3
2278, -0.1
2279, -0.1
2280, -0.1
2281, 0.3
2282, 0.0
2283, -0.2
2284, -0.3
2285, 0.2
2286, -0.2
2287, 0.2
2288, -0.2
2289, -0.2
2290, 0.2
2291, 0.4
2292, -0.1
2293, 0.2
2294, 0.1
2295, -0.3
2296, 0.1
2297, -0.2
2298, -0.2
2299, 0.2
2300, 0.2
2301, 0.2
2302, 0.2
2303, -0.3
2304, 0.2
2305, 0.0
2306, -0.4
2307, 0.0
2308, -0.4
2309, 0.2
2310, -0.3
2311, 0.1
2312, 0.1
2313, 0.2
2314, -0.3
2315, -0.2
2316, -0.1
2317, 0.0
2318, 0.2
2319, -0.1
2320, -0.1
2321, 0.3
2322, 0.4
2323, 0.0
2324, -0.4
2325, 0.2
2326, -0.7
2327, 0.0
2328, -0.5
2329, 0.1
2330, -0.2
2331, 0.0
2332, -0.1
2333, 0.3
2334, 0.3
2335, 0.0
2336, 0.1
2337, 0.2
2338, 0.2
2339, 0.3
2340, 0.0
2341, -0.3
2342, 0.3
2343, 0.4
2344, 0.0
2345, -0.4
2346, -0.3
2347, 0.1
2348, -0.2
2349, -0.2
2350, -0.2
2351, 0.1
2352, 0.0
2353, 0.1
2354, 0.1
2355, 0.0
2356, -0.3
2357, -0.4
2358, -0.1
2359, 0.0
2360, -0.1
2361, 0.2
2362, -0.5
2363, -0.1
2364, -0.2
2365, -0.1
2366, 0.4
2367, 0.1
2368, 0.0
2369, -0.1
2370, -0.6
2371, -0.2
2372, -0.1
2373, 0.2
2374, 0.1
2375, 0.0
2376, 0.0
2377, 0.3
2378, -0.5
2379, -0.1
2380, -0.2
2381, -0.3
2382, 0.0
2383, 0.1
2384, -0.7
2385, 0.2
2386, 0.2
2387, 0.2
2388, 0.0
2389, 0.1
2390, -0.1
2391, 0.1
2392, 0.0
2393, 0.3
2394, -0.3
2395, 0.0
2396, 0.1
2397, 0.0
2398, 0.4
2399, -0.2
2400, -0.5
2401, -0.3
2402, -0.1
2403, 0.0
2404, 0.1
2405, 0.0
2406, -0.2
2407, 0.0
2408, 0.2
2409, -0.1
2410, -0.1
2411, 0.0
2412, 0.2
2413, 0.0
2414, -0.3
2415, -0.3
2416, 0.2
2417, -0.6
2418, -0.2
2419, 0.0
2420, 0.2
2421, -0.3
2422, -0.4
2423, 0.1
2424, 0.2
2425, 0.2
2426, -0.1
2427, 0.1
2428, -0.3
2429, 0.1
2430, 0.1
2431, 0.0
2432, 0.0
2433, 0.2
2434, 0.3
2435, 0.1
2436, 0.0
2437, 0.1
2438, -0.1
2439, 0.1
2440, -0.2
2441, 0.4
2442, -0.2
2443, 0.4
2444, 0.4
2445, 0.1
2446, 0.1
2447, -0.1
2448, 0.0
2449, 0.3
2450, -0.3
2451, 0.3
2452, 0.3
2453, -0.8
2454, 0.2
2455, 0.1
2456, 0.3
2457, 0.1
2458, 0.0
2459, 0.1
2460, 0.0
2461, 0.2
2462, -0.1
2463, 0.0
2464, 0.1
2465, -0.4
2466, 0.2
2467, -0.1
2468, -0.2
2469, 0.2
2470, 0.0
2471, 0.1
2472, 0.0
2473, 0.0
2474, 0.2
2475, 0.0
2476, 0.3
2477, -0.2
2478, 0.4
2479, -0.2
2480, 0.1
2481, 0.1
2482, -0.1
2483, -0.6
2484, -0.1
2485, 0.4
2486, -0.2
2487, 0.0
2488, 0.4
2489, 0.0
2490, 0.1
2491, -0.1
2492, 0.1
2493, -0.4
2494, 0.0
2495, -0.5
2496, 0.1
2497, -0.2
2498, 0.1
2499, -0.1
2500, 0.4
2501, -0.2
2502, 0.1
2503, 0.0
2504, 0.0
2505, -0.1
2506, 0.1
2507, -0.1
2508, -0.1
2509, -0.4
2510, 0.2
2511, 0.3
2512, -0.1
2513, -0.2
2514, 0.2
2515, -0.4
2516, -0.1
2517, -0.3
2518, -0.4
2519, 0.1
2520, 0.0
2521, 0.4
2522, -0.1
2523, 0.3
2524, -0.2
2525, -0.3
2526, -0.3
2527, 0.0
2528, 0.1
2529, 0.0
2530, 0.3
2531, -0.1
2532, -0.1
2533, -0.5
2534, 0.4
2535, 0.0
2536, 0.0
2537, -0.2
2538, 0.1
2539, 0.0
2540, 0.3
2541, 0.4
2542, 0.0
2543, 0.0
2544, 0.0
2545, 0.1
2546, 0.3
2547, 0.0
2548, 0.2
2549, 0.1
2550, 0.3
2551, -0.3
2552, 0.3
2553, 0.5
2554, -0.2
2555, 0.3
2556, 0.0
2557, -0.5
2558, -0.1
2559, 0.0
2560, 0.2
2561, -0.1
2562, -0.3
2563, -0.1
2564, 0.3
2565, -0.3
2566, 0.1
2567, 0.0
2568, -0.2
2569, -0.1
2570, 0.1
2571, 0.0
2572, 0.2
2573, -0.2
2574, 0.3
2575, 0.1
2576, 0.4
2577, 0.4
2578, 0.2
2579, -0.1
2580, -0.1
2581, 0.2
2582, 0.3
2583, 0.3
2584, 0.0
2585, -0.3
2586, -0.2
2587, 0.0
2588, 0.0
2589, 0.0
2590, -0.4
2591, -0.3
2592, 0.1
2593, 0.3
2594, 0.4
2595, 0.2
2596, -0.1
2597, -0.3
2598, -0.3
2599, -0.1
2600, -0.2
2601, 0.1
2602, 0.2
2603, 0.1
2604, 0.3
2605, 0.1
2606, -0.1
2607, 0.0
2608, 0.0
2609, 0.1
2610, 0.0
2611, 0.3
2612, 0.2
2613, 0.1
2614, 0.0
2615, 0.0
2616, 0.0
2617, 0.2
2618, -0.3
2619, -0.1
2620, 0.2
2621, 0.3
2622, 0.2
2623, 0.5
2624, 0.0
2625, 0.1
2626, 0.0
2627, -0.1
2628, -0.6
2629, -0.3
2630, 0.3
2631, -0.1
2632, 0.2
2633, 0.5
2634, 0.0
2635, 0.0
2636, 0.3
2637, 0.5
2638, -0.2
2639, -0.6
2640, -0.1
2641, -0.2
2642, -0.3
2643, 0.0
2644, 0.2
2645, 0.1
2646, 0.1
2647, -0.2
2648, 0.1
2649, 0.1
2650, 0.2
2651, -0.1
2652, 0.1
2653, 0.3
2654, -0.1
2655, -0.5
2656, 0.1
2657, 0.1
2658, -0.2
2659, -0.1
2660, -0.3
2661, -0.4
2662, 0.0
2663, 0.4
2664, 0.3
2665, 0.1
2666, 0.3
2667, 0.0
2668, 0.0
2669, 0.0
2670, 0.0
2671, -0.3
2672, 0.3
2673, -0.5
2674, -0.1
2675, 0.1
2676, -0.2
2677, 0.1
2678, -0.1
2679, -0.4
2680, 0.0
2681, -0.5
2682, 0.0
2683, 0.1
2684, 0.3
2685, 0.2
2686, -0.5
2687, 0.0
2688, 0.4
2689, -0.1
2690, 0.4
2691, 0.1
2692, 0.0
2693, 0.0
2694, -0.1
2695, -0.2
2696, 0.2
2697, 0.2
2698, 0.0
2699, 0.2
2700, 0.1
2701, 0.2
2702, 0.0
2703, 0.2
2704, 0.1
2705, -0.1
2706, -0.3
2707, -0.1
2708, 0.1
2709, 0.0
2710, -0.3
2711, -0.5
2712, 0.4
2713, -0.1
2714, 0.4
2715, -0.2
2716, 0.4
2717, 0.0
2718, -0.2
2719, 0.1
2720, 0.0
2721, 0.3
2722, -0.1
2723, -0.2
2724, 0.1
2725, -0.1
2726, -0.1
2727, 0.2
2728, 0.2
2729, -0.4
2730, -0.1
2731, 0.2
2732, 0.2
2733, -0.1
2734, 0.0
2735, 0.5
2736, 0.1
2737, -0.1
2738, 0.0
2739, -0.3
2740, 0.0
2741, -0.1
2742, 0.0
2743, 0.0
2744, 0.2
2745, -0.4
2746, 0.2
2747, 0.0
2748, 0.3
2749, 0.4
2750, 0.3
2751, -0.2
2752, 0.4
2753, 0.0
2754, -0.1
2755, 0.1
2756, -0.5
2757, 0.0
2758, 0.3
2759, 0.0
2760, -0.1
2761, -0.5
2762, -0.4
2763, -0.1
2764, 0.0
2765, 0.1
2766, -0.3
2767, 0.3
2768, -0.2
2769, 0.2
2770, -0.2
2771, 0.1
2772, 0.0
2773, 0.3
2774, 0.1
2775, -0.4
2776, -0.6
2777, 0.2
2778, -0.1
2779, -0.1
2780, 0.2
2781, 0.1
2782, -0.2
2783, 0.3
2784, 0.0
2785, 0.0
2786, -0.3
2787, -0.5
2788, 0.3
2789, 0.0
2790, -0.1
2791, 0.0
2792, -0.2
2793, 0.4
2794, -0.2
2795, -0.1
2796, 0.0
2797, -0.2
2798, -0.1
2799, -0.6
2800, 0.2
2801, -0.1
2802, 0.2
2803, -0.2
2804, 0.1
2805, 0.0
2806, 0.0
2807, 0.0
2808, 0.0
2809, -0.2
2810, 0.2
2811, 0.1
2812, 0.1
2813, 0.2
2814, -0.2
2815, -0.1
2816, 0.1
2817, 0.1
2818, -0.1
2819, -0.1
2820, 0.1
2821, -0.1
2822, 0.2
2823, 0.1
2824, 0.1
2825, 0.0
2826, 0.2
2827, 0.2
2828, 0.2
2829, 0.2
2830, 0.4
2831, 0.0
2832, 0.1
2833, -0.2
2834, -0.1
2835, 0.3
2836, 0.1
2837, 0.2
2838, -0.1
2839, -0.2
2840, 0.1
2841, -0.1
2842, 0.0
2843, 0.0
2844, -0.5
2845, 0.0
2846, 0.0
2847, 0.2
2848, -0.1
2849, -0.1
2850, 0.0
2851, 0.0
2852, 0.3
2853, 0.2
2854, 0.1
2855, 0.2
2856, 0.0
2857, 0.2
2858, 0.2
2859, 0.1
2860, -0.3
2861, 0.2
2862, -0.1
2863, 0.0
2864, 0.0
2865, 0.1
2866, 0.0
2867, 0.3
2868, -0.1
2869, -0.1
2870, 0.0
2871, 0.5
2872, -0.4
2873, -0.2
2874, -0.1
2875, 0.0
2876, 0.2
2877, -0.1
2878, 0.0
2879, -0.3
2880, -0.2
2881, 0.3
2882, 0.1
2883, 0.0
2884, -0.1
2885, 0.0
2886, -0.3
2887, 0.4
2888, -0.6
2889, 0.4
2890, -0.3
2891, -0.2
2892, -0.1
2893, 0.3
2894, -0.1
2895, -0.4
2896, -0.3
2897, -0.1
2898, 0.0
2899, 0.1
2900, -0.2
2901, 0.4
2902, 0.3
2903, -0.2
2904, 0.0
2905, 0.0
2906, -0.3
2907, 0.3
2908, 0.3
2909, 0.1
2910, -0.1
2911, 0.2
2912, 0.0
2913, 0.1
2914, 0.1
2915, -0.2
2916, 0.3
2917, 0.0
2918, 0.0
2919, 0.0
2920, -0.2
2921, -0.4
2922, -0.1
2923, 0.2
2924, 0.0
2925, -0.2
2926, -0.3
2927, 0.0
2928, 0.1
2929, 0.1
2930, 0.0
2931, 0.1
2932, -0.2
2933, 0.4
2934, 0.3
2935, 0.1
2936, 0.3
2937, -0.3
2938, -0.1
2939, -0.1
2940, 0.2
2941, 0.5
2942, -0.2
2943, -0.2
2944, -0.1
2945, -0.8
2946, -0.1
2947, -0.1
2948, -0.1
2949, -0.1
2950, 0.1
2951, -0.4
2952, 0.0
2953, 0.1
2954, -0.3
2955, 0.0
2956, 0.0
2957, -0.3
2958, 0.0
2959, -0.3
2960, -0.2
2961, 0.0
2962, -0.1
2963, 0.2
2964, -0.2
2965, 0.4
2966, 0.2
2967, 0.2
2968, 0.1
2969, -0.3
2970, -0.1
2971, 0.0
2972, 0.3
2973, -0.1
2974, -0.4
2975, 0.1
2976, 0.3
2977, 0.3
2978, -0.2
2979, -0.2
2980, 0.4
2981, 0.3
2982, -0.1
2983, 0.0
2984, 0.1
2985, 0.0
2986, 0.0
2987, 0.0
2988, 0.0
2989, 0.3
2990, 0.1
2991, 0.1
2992, -0.1
2993, 0.1
2994, -0.1
2995, 0.0
2996, 0.3
2997, 0.3
2998, 0.4
2999, -0.1
3000, 0.0
3001, 0.2
3002, -0.1
3003, 0.0
3004, 0.3
3005, 0.2
3006, 0.0
3007, 0.4
3008, 0.0
3009, 0.1
3010, -0.1
3011, 0.0
3012, 0.5
3013, -0.4
3014, -0.1
3015, -0.2
3016, 0.0
3017, -0.2
3018, -0.1
3019, -0.1
3020, 0.2
3021, 0.0
3022, 0.1
3023, 0.2
3024, -0.1
3025, -0.2
3026, 0.3
3027, 0.0
3028, -0.1
3029, -0.2
3030, 0.2
3031, -0.3
3032, -0.4
3033, 0.0
3034, -0.1
3035, -0.4
3036, -0.3
3037, 0.1
3038, 0.0
3039, 0.0
3040, -0.1
3041, 0.1
3042, 0.3
3043, 0.0
3044, 0.2
3045, 0.3
3046, -0.3
3047, -0.1
3048, -0.3
3049, 0.1
3050, -0.3
3051, 0.2
3052, 0.4
3053, -0.2
3054, 0.2
3055, 0.2
3056, 0.1
3057, 0.0
3058, 0.1
3059, -0.2
3060, 0.3
3061, 0.5
3062, 0.0
3063, -0.3
3064, 0.1
3065, -0.2
3066, 0.1
3067, 0.3
3068, 0.0
3069, -0.1
3070, 0.1
3071, 0.2
3072, 0.2
3073, -0.6
3074, 0.2
3075, -0.2
3076, -0.2
3077, -0.1
3078, -0.1
3079, 0.1
3080, 0.0
3081, 0.2
3082, -0.5
3083, 0.3
3084, 0.4
3085, 0.0
3086, 0.2
3087, 0.3
3088, 0.0
3089, 0.0
3090, -0.2
3091, -0.2
3092, 0.0
3093, -0.6
3094, -0.6
3095, -0.3
3096, -0.4
3097, 0.3
3098, 0.3
3099, 0.0
3100, 0.0
3101, -0.1
3102, -0.1
3103, 0.0
3104, 0.0
3105, 0.1
3106, 0.0
3107, -0.4
3108, -0.3
3109, 0.3
3110, 0.2
3111, 0.0
3112, -0.2
3113, -0.1
3114, 0.0
3115, 0.0
3116, 0.2
3117, -0.4
3118, 0.0
3119, -0.1
3120, -0.2
3121, 0.0
3122, 0.2
3123, 0.4
3124, -0.5
3125, 0.2
3126, 0.0
3127, -0.1
3128, 0.1
3129, 0.2
3130, -0.3
3131, 0.5
3132, -0.1
3133, 0.3
3134, 0.0
3135, 0.0
3136, 0.3
3137, -0.1
3138, 0.4
3139, 0.2
3140, -0.3
3141, 0.4
3142, 0.1
3143, -0.3
3144, -0.2
3145, 0.3
3146, 0.1
3147, -0.1
3148, -0.4
3149, 0.1
3150, 0.3
3151, -0.2
3152, 0.2
3153, 0.2
3154, 0.1
3155, -0.1
3156, -0.2
3157, -0.2
3158, 0.1
3159, 0.3
3160, 0.3
3161, 0.2
3162, -0.3
3163, -0.1
3164, 0.2
3165, 0.1
3166, 0.5
3167, 0.2
3168, -0.4
3169, 0.1
3170, -0.2
3171, 0.1
3172, -0.2
3173, -0.3
3174, -0.1
3175, 0.3
3176, 0.0
3177, -0.3
3178, 0.0
3179, 0.1
3180, -0.5
3181, -0.3
3182, 0.2
3183, 0.3
3184, 0.2
3185, 0.1
3186, 0.1
3187, 0.1
3188, 0.2
3189, 0.1
3190, 0.2
3191, 0.3
3192, -0.7
3193, 0.1
3194, 0.1
3195, 0.2
3196, 0.1
3197, 0.2
3198, -0.3
3199, 0.1
3200, 0.0
3201, 0.3
3202, -0.1
3203, 0.2
3204, 0.0
3205, 0.1
3206, 0.2
3207, 0.1
3208, 0.1
3209, 0.4
3210, -0.2
3211, 0.1
3212, 0.2
3213, -0.3
3214, 0.4
3215, 0.1
3216, 0.2
3217, 0.3
3218, 0.0
3219, -0.2
3220, 0.2
3221, -0.3
3222, -0.1
3223, 0.0
3224, -0.3
3225, 0.1
3226, 0.0
3227, 0.2
3228, 0.2
3229, 0.1
3230, -0.2
3231, 0.3
3232, -0.1
3233, -0.1
3234, -0.2
3235, 0.2
3236, 0.0
3237, 0.2
3238, 0.2
3239, 0.0
3240, 0.0
3241, 0.3
3242, 0.1
3243, -0.2
3244, -0.1
3245, 0.3
3246, 0.4
3247, -0.2
3248, -0.4
3249, 0.0
3250, 0.3
3251, -0.3
3252, -0.1
3253, -0.2
3254, 0.2
3255, 0.0
3256, 0.3
3257, 0.0
3258, 0.2
3259, -0.1
3260, 0.4
3261, 0.0
3262, 0.0
3263, 0.0
3264, 0.0
3265, -0.1
3266, 0.2
3267, 0.1
3268, -0.4
3269, -0.2
3270, 0.3
3271, 0.0
3272, -0.1
3273, 0.1
3274, -0.4
3275, 0.0
3276, 0.0
3277, -0.1
3278, -0.3
3279, -0.2
3280, 0.3
3281, 0.0
3282, 0.2
3283, -0.3
3284, -0.2
3285, 0.1
3286, 0.1
3287, -0.1
3288, 0.2
3289, 0.1
3290, 0.0
3291, 0.1
3292, 0.0
3293, -0.2
3294, 0.1
3295, 0.2
3296, 0.1
3297, -0.2
3298, 0.1
3299, 0.5
3300, 0.1
3301, 0.1
3302, -0.3
3303, -0.2
3304, -0.1
3305, -0.4
3306, 0.0
3307, 0.2
3308, 0.4
3309, -0.1
3310, 0.3
3311, 0.0
3312, -0.1
3313, -0.2
3314, 0.0
3315, 0.1
3316, -0.3
3317, 0.0
3318, 0.0
3319, 0.2
3320, 0.2
3321, 0.0
3322, 0.2
3323, 0.4
3324, 0.3
3325, 0.0
3326, -0.1
3327, -0.1
3328, 0.0
3329, 0.2
3330, 0.0
3331, 0.3
3332, 0.1
3333, -0.2
3334, 0.3
3335, -0.2
3336, 0.0
3337, -0.2
3338, -0.2
3339, 0.1
3340, 0.1
3341, 0.2
3342, 0.1
3343, 0.0
3344, -0.3
3345, 0.3
3346, -0.1
3347, -0.2
3348, 0.0
3349, 0.1
3350, -0.4
3351, 0.1
3352, -0.1
3353, 0.2
3354, -0.3
3355, 0.1
3356, 0.0
3357, -0.3
3358, 0.1
3359, 0.2
3360, 0.1
3361, -0.2
3362, 0.3
3363, 0.0
3364, 0.4
3365, -0.2
3366, 0.0
3367, -0.2
3368, 0.0
3369, 0.1
3370, -0.5
3371, -0.1
3372, -0.3
3373, -0.2
3374, 0.0
3375, 0.1
3376, 0.1
3377, 0.2
3378, 0.0
3379, -0.1
3380, 0.2
3381, -0.5
3382, 0.0
3383, 0.3
3384, -0.1
3385, 0.0
3386, -0.2
3387, -0.2
3388, -0.2
3389, -0.2
3390, -0.2
3391, 0.2
3392, 0.0
3393, -0.1
3394, 0.2
3395, 0.0
3396, -0.1
3397, 0.4
3398, 0.2
3399, 0.0
3400, 0.1
3401, 0.2
3402, -0.5
3403, 0.1
3404, -0.3
3405, -0.2
3406, 0.1
3407, -0.2
3408, 0.0
3409, 0.2
3410, 0.5
3411, 0.0
3412, 0.1
3413, -0.2
3414, -0.3
3415, 0.2
3416, -0.1
3417, -0.5
3418, 0.1
3419, -0.1
3420, 0.3
3421, -0.3
3422, 0.5
3423, 0.1
3424, 0.4
3425, 0.0
3426, -0.5
3427, -0.2
3428, -0.3
3429, 0.0
3430, 0.3
3431, 0.2
3432, 0.2
3433, -0.1
3434, 0.1
3435, 0.2
3436, 0.2
3437, -0.1
3438, 0.0
3439, -0.2
3440, -0.1
3441, -0.1
3442, 0.0
3443, -0.3
3444, -0.3
3445, 0.0
3446, -0.2
3447, 0.2
3448, 0.1
3449, -0.3
3450, 0.1
3451, -0.3
3452, 0.0
3453, -0.1
3454, -0.5
3455, 0.2
3456, 0.1
3457, 0.0
3458, 0.4
3459, 0.2
3460, 0.1
3461, -0.1
3462, 0.1
3463, 0.3
3464, 0.0
3465, -0.4
3466, -0.2
3467, 0.2
3468, -0.1
3469, -0.2
3470, -0.6
3471, 0.1
3472, -0.1
3473, 0.1
3474, -0.1
3475, 0.0
3476, -0.3
3477, -0.4
3478, 0.0
3479, 0.4
3480, 0.0
3481, 0.0
3482, 0.3
3483, -0.6
3484, 0.2
3485, 0.5
3486, -0.1
3487, 0.0
3488, 0.2
3489, 0.2
3490, 0.3
3491, 0.0
3492, -0.2
3493, 0.0
3494, 0.2
3495, 0.2
3496, 0.3
3497, -0.4
3498, 0.3
3499, -0.4
3500, -0.2
3501, 0.1
3502, 0.3
3503, -0.4
3504, 0.2
3505, 0.3
3506, 0.3
3507, 0.0
3508, 0.1
3509, -0.3
3510, 0.0
3511, 0.5
3512, 0.2
3513, 0.0
3514, 0.2
3515, -0.2
3516, 0.3
3517, 0.3
3518, 0.1
3519, -0.1
3520, -0.2
3521, -0.3
3522, 0.0
3523, 0.1
3524, 0.3
3525, 0.0
3526, -0.3
3527, -0.2
3528, 0.1
3529, 0.2
3530, 0.1
3531, 0.0
3532, 0.3
3533, 0.2
3534, -0.1
3535, 0.3
3536, 0.0
3537, 0.1
3538, 0.0
3539, 0.0
3540, -0.2
3541, 0.2
3542, 0.2
3543, -0.1
3544, 0.2
3545, 0.4
3546, -0.1
3547, -0.1
3548, 0.1
3549, 0.2
3550, 0.1
3551, -0.4
3552, 0.2
3553, 0.0
3554, -0.2
3555, 0.1
3556, -0.3
3557, -0.1
3558, -0.2
3559, 0.0
3560, 0.0
3561, 0.2
3562, -0.3
3563, 0.1
3564, -0.4
3565, -0.3
3566, 0.0
3567, -0.3
3568, 0.2
3569, -0.5
3570, 0.1
3571, 0.0
3572, 0.1
3573, -0.4
3574, -0.3
3575, 0.2
3576, -0.3
3577, 0.4
3578, -0.4
3579, 0.4
3580, -0.1
3581, -0.1
3582, 0.2
3583, -0.4
3584, -0.3
3585, -0.2
3586, 0.3
3587, -0.2
3588, 0.0
3589, -0.4
3590, 0.1
3591, -0.2
3592, 0.1
3593, 0.2
3594, -0.2
3595, 0.1
3596, 0.1
3597, -0.2
3598, 0.2
3599, -0.1
3600, -0.1
3601, -0.1
3602, -0.3
3603, 0.0
3604, 0.0
3605, 0.0
3606, -0.1
3607, 0.0
3608, -0.4
3609, -0.3
3610, 0.0
3611, -0.1
3612, -0.4
3613, 0.0
3614, 0.3
3615, 0.3
3616, 0.0
3617, 0.1
3618, 0.0
3619, -0.4
3620, 0.0
3621, 0.2
3622, 0.4
3623, 0.3
3624, 0.1
3625, -0.2
3626, -0.2
3627, -0.1
3628, -0.2
3629, -0.1
3630, -0.1
3631, -0.1
3632, -0.3
3633, -0.2
3634, 0.0
3635, -0.1
3636, 0.1
3637, -0.2
3638, -0.4
3639, 0.0
3640, 0.1
3641, -0.3
3642, -0.1
3643, -0.1
3644, 0.1
3645, -0.4
3646, 0.3
3647, 0.0
3648, 0.2
3649, 0.2
3650, -0.1
3651, 0.1
3652, 0.1
3653, -0.3
3654, 0.2
3655, -0.1
3656, 0.1
3657, 0.3
3658, 0.0
3659, -0.3
3660, 0.2
3661, -0.2
3662, 0.5
3663, 0.4
3664, 0.1
3665, -0.3
3666, -0.2
3667, 0.0
3668, 0.1
3669, -0.2
3670, -0.2
3671, 0.0
3672, -0.4
3673, 0.4
3674, 0.1
3675, 0.1
3676, 0.3
3677, 0.0
3678, 0.1
3679, -0.3
3680, -0.3
3681, -0.2
3682, -0.1
3683, -0.3
3684, -0.2
3685, -0.5
3686, -0.1
3687, 0.2
3688, -0.2
3689, -0.1
3690, -0.1
3691, -0.1
3692, 0.2
3693, 0.1
3694, 0.0
3695, 0.2
3696, -0.1
3697, 0.4
3698, 0.2
3699, -0.5
3700, 0.3
3701, 0.1
3702, 0.2
3703, 0.0
3704, -0.2
3705, 0.2
3706, 0.3
3707, 0.2
3708, 0.1
3709, 0.3
3710, -0.3
3711, 0.0
3712, 0.5
3713, 0.4
3714, 0.0
3715, -0.4
3716, -0.1
3717, 0.5
3718, 0.2
3719, -0.1
3720, 0.1
3721, 0.3
3722, 0.0
3723, 0.0
3724, 0.1
3725, 0.3
3726, 0.0
3727, 0.2
3728, -0.2
3729, 0.3
3730, 0.1
3731, 0.1
3732, -0.2
3733, 0.0
3734, 0.0
3735, 0.1
3736, 0.1
3737, 0.2
3738, 0.2
3739, 0.1
3740, 0.0
3741, 0.2
3742, -0.2
3743, -0.3
3744, -0.1
3745, -0.3
3746, 0.2
3747, 0.3
3748, 0.1
3749, -0.3
3750, -0.1
3751, 0.0
3752, -0.1
3753, 0.5
3754, -0.1
3755, 0.0
3756, 0.1
3757, 0.1
3758, 0.3
3759, -0.1
3760, -0.2
3761, 0.1
3762, 0.2
3763, -0.5
3764, -0.1
3765, 0.3
3766, 0.2
3767, -0.1
3768, -0.1
3769, -0.1
3770, -0.5
3771, -0.1
3772, 0.2
3773, 0.1
3774, 0.0
3775, 0.0
3776, -0.1
3777, -0.1
3778, -0.3
3779, 0.1
3780, -0.1
3781, 0.2
3782, -0.2
3783, -0.1
3784, 0.4
3785, -0.1
3786, 0.2
3787, -0.5
3788, 0.2
3789, 0.0
3790, -0.2
3791, -0.3
3792, -0.1
3793, 0.4
3794, 0.1
3795, 0.2
3796, 0.5
3797, 0.0
3798, 0.2
3799, -0.1
3800, -0.1
3801, -0.3
3802, 0.0
3803, -0.1
3804, 0.1
3805, -0.1
3806, -0.1
3807, -0.1
3808, -0.4
3809, 0.1
3810, -0.1
3811, 0.4
3812, -0.1
3813, -0.1
3814, 0.2
3815, 0.0
3816, -0.2
3817, 0.4
3818, 0.3
3819, -0.3
3820, -0.1
3821, 0.2
3822, 0.2
3823, 0.3
3824, -0.1
3825, 0.2
3826, 0.1
3827, -0.1
3828, -0.2
3829, 0.2
3830, -0.1
3831, -0.1
3832, 0.2
3833, 0.3
3834, -0.6
3835, 0.4
3836, -0.1
3837, 0.1
3838, 0.3
3839, 0.3
3840, -0.2
3841, -0.4
3842, -0.1
3843, 0.0
3844, -0.3
3845, 0.2
3846, 0.0
3847, 0.0
3848, -0.1
3849, -0.1
3850, 0.1
3851, -0.1
3852, 0.0
3853, 0.0
3854, 0.0
3855, -0.3
3856, -0.6
3857, 0.1
3858, -0.2
3859, 0.2
3860, -0.2
3861, -0.1
3862, 0.1
3863, 0.1
3864, 0.3
3865, -0.2
3866, 0.0
3867, 0.1
3868, 0.3
3869, 0.1
3870, -0.1
3871, -0.3
3872, 0.0
3873, -0.3
3874, 0.5
3875, 0.0
3876, -0.2
3877, -0.1
3878, 0.4
3879, -0.3
3880, -0.1
3881, -0.2
3882, -0.2
3883, -0.1
3884, -0.1
3885, 0.0
3886, 0.3
3887, -0.4
3888, 0.2
3889, 0.1
3890, 0.2
3891, 0.1
3892, -0.1
3893, 0.4
3894, -0.2
3895, 0.2
3896, -0.1
3897, 0.1
3898, -0.1
3899, -0.2
3900, -0.1
3901, 0.1
3902, 0.0
3903, 0.0
3904, 0.0
3905, -0.1
3906, -0.1
3907, 0.1
3908, 0.0
3909, -0.2
3910, 0.1
3911, 0.0
3912, -0.3
3913, -0.3
3914, -0.2
3915, -0.1
3916, -0.1
3917, 0.1
3918, 0.0
3919, 0.0
3920, 0.1
3921, -0.2
3922, 0.2
3923, -0.2
3924, 0.2
3925, -0.1
3926, -0.2
3927, 0.1
3928, -0.3
3929, -0.1
3930, 0.3
3931, 0.1
3932, 0.1
3933, 0.2
3934, 0.1
3935, 0.3
3936, 0.0
3937, 0.0
3938, -0.1
3939, -0.1
3940, -0.5
3941, 0.0
3942, -0.4
3943, -0.2
3944, 0.3
3945, -0.3
3946, -0.1
3947, 0.0
3948, 0.4
3949, 0.2
3950, 0.3
3951, 0.2
3952, -0.2
3953, -0.1
3954, -0.2
3955, 0.1
3956, -0.4
3957, -0.2
3958, -0.1
3959, -0.1
3960, -0.2
3961, -0.3
3962, -0.2
3963, -0.3
3964, 0.2
3965, 0.1
3966, 0.2
3967, 0.1
3968, 0.0
3969, 0.3
3970, -0.1
3971, -0.3
3972, -0.1
3973, -0.4
3974, 0.1
3975, 0.5
3976, -0.2
3977, -0.1
3978, -0.2
3979, 0.0
3980, -0.1
3981, 0.0
3982, -0.1
3983, 0.2
3984, 0.1
3985, 0.2
3986, 0.3
3987, 0.3
3988, 0.0
3989, 0.0
3990, 0.2
3991, -0.3
3992, 0.1
3993, 0.1
3994, 0.1
3995, 0.0
3996, 0.0
3997, -0.2
3998, 0.1
3999, -0.3
