0, 0.2
1, 0.4
2, 0.3
3, 0.0
4, 0.3
5, 0.2
6, 0.0
7, 0.4
8, 0.0
9, -0.7
10, 0.1
11, 0.3
12, 0.2
13, 0.1
14, -0.1
15, -0.1
16, -0.4
17, -0.3
18, 0.1
19, 0.3
20, 0.3
21, 0.0
22, 0.0
23, 0.1
24, 0.0
25, -0.3
26, -0.1
27, 0.2
28, 0.1
29, 0.2
30, 0.1
31, -0.4
32, 0.0
33, -0.1
34, 0.2
35, 0.3
36, -0.2
37, 0.2
38, -0.3
39, 0.3
40, 0.0
41, -0.3
42, 0.5
43, 0.2
44, -0.1
45, 0.1
46, 0.0
47, 0.2
48, -0.1
49, 0.5
50, -0.2
51, -0.2
52, -0.1
53, -0.1
54, 0.3
55, 0.3
56, -0.2
57, -0.2
58, 0.1
59, -0.1
60, -0.3
61, 0.2
62, -0.2
63, 0.2
64, 0.2
65, -0.1
66, -0.1
67, -0.2
68, 0.2
69, 0.0
70, -0.1
71, 0.0
72, 0.0
73, 0.2
74, 0.2
75, -0.2
76, 0.0
77, 0.2
78, -0.4
79, -0.1
80, -0.3
81, -0.2
82, 0.4
83, -0.3
84, -0.3
85, 0.0
86, 0.0
87, -0.3
88, -0.4
89, 0.2
90, -0.2
91, -0.1
92, 0.2
93, 0.3
94, 0.1
95, 0.0
96, -0.2
97, 0.1
98, 0.0
99, -0.3
100, 0.0
101, 0.0
102, 0.3
103, -0.2
104, 0.3
105, 0.1
106, 0.2
107, 0.1
108, -0.1
109, -0.1
110, -0.3
111, 0.0
112, -0.1
113, 0.1
114, 0.0
115, -0.1
116, 0.0
117, -0.1
118, -0.3
119, -0.1
120, 0.5
121, 0.1
122, -0.1
123, 0.2
124, 0.3
125, 0.0
126, 0.0
127, 0.1
128, -0.2
129, 0.0
130, -0.3
131, 0.1
132, -0.2
133, -0.4
134, -0.1
135, 0.0
136, -0.4
137, -0.4
138, 0.4
139, 0.1
140, 0.0
141, 0.1
142, -0.5
143, 0.3
144, -0.1
145, 0.2
146, -0.2
147, 0.2
148, 0.3
149, 0.2
150, -0.1
151, 0.0
152, -0.2
153, -0.2
154, 0.1
155, -0.3
156, 0.1
157, 0.1
158, -0.3
159, 0.1
160, 0.4
161, 0.0
162, 0.0
163, -0.2
164, -0.2
165, 0.2
166, 0.3
167, -0.2
168, 0.3
169, 0.0
170, 0.2
171, 0.0
172, 0.5
173, 0.1
174, 0.1
175, 0.1
176, -0.1
177, 0.1
178, 0.2
179, -0.1
180, 0.1
181, -0.1
182, -0.2
183, 0.0
184, 0.0
185, -0.3
186, 0.2
187, 0.0
188, -0.4
189, -0.2
190, -0.1
191, 0.0
192, 0.0
193, 0.0
194, 0.0
195, -0.1
196, -0.1
197, 0.0
198, 0.0
199, -0.3
200, 0.1
201, -0.2
202, 0.1
203, -0.1
204, 0.2
205, -0.1
206, 0.1
207, -0.1
208, 0.1
209, 0.2
210, 0.0
211, 0.1
212, -0.3
213, 0.1
214, 0.0
215, 0.3
216, -0.2
217, 0.1
218, -0.4
219, 0.0
220, 0.1
221, 0.2
222, 0.2
223, 0.2
224, -0.1
225, 0.1
226, -0.5
227, -0.2
228, 0.4
229, -0.2
230, 0.2
231, 0.1
232, 0.3
233, 0.2
234, -0.3
235, -0.3
236, 0.2
237, -0.5
238, 0.0
239, 0.0
240, -0.1
241, -0.4
242, 0.2
243, 0.3
244, 0.1
245, -0.3
246, 0.4
247, -0.1
248, 0.1
249, 0.0
250, 0.2
251, -0.3
252, -0.2
253, -0.1
254, -0.3
255, -0.1
256, 0.3
257, 0.1
258, 0.0
259, 0.1
260, -0.1
261, 0.3
262, 0.2
263, 0.3
264, 0.3
265, -0.1
266, -0.2
267, -0.3
268, 0.1
269, -0.2
270, 0.0
271, 0.0
272, -0.1
273, -0.3
274, -0.2
275, -0.1
276, 0.3
277, -0.1
278, -0.4
279, 0.1
280, 0.4
281, 0.0
282, 0.0
283, -0.1
284, -0.1
285, 0.3
286, 0.0
287, -0.2
288, -0.3
289, 0.0
290, 0.1
291, 0.1
292, 0.2
293, 0.2
294, 0.1
295, 0.0
296, 0.0
297, 0.3
298, -0.1
299, 0.1
300, -0.3
301, 0.2
302, -0.3
303, 0.3
304, 0.1
305, -0.9
306, -0.1
307, 0.1
308, -0.3
309, -0.5
310, -0.1
311, -0.1
312, 0.3
313, 0.2
314, 0.1
315, 0.3
316, 0.0
317, 0.2
318, 0.1
319, 0.0
320, 0.1
321, -0.2
322, 0.0
323, -0.1
324, -0.1
325, -0.1
326, 0.5
327, 0.1
328, -0.5
329, -0.2
330, 0.2
331, 0.3
332, -0.1
333, 0.0
334, 0.0
335, 0.1
336, 0.2
337, 0.1
338, 0.2
339, 0.5
340, 0.1
341, -0.2
342, -0.2
343, 0.2
344, -0.4
345, -0.2
346, -0.1
347, -0.1
348, -0.1
349, -0.1
350, -0.3
351, 0.0
352, -0.1
353, 0.0
354, 0.3
355, -0.1
356, 0.1
357, 0.3
358, 0.3
359, 0.3
360, 0.1
361, 0.1
362, -0.2
363, 0.0
364, -0.3
365, 0.3
366, -0.1
367, 0.0
368, 0.0
369, -0.1
370, -0.1
371, 0.3
372, -0.2
373, 0.1
374, 0.1
375, 0.0
376, 0.0
377, 0.0
378, 0.0
379, 0.0
380, 0.1
381, -0.4
382, -0.1
383, 0.3
384, -0.2
385, 0.3
386, 0.1
387, 0.2
388, -0.1
389, 0.0
390, 0.1
391, -0.2
392, -0.2
393, -0.2
394, 0.0
395, 0.0
396, 0.0
397, -0.4
398, -0.1
399, -0.1
400, 0.1
401, -0.4
402, 0.3
403, 0.4
404, 0.1
405, 0.0
406, -0.2
407, 0.1
408, 0.2
409, -0.1
410, 0.2
411, -0.3
412, -0.1
413, 0.1
414, -0.2
415, 0.2
416, -0.2
417, -0.3
418, 0.3
419, -0.4
420, 0.4
421, -0.4
422, 0.0
423, 0.0
424, 0.3
425, 0.0
426, 0.1
427, 0.1
428, 0.1
429, 0.2
430, 0.1
431, 0.1
432, 0.1
433, 0.0
434, 0.1
435, -0.2
436, -0.2
437, -0.2
438, -0.4
439, 0.2
440, 0.0
441, 0.2
442, 0.0
443, 0.1
444, 0.1
445, 0.0
446, 0.4
447, -0.6
448, -0.2
449, 0.2
450, 0.1
451, 0.4
452, -0.4
453, 0.3
454, 0.0
455, 0.2
456, 0.2
457, 0.2
458, 0.2
459, 0.2
460, -0.1
461, 0.3
462, 0.4
463, -0.2
464, 0.2
465, 0.0
466, 0.5
467, 0.2
468, 0.1
469, -0.5
470, 0.1
471, -0.1
472, 0.0
473, 0.1
474, 0.1
475, -0.4
476, 0.1
477, -0.2
478, -0.3
479, -0.1
480, -0.2
481, 0.0
482, -0.4
483, 0.4
484, 0.1
485, -0.3
486, 0.1
487, 0.0
488, -0.1
489, -0.5
490, 0.3
491, 0.0
492, 0.0
493, -0.3
494, 0.3
495, 0.0
496, 0.3
497, 0.0
498, -0.1
499, 0.1
500, -0.1
501, -0.2
502, 0.1
503, -0.2
504, 0.0
505, 0.0
506, 0.0
507, -0.2
508, 0.1
509, -0.2
510, 0.1
511, 0.0
512, 0.1
513, -0.1
514, -0.2
515, 0.3
516, -0.1
517, 0.3
518, 0.2
519, 0.2
520, -0.2
521, -0.4
522, -0.4
523, 0.1
524, 0.1
525, -0.5
526, 0.1
527, 0.0
528, 0.0
529, 0.1
530, -0.1
531, -0.3
532, 0.2
533, -0.3
534, 0.3
535, 0.2
536, -0.2
537, 0.2
538, 0.2
539, -0.1
540, 0.0
541, 0.0
542, -0.2
543, 0.0
544, -0.1
545, 0.2
546, -0.1
547, 0.2
548, -0.3
549, 0.1
550, 0.0
551, -0.1
552, -0.1
553, 0.0
554, 0.0
555, 0.4
556, -0.3
557, -0.3
558, 0.3
559, 0.1
560, -0.1
561, -0.3
562, 0.0
563, 0.0
564, 0.1
565, 0.2
566, 0.0
567, -0.2
568, 0.1
569, -0.2
570, 0.1
571, -0.1
572, -0.2
573, 0.2
574, 0.2
575, 0.3
576, 0.0
577, -0.1
578, 0.0
579, 0.0
580, 0.2
581, -0.1
582, 0.1
583, 0.0
584, -0.1
585, -0.1
586, 0.2
587, 0.1
588, 0.0
589, -0.3
590, 0.4
591, 0.1
592, -0.2
593, -0.1
594, 0.2
595, -0.1
596, -0.3
597, 0.0
598, 0.2
599, 0.3
600, -0.2
601, 0.2
602, 0.2
603, -0.6
604, 0.1
605, 0.0
606, 0.0
607, -0.3
608, 0.0
609, -0.2
610, -0.1
611, 0.3
612, 0.2
613, 0.0
614, -0.1
615, -0.2
616, -0.5
617, 0.0
618, -0.4
619, 0.1
620, 0.3
621, 0.1
622, -0.3
623, -0.2
624, 0.0
625, -0.3
626, 0.1
627, 0.0
628, 0.0
629, 0.0
630, 0.4
631, -0.5
632, -0.1
633, 0.1
634, 0.1
635, 0.2
636, 0.2
637, 0.1
638, -0.2
639, 0.3
640, 0.0
641, 0.1
642, 0.1
643, 0.2
644, 0.1
645, -0.2
646, -0.1
647, -0.1
648, -0.1
649, 0.2
650, -0.1
651, -0.1
652, -0.1
653, 0.1
654, 0.2
655, 0.2
656, -0.5
657, -0.3
658, 0.0
659, -0.3
660, 0.2
661, 0.2
662, 0.4
663, -0.1
664, 0.3
665, 0.1
666, 0.3
667, 0.1
668, 0.2
669, 0.0
670, -0.3
671, -0.1
672, -0.1
673, 0.2
674, -0.1
675, 0.0
676, -0.1
677, -0.3
678, 0.0
679, -0.2
680, 0.5
681, -0.4
682, 0.1
683, -0.3
684, 0.1
685, 0.0
686, 0.1
687, 0.0
688, 0.2
689, 0.2
690, -0.2
691, 0.2
692, 0.2
693, -0.4
694, 0.1
695, -0.1
696, 0.4
697, 0.2
698, 0.2
699, -0.2
700, 0.1
701, 0.2
702, -0.4
703, 0.0
704, 0.3
705, -0.2
706, -0.7
707, 0.0
708, 0.3
709, 0.0
710, -0.1
711, 0.1
712, 0.2
713, -0.4
714, 0.2
715, 0.2
716, -0.2
717, 0.1
718, -0.2
719, -0.1
720, 0.2
721, -0.3
722, -0.1
723, 0.4
724, -0.5
725, -0.3
726, -0.1
727, 0.1
728, 0.1
729, 0.1
730, -0.2
731, 0.3
732, -0.3
733, 0.3
734, -0.4
735, 0.1
736, -0.1
737, 0.2
738, -0.2
739, 0.0
740, -0.3
741, 0.3
742, -0.1
743, 0.3
744, 0.0
745, -0.2
746, -0.1
747, 0.5
748, -0.1
749, 0.0
750, -0.3
751, 0.2
752, 0.1
753, 0.2
754, 0.1
755, -0.1
756, 0.1
757, 0.3
758, 0.0
759, -0.1
760, 0.1
761, 0.2
762, -0.5
763, 0.5
764, 0.2
765, -0.2
766, 0.1
767, -0.2
768, 0.2
769, 0.1
770, 0.3
771, 0.3
772, -0.2
773, 0.1
774, -0.1
775, -0.5
776, -0.2
777, 0.2
778, 0.1
779, -0.2
780, 0.0
781, 0.2
782, 0.2
783, 0.1
784, -0.1
785, -0.4
786, 0.1
787, -0.3
788, 0.0
789, -0.4
790, 0.0
791, 0.1
792, -0.2
793, 0.1
794, -0.1
795, -0.4
796, 0.1
797, 0.0
798, 0.1
799, 0.0
800, -0.1
801, 0.1
802, 0.1
803, 0.1
804, 0.0
805, 0.2
806, 0.3
807, -0.2
808, -0.5
809, 0.0
810, 0.1
811, 0.2
812, -0.1
813, 0.0
814, -0.1
815, 0.1
816, -0.1
817, -0.1
818, -0.4
819, 0.2
820, 0.0
821, 0.0
822, 0.0
823, -0.4
824, 0.0
825, 0.3
826, -0.5
827, 0.0
828, -0.2
829, 0.1
830, 0.3
831, -0.2
832, -0.2
833, -0.1
834, 0.3
835, -0.4
836, -0.3
837, -0.1
838, -0.4
839, -0.4
840, 0.2
841, 0.0
842, 0.1
843, 0.2
844, -0.2
845, -0.2
846, -0.3
847, 0.1
848, 0.1
849, 0.1
850, -0.2
851, 0.3
852, 0.2
853, -0.4
854, -0.2
855, 0.1
856, 0.2
857, 0.4
858, 0.1
859, 0.2
860, 0.1
861, 0.1
862, 0.1
863, 0.0
864, 0.2
865, -0.3
866, 0.0
867, 0.2
868, -0.2
869, 0.5
870, 0.1
871, 0.0
872, 0.2
873, -0.2
874, 0.4
875, 0.1
876, 0.3
877, 0.1
878, -0.3
879, 0.3
880, 0.2
881, 0.3
882, 0.2
883, 0.0
884, -0.1
885, -0.2
886, 0.3
887, -0.2
888, -0.2
889, 0.3
890, 0.1
891, 0.2
892, 0.0
893, 0.0
894, 0.5
895, -0.1
896, 0.1
897, 0.3
898, 0.1
899, -0.1
900, 0.2
901, -0.1
902, 0.0
903, -0.2
904, -0.2
905, 0.2
906, 0.1
907, 0.0
908, -0.2
909, 0.0
910, 0.2
911, 0.2
912, 0.3
913, 0.2
914, 0.1
915, 0.1
916, 0.1
917, -0.2
918, -0.2
919, 0.0
920, -0.1
921, 0.4
922, -0.1
923, -0.4
924, -0.3
925, 0.1
926, -0.3
927, 0.4
928, 0.0
929, -0.3
930, 0.2
931, -0.2
932, -0.2
933, -0.3
934, 0.1
935, 0.0
936, -0.4
937, 0.1
938, -0.2
939, 0.3
940, -0.5
941, -0.5
942, -0.1
943, 0.2
944, 0.1
945, -0.5
946, 0.1
947, -0.5
948, -0.3
949, 0.1
950, 0.2
951, -0.1
952, 0.2
953, 0.3
954, 0.1
955, 0.2
956, -0.1
957, -0.2
958, 0.0
959, 0.2
960, 0.1
961, -0.1
962, 0.2
963, 0.0
964, 0.1
965, -0.3
966, 0.3
967, -0.2
968, -0.4
969, 0.4
970, 0.3
971, 0.3
972, 0.0
973, 0.3
974, 0.1
975, 0.3
976, 0.0
977, -0.3
978, 0.2
979, -0.3
980, -0.1
981, 0.3
982, -0.2
983, 0.4
984, 0.1
985, -0.1
986, 0.2
987, 0.0
988, 0.0
989, 0.0
990, -0.6
991, -0.1
992, 0.0
993, 0.1
994, 0.2
995, -0.4
996, 0.2
997, -0.2
998, 0.1
999, 0.4
1000, -0.1
1001, 0.4
1002, 0.0
1003, 0.3
1004, 0.2
1005, -0.2
1006, 0.1
1007, -0.2
1008, 0.1
1009, -0.3
1010, 0.2
1011, -0.5
1012, 0.1
1013, -0.3
1014, 0.1
1015, 0.2
1016, 0.0
1017, -0.1
1018, 0.1
1019, -0.3
1020, -0.3
1021, 0.1
1022, 0.2
1023, 0.0
1024, -0.4
1025, 0.0
1026, -0.2
1027, 0.3
1028, 0.1
1029, 0.2
1030, 0.0
1031, 0.5
1032, 0.0
1033, -0.4
1034, 0.0
1035, 0.2
1036, 0.0
1037, -0.2
1038, 0.1
1039, 0.2
1040, 0.1
1041, -0.2
1042, 0.1
1043, 0.0
1044, -0.6
1045, -0.3
1046, -0.6
1047, 0.1
1048, 0.4
1049, 0.3
1050, 0.4
1051, -0.3
1052, 0.3
1053, -0.4
1054, 0.0
1055, -0.3
1056, 0.3
1057, -0.2
1058, 0.1
1059, 0.3
1060, -0.1
1061, -0.2
1062, 0.1
1063, 0.1
1064, -0.7
1065, -0.3
1066, -0.2
1067, 0.3
1068, 0.2
1069, 0.1
1070, 0.0
1071, -0.1
1072, 0.2
1073, 0.0
1074, -0.1
1075, 0.0
1076, 0.2
1077, 0.1
1078, 0.3
1079, -0.1
1080, -0.4
1081, 0.0
1082, -0.1
1083, 0.2
1084, 0.0
1085, 0.2
1086, 0.1
1087, -0.2
1088, 0.3
1089, 0.0
1090, 0.2
1091, -0.2
1092, 0.3
1093, 0.1
1094, 0.0
1095, 0.2
1096, -0.1
1097, 0.0
1098, 0.2
1099, 0.1
1100, -0.2
1101, 0.3
1102, -0.2
1103, 0.1
1104, 0.2
1105, 0.2
1106, -0.1
1107, -0.1
1108, 0.1
1109, -0.4
1110, 0.3
1111, 0.1
1112, 0.2
1113, 0.2
1114, -0.5
1115, -0.1
1116, 0.3
1117, -0.2
1118, -0.1
1119, -0.1
1120, 0.5
1121, -0.1
1122, -0.2
1123, 0.0
1124, 0.0
1125, 0.0
1126, -0.1
1127, 0.1
1128, -0.2
1129, -0.4
1130, 0.1
1131, 0.2
1132, -0.3
1133, 0.0
1134, 0.2
1135, 0.1
1136, 0.1
1137, -0.4
1138, 0.1
1139, -0.2
1140, 0.0
1141, -0.1
1142, 0.0
1143, 0.2
1144, 0.1
1145, 0.2
1146, -0.1
1147, 0.1
1148, -0.1
1149, -0.5
1150, -0.4
1151, -0.2
1152, -0.5
1153, 0.3
1154, 0.4
1155, -0.1
1156, 0.0
1157, 0.1
1158, 0.0
1159, -0.2
1160, 0.1
1161, 0.1
1162, -0.1
1163, 0.3
1164, 0.0
1165, 0.1
1166, -0.6
1167, -0.2
1168, 0.2
1169, 0.2
1170, 0.1
1171, 0.1
1172, -0.1
1173, -0.2
1174, 0.1
1175, 0.3
1176, 0.1
1177, 0.3
1178, 0.0
1179, 0.1
1180, 0.3
1181, 0.0
1182, 0.3
1183, 0.1
1184, -0.1
1185, -0.1
1186, -0.1
1187, 0.3
1188, 0.3
1189, -0.2
1190, -0.1
1191, -0.4
1192, -0.1
1193, -0.3
1194, 0.2
1195, -0.1
1196, -0.4
1197, -0.4
1198, 0.3
1199, -0.3
1200, 0.2
1201, 0.3
1202, -0.1
1203, 0.0
1204, 0.2
1205, -0.1
1206, 0.0
1207, 0.4
1208, 0.2
1209, 0.0
1210, -0.2
1211, 0.0
1212, 0.3
1213, 0.2
1214, -0.1
1215, 0.0
1216, -0.3
1217, 0.2
1218, -0.1
1219, -0.4
1220, -0.2
1221, -0.3
1222, -0.1
1223, 0.0
1224, -0.1
1225, -0.2
1226, 0.1
1227, -0.2
1228, 0.3
1229, 0.0
1230, 0.2
1231, -0.1
1232, 0.1
1233, 0.2
1234, 0.1
1235, -0.4
1236, 0.2
1237, 0.3
1238, -0.1
1239, 0.2
1240, 0.2
1241, 0.0
1242, 0.0
1243, 0.1
1244, 0.1
1245, 0.0
1246, 0.4
1247, -0.2
1248, 0.2
1249, 0.0
1250, 0.0
1251, -0.4
1252, 0.4
1253, 0.2
1254, 0.3
1255, 0.1
1256, 0.1
1257, 0.0
1258, 0.3
1259, -0.4
1260, -0.4
1261, -0.1
1262, -0.4
1263, 0.2
1264, 0.0
1265, 0.3
1266, 0.1
1267, -0.4
1268, -0.1
1269, 0.3
1270, 0.2
1271, -0.1
1272, 0.1
1273, 0.1
1274, -0.3
1275, -0.1
1276, 0.3
1277, 0.2
1278, 0.5
1279, -0.1
1280, 0.2
1281, -0.2
1282, -0.1
1283, 0.1
1284, 0.2
1285, -0.3
1286, -0.1
1287, 0.4
1288, 0.0
1289, 0.1
1290, 0.2
1291, -0.4
1292, 0.0
1293, 0.3
1294, 0.1
1295, 0.3
1296, -0.5
1297, 0.1
1298, 0.3
1299, -0.6
1300, 0.1
1301, -0.3
1302, 0.2
1303, 0.1
1304, -0.2
1305, -0.2
1306, -0.1
1307, 0.2
1308, 0.2
1309, 0.0
1310, 0.1
1311, 0.2
1312, -0.2
1313, -0.1
1314, 0.4
1315, -0.3
1316, 0.3
1317, 0.0
1318, 0.2
1319, 0.1
1320, 0.2
1321, 0.0
1322, 0.2
1323, -0.2
1324, 0.0
1325, -0.2
1326, -0.1
1327, 0.0
1328, -0.2
1329, 0.3
1330, 0.0
1331, -0.6
1332, 0.5
1333, -0.1
1334, 0.0
1335, -0.3
1336, 0.4
1337, -0.1
1338, 0.4
1339, 0.3
1340, 0.0
1341, -0.2
1342, -0.5
1343, 0.0
1344, -0.1
1345, -0.1
1346, 0.0
1347, 0.0
1348, -0.4
1349, 0.0
1350, 0.3
1351, -0.1
1352, 0.3
1353, 0.0
1354, -0.4
1355, 0.1
1356, -0.1
1357, 0.0
1358, -0.1
1359, 0.1
1360, -0.1
1361, 0.1
1362, 0.1
1363, 0.1
1364, 0.0
1365, 0.1
1366, -0.5
1367, -0.1
1368, -0.1
1369, -0.4
1370, 0.0
1371, 0.2
1372, 0.0
1373, -0.1
1374, -0.1
1375, 0.1
1376, -0.3
1377, 0.2
1378, -0.1
1379, 0.2
1380, -0.2
1381, 0.0
1382, 0.1
1383, 0.1
1384, 0.1
1385, -0.1
1386, 0.0
1387, -0.2
1388, 0.2
1389, 0.0
1390, 0.1
1391, -0.1
1392, 0.1
1393, 0.2
1394, 0.0
1395, -0.3
1396, 0.1
1397, 0.2
1398, 0.0
1399, 0.2
1400, -0.5
1401, 0.3
1402, -0.1
1403, -0.1
1404, -0.3
1405, -0.1
1406, 0.0
1407, -0.1
1408, 0.2
1409, 0.4
1410, -0.1
1411, -0.1
1412, 0.0
1413, 0.1
1414, -0.1
1415, 0.1
1416, -0.4
1417, 0.0
1418, -0.1
1419, 0.1
1420, 0.2
1421, -0.3
1422, 0.2
1423, -0.2
1424, 0.4
1425, 0.0
1426, -0.1
1427, -0.1
1428, 0.1
1429, 0.3
1430, 0.0
1431, 0.1
1432, 0.1
1433, 0.0
1434, -0.3
1435, 0.3
1436, 0.4
1437, 0.4
1438, 0.0
1439, 0.0
1440, -0.1
1441, 0.0
1442, 0.0
1443, -0.1
1444, 0.1
1445, 0.0
1446, -0.2
1447, -0.2
1448, 0.5
1449, -0.3
1450, -0.4
1451, -0.2
1452, 0.0
1453, 0.1
1454, 0.1
1455, 0.2
1456, 0.2
1457, 0.0
1458, 0.0
1459, 0.2
1460, 0.0
1461, -0.3
1462, -0.1
1463, -0.1
1464, -0.2
1465, 0.3
1466, -0.1
1467, 0.0
1468, 0.3
1469, 0.3
1470, 0.1
1471, -0.4
1472, 0.3
1473, -0.2
1474, -0.2
1475, 0.2
1476, 0.0
1477, 0.1
1478, -0.1
1479, 0.2
1480, 0.4
1481, 0.1
1482, 0.1
1483, 0.0
1484, -0.4
1485, -0.1
1486, 0.1
1487, -0.1
1488, 0.2
1489, 0.0
1490, 0.0
1491, 0.3
1492, -0.1
1493, 0.0
1494, 0.1
1495, 0.2
1496, -0.2
1497, -0.5
1498, -0.3
1499, -0.1
1500, 0.2
1501, -0.2
1502, 0.0
1503, -0.2
1504, -0.3
1505, -0.3
1506, 0.0
1507, -0.2
1508, -0.1
1509, 0.4
1510, 0.2
1511, 0.0
1512, 0.0
1513, 0.1
1514, -0.3
1515, -0.2
1516, 0.1
1517, -0.4
1518, 0.2
1519, -0.1
1520, -0.2
1521, 0.2
1522, -0.3
1523, -0.1
1524, 0.1
1525, -0.3
1526, 0.0
1527, 0.0
1528, 0.1
1529, 0.3
1530, 0.1
1531, -0.2
1532, -0.3
1533, 0.0
1534, 0.0
1535, -0.1
1536, -0.2
1537, -0.1
1538, 0.0
1539, -0.1
1540, -0.1
1541, -0.1
1542, -0.1
1543, 0.2
1544, 0.2
1545, 0.3
1546, 0.4
1547, 0.1
1548, 0.0
1549, 0.0
1550, 0.3
1551, -0.4
1552, 0.2
1553, 0.0
1554, 0.1
1555, 0.0
1556, 0.4
1557, 0.2
1558, -0.1
1559, -0.3
1560, 0.1
1561, 0.2
1562, -0.2
1563, 0.2
1564, -0.1
1565, 0.4
1566, 0.3
1567, 0.2
1568, 0.0
1569, 0.2
1570, 0.0
1571, -0.2
1572, 0.0
1573, 0.0
1574, 0.1
1575, -0.2
1576, -0.2
1577, -0.5
1578, 0.0
1579, 0.1
1580, 0.2
1581, 0.4
1582, -0.2
1583, -0.3
1584, 0.3
1585, 0.1
1586, 0.0
1587, -0.2
1588, -0.1
1589, 0.0
1590, 0.2
1591, 0.4
1592, 0.4
1593, 0.2
1594, -0.1
1595, 0.0
1596, 0.0
1597, 0.2
1598, -0.2
1599, -0.7
1600, 0.1
1601, -0.2
1602, -0.5
1603, -0.6
1604, -0.2
1605, 0.1
1606, 0.3
1607, 0.3
1608, -0.1
1609, 0.1
1610, -0.1
1611, 0.4
1612, -0.2
1613, -0.2
1614, 0.4
1615, 0.3
1616, -0.5
1617, -0.1
1618, 0.1
1619, -0.5
1620, -0.1
1621, 0.2
1622, 0.2
1623, -0.1
1624, -0.5
1625, 0.1
1626, -0.1
1627, -0.5
1628, 0.2
1629, 0.0
1630, 0.1
1631, 0.2
1632, -0.2
1633, -0.2
1634, 0.0
1635, -0.5
1636, -0.1
1637, 0.5
1638, -0.3
1639, 0.0
1640, 0.2
1641, -0.3
1642, 0.3
1643, -0.3
1644, 0.1
1645, 0.0
1646, 0.3
1647, 0.5
1648, 0.2
1649, 0.0
1650, -0.1
1651, 0.1
1652, -0.3
1653, -0.2
1654, -0.3
1655, 0.3
1656, 0.2
1657, 0.0
1658, -0.3
1659, -0.3
1660, -0.4
1661, -0.2
1662, -0.1
1663, 0.1
1664, 0.3
1665, 0.1
1666, 0.0
1667, 0.0
1668, -0.1
1669, -0.2
1670, 0.0
1671, 0.0
1672, -0.2
1673, 0.0
1674, -0.6
1675, 0.3
1676, 0.1
1677, -0.3
1678, 0.4
1679, 0.5
1680, 0.3
1681, -0.2
1682, 0.2
1683, 0.2
1684, -0.2
1685, -0.3
1686, 0.0
1687, 0.3
1688, -0.1
1689, -0.3
1690, 0.3
1691, 0.3
1692, -0.2
1693, 0.5
1694, -0.4
1695, 0.1
1696, 0.2
1697, -0.5
1698, 0.2
1699, -0.2
1700, -0.1
1701, 0.2
1702, 0.3
1703, -0.2
1704, -0.3
1705, -0.1
1706, 0.4
1707, 0.1
1708, 0.2
1709, -0.1
1710, 0.1
1711, -0.2
1712, -0.3
1713, 0.1
1714, 0.0
1715, 0.4
1716, -0.1
1717, -0.3
1718, -0.1
1719, 0.4
1720, 0.2
1721, 0.1
1722, 0.4
1723, -0.4
1724, -0.1
1725, 0.2
1726, -0.2
1727, 0.0
1728, 0.0
1729, -0.1
1730, 0.2
1731, -0.1
1732, 0.2
1733, 0.1
1734, -0.3
1735, -0.5
1736, 0.2
1737, -0.2
1738, 0.1
1739, -0.1
1740, 0.3
1741, 0.1
1742, -0.2
1743, -0.4
1744, -0.3
1745, 0.2
1746, 0.2
1747, -0.1
1748, -0.3
1749, -0.1
1750, 0.3
1751, 0.3
1752, -0.1
1753, 0.0
1754, -0.5
1755, -0.1
1756, 0.0
1757, 0.1
1758, 0.3
1759, 0.2
1760, 0.1
1761, 0.0
1762, -0.5
1763, 0.1
1764, -0.1
1765, -0.2
1766, 0.0
1767, -0.1
1768, 0.2
1769, -0.1
1770, 0.2
1771, 0.1
1772, 0.0
1773, -0.2
1774, -0.1
1775, 0.1
1776, 0.2
1777, 0.4
1778, 0.4
1779, 0.4
1780, 0.2
1781, 0.0
1782, -0.5
1783, 0.4
1784, 0.3
1785, -0.1
1786, 0.0
1787, 0.2
1788, 0.3
1789, 0.3
1790, -0.3
1791, -0.5
1792, -0.3
1793, -0.1
1794, 0.2
1795, 0.2
1796, 0.0
1797, -0.3
1798, 0.0
1799, 0.0
1800, 0.1
1801, 0.1
1802, 0.4
1803, -0.3
1804, 0.0
1805, 0.2
1806, -0.2
1807, 0.1
1808, 0.3
1809, -0.3
1810, 0.1
1811, 0.4
1812, -0.5
1813, 0.1
1814, -0.5
1815, 0.2
1816, -0.5
1817, -0.2
1818, -0.1
1819, 0.2
1820, -0.2
1821, -0.1
1822, 0.1
1823, 0.0
1824, 0.0
1825, 0.2
1826, 0.0
1827, -0.1
1828, -0.1
1829, 0.3
1830, 0.1
1831, -0.4
1832, -0.2
1833, 0.1
1834, -0.1
1835, -0.2
1836, -0.1
1837, 0.2
1838, -0.2
1839, 0.3
1840, -0.5
1841, 0.3
1842, -0.1
1843, -0.1
1844, -0.3
1845, 0.4
1846, 0.3
1847, -0.5
1848, -0.4
1849, -0.2
1850, -0.2
1851, -0.2
1852, -0.2
1853, 0.2
1854, 0.1
1855, -0.1
1856, 0.3
1857, 0.0
1858, 0.1
1859, 0.3
1860, 0.1
1861, 0.1
1862, 0.3
1863, 0.1
1864, 0.1
1865, -0.2
1866, -0.3
1867, 0.2
1868, -0.1
1869, 0.2
1870, -0.1
1871, -0.2
1872, -0.4
1873, 0.1
1874, 0.2
1875, 0.1
1876, -0.6
1877, 0.0
1878, -0.1
1879, -0.1
1880, -0.1
1881, -0.3
1882, 0.0
1883, -0.4
1884, -0.1
1885, -0.1
1886, 0.1
1887, 0.1
1888, -0.1
1889, 0.1
1890, -0.1
1891, -0.1
1892, 0.1
1893, 0.1
1894, 0.0
1895, 0.3
1896, 0.4
1897, 0.2
1898, -0.2
1899, 0.4
1900, 0.2
1901, -0.1
1902, -0.5
1903, -0.1
1904, -0.1
1905, 0.1
1906, 0.3
1907, -0.1
1908, 0.3
1909, 0.0
1910, -0.1
1911, 0.2
1912, -0.1
1913, 0.3
1914, 0.3
1915, -0.1
1916, 0.2
1917, -0.2
1918, -0.4
1919, 0.0
1920, -0.1
1921, -0.1
1922, -0.3
1923, 0.0
1924, 0.0
1925, -0.2
1926, 0.1
1927, 0.0
1928, -0.1
1929, -0.6
1930, -0.1
1931, -0.6
1932, 0.0
1933, 0.0
1934, -0.1
1935, 0.3
1936, 0.1
1937, -0.3
1938, 0.1
1939, 0.1
1940, -0.1
1941, 0.0
1942, -0.5
1943, 0.1
1944, 0.0
1945, 0.0
1946, 0.2
1947, 0.2
1948, -0.1
1949, -0.4
1950, -0.4
1951, 0.3
1952, 0.1
1953, 0.1
1954, 0.4
1955, 0.2
1956, -0.3
1957, -0.2
1958, 0.1
1959, -0.1
1960, 0.0
1961, 0.0
1962, 0.1
1963, 0.1
1964, -0.2
1965, -0.3
1966, -0.3
1967, 0.2
1968, -0.1
1969, 0.0
1970, 0.3
1971, 0.2
1972, 0.2
1973, 0.1
1974, -0.3
1975, 0.1
1976, -0.5
1977, 0.3
1978, 0.0
1979, -0.2
1980, -0.1
1981, 0.5
1982, 0.3
1983, 0.0
1984, 0.0
1985, 0.0
1986, 0.3
1987, 0.1
1988, 0.1
1989, 0.0
1990, 0.3
1991, 0.0
1992, 0.1
1993, 0.2
1994, 0.1
1995, 0.1
1996, 0.1
1997, -0.2
1998, 0.0
1999, -0.2
2000, 0.1
2001, 0.0
2002, -0.6
2003, -0.2
2004, 0.4
2005, 0.1
2006, 0.1
2007, -0.1
2008, 0.2
2009, 0.0
2010, 0.1
2011, -0.3
2012, 0.0
2013, 0.1
2014, 0.1
2015, 0.3
2016, 0.2
2017, 0.1
2018, 0.1
2019, 0.3
2020, -0.3
2021, -0.2
2022, 0.4
2023, 0.0
2024, -0.7
2025, 0.0
2026, 0.3
2027, -0.3
2028, -0.7
2029, 0.2
2030, 0.1
2031, 0.3
2032, -0.1
2033, -0.2
2034, 0.1
2035, -0.2
2036, 0.1
2037, -0.4
2038, 0.0
2039, 0.0
2040, -0.1
2041, 0.3
2042, -0.2
2043, 0.5
2044, 0.0
2045, 0.3
2046, -0.2
2047, 0.0
2048, 0.0
2049, 0.2
2050, 0.0
2051, -0.3
2052, -0.2
2053, -0.2
2054, -0.2
2055, -0.2
2056, 0.1
2057, 0.2
2058, 0.4
2059, 0.0
2060, -0.5
2061, 0.1
2062, 0.3
2063, 0.1
2064, 0.1
2065, 0.1
2066, -0.1
2067, 0.4
2068, -0.3
2069, 0.0
2070, 0.2
2071, 0.1
2072, -0.2
2073, -0.2
2074, 0.0
2075, -0.1
2076, 0.0
2077, 0.2
2078, 0.0
2079, -0.1
2080, 0.0
2081, 0.1
2082, -0.2
2083, 0.1
2084, 0.2
2085, 0.1
2086, 0.0
2087, 0.0
2088, -0.3
2089, 0.0
2090, 0.0
2091, -0.4
2092, 0.0
2093, -0.3
2094, 0.3
2095, -0.1
2096, 0.1
2097, 0.2
2098, 0.3
2099, -0.2
2100, -0.1
2101, 0.0
2102, 0.0
2103, -0.6
2104, 0.1
2105, 0.0
2106, 0.0
2107, 0.3
2108, 0.3
2109, 0.1
2110, 0.0
2111, 0.0
2112, 0.0
2113, -0.1
2114, -0.5
2115, 0.1
2116, -0.2
2117, 0.1
2118, -0.1
2119, 0.1
2120, 0.0
2121, -0.2
2122, -0.7
2123, -0.1
2124, 0.2
2125, -0.2
2126, 0.1
2127, -0.2
2128, 0.1
2129, 0.0
2130, 0.3
2131, -0.2
2132, 0.1
2133, -0.2
2134, 0.1
2135, 0.2
2136, 0.1
2137, 0.0
2138, -0.4
2139, -0.2
2140, 0.2
2141, 0.4
2142, 0.1
2143, 0.1
2144, 0.0
2145, 0.0
2146, -0.1
2147, -0.1
2148, 0.2
2149, 0.3
2150, 0.1
2151, -0.1
2152, 0.0
2153, -0.1
2154, -0.5
2155, 0.1
2156, 0.0
2157, 0.4
2158, 0.0
2159, 0.2
2160, -0.1
2161, 0.1
2162, -0.3
2163, -0.3
2164, -0.5
2165, 0.2
2166, 0.0
2167, 0.2
2168, -0.2
2169, 0.2
2170, -0.2
2171, 0.2
2172, 0.3
2173, -0.2
2174, -0.2
2175, 0.4
2176, 0.3
2177, -0.1
2178, 0.1
2179, -0.2
2180, 0.5
2181, 0.0
2182, -0.2
2183, 0.2
2184, -0.2
2185, 0.0
2186, -0.5
2187, 0.3
2188, -0.2
2189, 0.0
2190, 0.2
2191, 0.3
2192, -0.3
2193, -0.1
2194, 0.0
2195, 0.1
2196, 0.1
2197, 0.0
2198, -0.3
2199, 0.4
2200, 0.2
2201, -0.1
2202, 0.4
2203, 0.1
2204, 0.0
2205, 0.1
2206, 0.1
2207, 0.1
2208, 0.0
2209, 0.0
2210, -0.1
2211, 0.0
2212, 0.1
2213, 0.2
2214, -0.2
2215, 0.2
2216, 0.3
2217, -0.1
2218, 0.0
2219, 0.0
2220, 0.1
2221, 0.2
2222, -0.5
2223, 0.2
2224, -0.6
2225, 0.3
2226, 0.1
2227, -0.1
2228, 0.2
2229, 0.1
2230, -0.2
2231, 0.1
2232, -0.3
2233, -0.6
2234, -0.1
2235, 0.0
2236, 0.0
2237, -0.4
2238, -0.1
2239, -0.5
2240, -0.1
2241, 0.0
2242, -0.2
2243, -0.3
2244, 0.0
2245, 0.0
2246, -0.1
2247, -0.2
2248, 0.0
2249, -0.3
2250, 0.1
2251, 0.2
2252, 0.0
2253, -0.3
2254, 0.2
2255, 0.0
2256, -0.1
2257, -0.1
2258, -0.2
2259, -0.3
2260, 0.0
2261, 0.2
2262, 0.1
2263, 0.0
2264, -0.1
2265, -0.2
2266, 0.1
2267, 0.3
2268, -0.3
2269, -0.2
2270, 0.1
2271, 0.2
2272, 0.2
2273, 0.1
2274, 0.2
2275, -0.5
2276, 0.3
2277, 0.0
2278, -0.2
2279, 0.1
2280, -0.1
2281, 0.0
2282, -0.1
2283, 0.0
2284, 0.2
2285, -0.1
2286, 0.3
2287, 0.2
2288, 0.1
2289, 0.3
2290, -0.1
2291, 0.1
2292, -0.3
2293, -0.1
2294, 0.2
2295, 0.1
2296, -0.2
2297, -0.4
2298, 0.0
2299, 0.2
2300, -0.4
2301, 0.0
2302, -0.1
2303, 0.4
2304, 0.1
2305, -0.2
2306, 0.1
2307, 0.2
2308, -0.1
2309, 0.2
2310, 0.0
2311, 0.0
2312, -0.2
2313, -0.3
2314, -0.1
2315, 0.0
2316, -0.1
2317, 0.0
2318, 0.2
2319, -0.1
2320, -0.2
2321, 0.4
2322, 0.3
2323, -0.2
2324, 0.1
2325, 0.0
2326, -0.4
2327, 0.1
2328, 0.2
2329, -0.1
2330, -0.4
2331, -0.1
2332, 0.1
2333, -0.1
2334, 0.4
2335, 0.3
2336, 0.3
2337, 0.4
2338, -0.1
2339, 0.0
2340, 0.0
2341, 0.1
2342, 0.0
2343, -0.3
2344, -0.3
2345, -0.2
2346, 0.2
2347, 0.0
2348, -0.3
2349, -0.4
2350, -0.1
2351, 0.2
2352, -0.3
2353, -0.4
2354, -0.1
2355, 0.1
2356, -0.1
2357, -0.3
2358, 0.0
2359, 0.3
2360, 0.0
2361, 0.2
2362, 0.0
2363, 0.2
2364, 0.4
2365, -0.1
2366, 0.2
2367, -0.3
2368, 0.1
2369, 0.0
2370, 0.2
2371, 0.3
2372, 0.2
2373, -0.2
2374, 0.3
2375, -0.1
2376, -0.1
2377, 0.1
2378, 0.0
2379, 0.0
2380, 0.0
2381, 0.0
2382, 0.1
2383, 0.1
2384, 0.1
2385, 0.4
2386, 0.0
2387, 0.3
2388, -0.2
2389, -0.1
2390, 0.2
2391, -0.3
2392, -0.3
2393, -0.4
2394, -0.1
2395, -0.2
2396, 0.4
2397, -0.6
2398, -0.4
2399, -0.2
2400, 0.0
2401, 0.4
2402, -0.2
2403, 0.0
2404, 0.2
2405, -0.2
2406, -0.1
2407, -0.1
2408, 0.3
2409, -0.2
2410, 0.1
2411, 0.3
2412, -0.2
2413, -0.2
2414, 0.1
2415, 0.2
2416, 0.2
2417, -0.1
2418, 0.4
2419, 0.1
2420, 0.1
2421, 0.0
2422, -0.3
2423, 0.3
2424, 0.2
2425, 0.2
2426, -0.2
2427, 0.2
2428, -0.1
2429, 0.1
2430, -0.1
2431, 0.3
2432, -0.1
2433, 0.2
2434, 0.0
2435, -0.2
2436, -0.2
2437, -0.3
2438, -0.3
2439, -0.1
2440, 0.3
2441, 0.0
2442, 0.2
2443, 0.1
2444, -0.1
2445, 0.0
2446, -0.3
2447, 0.2
2448, -0.2
2449, 0.1
2450, -0.3
2451, -0.3
2452, -0.4
2453, 0.2
2454, 0.0
2455, -0.4
2456, -0.2
2457, -0.4
2458, -0.1
2459, 0.1
2460, 0.0
2461, 0.3
2462, 0.2
2463, -0.3
2464, -0.5
2465, 0.1
2466, -0.1
2467, 0.4
2468, -0.3
2469, -0.1
2470, 0.1
2471, 0.2
2472, 0.5
2473, -0.2
2474, 0.5
2475, 0.1
2476, 0.2
2477, 0.3
2478, 0.0
2479, 0.0
2480, 0.3
2481, 0.0
2482, 0.0
2483, -0.2
2484, 0.1
2485, 0.1
2486, 0.3
2487, -0.1
2488, -0.3
2489, -0.1
2490, -0.3
2491, 0.3
2492, -0.2
2493, -0.1
2494, -0.3
2495, -0.4
2496, 0.0
2497, -0.1
2498, -0.4
2499, -0.2
2500, -0.1
2501, -0.1
2502, -0.2
2503, 0.1
2504, 0.3
2505, 0.2
2506, -0.1
2507, 0.1
2508, -0.1
2509, -0.3
2510, 0.1
2511, -0.1
2512, -0.4
2513, 0.3
2514, 0.0
2515, 0.1
2516, -0.1
2517, 0.0
2518, -0.4
2519, 0.0
2520, -0.1
2521, 0.3
2522, 0.3
2523, 0.4
2524, -0.1
2525, -0.3
2526, -0.1
2527, 0.0
2528, -0.6
2529, -0.1
2530, 0.2
2531, -0.4
2532, 0.1
2533, 0.1
2534, -0.2
2535, 0.0
2536, 0.2
2537, 0.0
2538, 0.2
2539, -0.6
2540, 0.5
2541, -0.2
2542, -0.3
2543, -0.1
2544, 0.1
2545, 0.3
2546, 0.0
2547, -0.2
2548, 0.0
2549, 0.0
2550, 0.4
2551, -0.1
2552, 0.0
2553, 0.1
2554, -0.6
2555, 0.1
2556, 0.3
2557, 0.1
2558, -0.2
2559, -0.3
2560, 0.1
2561, 0.0
2562, 0.1
2563, 0.4
2564, -0.3
2565, 0.1
2566, 0.1
2567, -0.1
2568, -0.1
2569, 0.3
2570, 0.2
2571, 0.2
2572, -0.4
2573, -0.4
2574, -0.1
2575, 0.1
2576, 0.0
2577, -0.1
2578, 0.0
2579, 0.1
2580, 0.2
2581, -0.3
2582, 0.3
2583, 0.1
2584, 0.0
2585, 0.0
2586, 0.1
2587, 0.0
2588, 0.2
2589, 0.3
2590, 0.2
2591, 0.2
2592, 0.2
2593, -0.1
2594, -0.2
2595, 0.3
2596, 0.2
2597, 0.0
2598, 0.2
2599, -0.2
2600, 0.0
2601, 0.1
2602, 0.1
2603, 0.0
2604, 0.2
2605, -0.1
2606, 0.1
2607, -0.7
2608, 0.0
2609, 0.1
2610, 0.1
2611, 0.3
2612, -0.3
2613, -0.3
2614, -0.2
2615, 0.0
2616, -0.3
2617, 0.2
2618, 0.3
2619, 0.0
2620, 0.1
2621, -0.4
2622, -0.6
2623, -0.2
2624, 0.3
2625, -0.1
2626, 0.1
2627, -0.4
2628, 0.0
2629, 0.3
2630, -0.2
2631, 0.0
2632, 0.1
2633, -0.1
2634, -0.2
2635, 0.1
2636, -0.1
2637, -0.1
2638, 0.3
2639, 0.2
2640, 0.4
2641, -0.1
2642, -0.2
2643, -0.2
2644, -0.2
2645, 0.1
2646, -0.3
2647, 0.0
2648, -0.1
2649, -0.1
2650, -0.2
2651, -0.1
2652, 0.0
2653, 0.3
2654, -0.1
2655, -0.4
2656, 0.4
2657, 0.0
2658, -0.1
2659, -0.2
2660, -0.1
2661, -0.1
2662, -0.4
2663, -0.2
2664, -0.3
2665, 0.1
2666, 0.2
2667, 0.3
2668, 0.0
2669, 0.2
2670, 0.1
2671, -0.3
2672, 0.2
2673, -0.1
2674, -0.6
2675, -0.2
2676, 0.0
2677, 0.1
2678, 0.0
2679, -0.3
2680, -0.1
2681, -0.2
2682, -0.1
2683, -0.2
2684, 0.0
2685, -0.1
2686, -0.6
2687, -0.1
2688, 0.0
2689, 0.1
2690, 0.4
2691, 0.1
2692, -0.1
2693, 0.2
2694, -0.1
2695, -0.1
2696, -0.1
2697, 0.2
2698, -0.2
2699, -0.1
2700, 0.0
2701, -0.2
2702, -0.3
2703, -0.4
2704, -0.4
2705, 0.3
2706, -0.1
2707, 0.1
2708, -0.1
2709, -0.3
2710, 0.1
2711, 0.1
2712, 0.0
2713, 0.2
2714, -0.4
2715, 0.0
2716, -0.2
2717, 0.2
2718, -0.1
2719, 0.1
2720, 0.2
2721, -0.1
2722, 0.0
2723, -0.4
2724, 0.2
2725, 0.3
2726, 0.0
2727, -0.2
2728, 0.2
2729, -0.6
2730, 0.1
2731, -0.2
2732, 0.1
2733, 0.1
2734, 0.0
2735, 0.2
2736, 0.0
2737, 0.1
2738, 0.1
2739, 0.1
2740, -0.5
2741, 0.1
2742, -0.5
2743, 0.1
2744, -0.2
2745, 0.1
2746, 0.0
2747, 0.2
2748, 0.4
2749, 0.2
2750, 0.0
2751, 0.0
2752, 0.2
2753, 0.0
2754, -0.2
2755, -0.3
2756, 0.3
2757, 0.2
2758, -0.2
2759, 0.3
2760, 0.3
2761, 0.1
2762, 0.0
2763, -0.2
2764, -0.3
2765, -0.4
2766, 0.0
2767, 0.1
2768, -0.1
2769, 0.0
2770, -0.2
2771, 0.4
2772, -0.2
2773, -0.1
2774, -0.1
2775, -0.3
2776, -0.4
2777, 0.3
2778, 0.3
2779, 0.3
2780, 0.2
2781, 0.5
2782, 0.3
2783, 0.1
2784, 0.3
2785, 0.3
2786, 0.4
2787, 0.1
2788, -0.3
2789, 0.0
2790, 0.0
2791, -0.7
2792, -0.6
2793, -0.5
2794, -0.2
2795, -0.1
2796, 0.0
2797, -0.2
2798, -0.1
2799, 0.1
2800, 0.1
2801, 0.3
2802, -0.1
2803, 0.2
2804, 0.0
2805, -0.1
2806, -0.2
2807, 0.0
2808, 0.1
2809, 0.1
2810, -0.1
2811, -0.1
2812, -0.2
2813, 0.0
2814, -0.2
2815, -0.2
2816, 0.3
2817, 0.0
2818, 0.0
2819, 0.0
2820, -0.4
2821, 0.0
2822, 0.0
2823, 0.0
2824, -0.1
2825, 0.0
2826, -0.3
2827, -0.1
2828, -0.1
2829, 0.0
2830, 0.0
2831, 0.0
2832, 0.3
2833, -0.2
2834, 0.1
2835, -0.2
2836, 0.2
2837, 0.3
2838, 0.1
2839, 0.2
2840, -0.3
2841, -0.3
2842, 0.3
2843, 0.2
2844, -0.2
2845, -0.4
2846, 0.1
2847, -0.3
2848, -0.2
2849, -0.5
2850, -0.3
2851, 0.0
2852, 0.0
2853, 0.1
2854, 0.1
2855, -0.3
2856, 0.4
2857, 0.1
2858, 0.0
2859, 0.4
2860, 0.2
2861, -0.3
2862, 0.0
2863, -0.1
2864, 0.2
2865, -0.3
2866, -0.4
2867, -0.4
2868, 0.4
2869, 0.2
2870, 0.1
2871, 0.2
2872, -0.4
2873, 0.0
2874, 0.0
2875, 0.0
2876, 0.1
2877, 0.1
2878, 0.2
2879, 0.2
2880, 0.1
2881, 0.1
2882, 0.3
2883, 0.1
2884, 0.2
2885, -0.3
2886, 0.0
2887, 0.1
2888, -0.1
2889, -0.2
2890, 0.0
2891, 0.2
2892, -0.3
2893, 0.0
2894, 0.2
2895, 0.0
2896, 0.2
2897, -0.7
2898, -0.2
2899, 0.0
2900, 0.0
2901, 0.0
2902, -0.3
2903, -0.2
2904, -0.5
2905, 0.1
2906, -0.5
2907, 0.2
2908, 0.2
2909, 0.0
2910, 0.3
2911, -0.1
2912, 0.1
2913, -0.1
2914, 0.1
2915, 0.4
2916, -0.2
2917, 0.1
2918, 0.0
2919, -0.2
2920, 0.0
2921, -0.1
2922, 0.3
2923, 0.1
2924, 0.2
2925, 0.0
2926, 0.1
2927, -0.2
2928, 0.2
2929, 0.0
2930, 0.4
2931, 0.2
2932, 0.3
2933, 0.3
2934, 0.0
2935, 0.3
2936, 0.1
2937, -0.4
2938, 0.0
2939, -0.2
2940, 0.0
2941, 0.0
2942, -0.1
2943, -0.1
2944, 0.0
2945, 0.0
2946, -0.3
2947, 0.3
2948, -0.3
2949, 0.2
2950, 0.3
2951, -0.2
2952, 0.0
2953, 0.3
2954, -0.1
2955, 0.1
2956, -0.2
2957, -0.2
2958, 0.3
2959, 0.0
2960, -0.1
2961, 0.2
2962, -0.3
2963, -0.2
2964, 0.1
2965, 0.1
2966, -0.1
2967, -0.4
2968, 0.1
2969, -0.4
2970, -0.1
2971, 0.3
2972, -0.3
2973, 0.1
2974, 0.0
2975, 0.0
2976, -0.3
2977, 0.1
2978, -0.1
2979, -0.1
2980, 0.3
2981, 0.3
2982, 0.1
2983, 0.4
2984, 0.1
2985, -0.3
2986, 0.5
2987, -0.2
2988, 0.0
2989, -0.2
2990, -0.1
2991, 0.2
2992, 0.0
2993, 0.0
2994, 0.3
2995, 0.2
2996, 0.3
2997, 0.0
2998, -0.2
2999, 0.1
3000, -0.1
3001, -0.5
3002, -0.6
3003, 0.5
3004, -0.5
3005, 0.2
3006, 0.1
3007, -0.1
3008, -0.2
3009, -0.6
3010, -0.1
3011, -0.1
3012, 0.0
3013, 0.2
3014, -0.3
3015, -0.2
3016, -0.3
3017, -0.2
3018, 0.1
3019, -0.4
3020, 0.1
3021, 0.0
3022, -0.3
3023, 0.1
3024, 0.4
3025, -0.3
3026, 0.3
3027, 0.2
3028, 0.0
3029, -0.1
3030, 0.1
3031, 0.2
3032, -0.1
3033, 0.0
3034, -0.1
3035, -0.1
3036, -0.5
3037, -0.4
3038, -0.3
3039, 0.0
3040, 0.1
3041, -0.2
3042, -0.1
3043, -0.1
3044, 0.2
3045, -0.3
3046, -0.1
3047, -0.3
3048, -0.5
3049, -0.1
3050, -0.2
3051, -0.2
3052, -0.6
3053, 0.3
3054, 0.0
3055, -0.4
3056, 0.1
3057, 0.0
3058, 0.0
3059, 0.2
3060, 0.2
3061, 0.1
3062, -0.2
3063, -0.1
3064, 0.0
3065, 0.4
3066, -0.1
3067, 0.0
3068, 0.1
3069, -0.1
3070, -0.1
3071, 0.1
3072, 0.0
3073, 0.1
3074, -0.1
3075, -0.6
3076, 0.5
3077, 0.1
3078, 0.2
3079, -0.3
3080, -0.2
3081, 0.2
3082, -0.1
3083, -0.1
3084, -0.4
3085, 0.0
3086, 0.0
3087, -0.3
3088, -0.2
3089, -0.2
3090, 0.0
3091, 0.2
3092, -0.1
3093, -0.1
3094, -0.2
3095, 0.3
3096, 0.3
3097, 0.2
3098, 0.2
3099, 0.1
3100, 0.1
3101, 0.3
3102, 0.5
3103, -0.2
3104, 0.3
3105, -0.1
3106, -0.1
3107, -0.1
3108, -0.1
3109, 0.3
3110, 0.0
3111, -0.3
3112, -0.1
3113, 0.1
3114, 0.0
3115, 0.5
3116, 0.0
3117, 0.4
3118, 0.2
3119, -0.2
3120, 0.0
3121, 0.0
3122, -0.1
3123, -0.1
3124, 0.4
3125, 0.3
3126, -0.1
3127, -0.2
3128, 0.0
3129, 0.0
3130, -0.3
3131, 0.2
3132, 0.1
3133, 0.1
3134, 0.2
3135, -0.3
3136, -0.4
3137, -0.3
3138, 0.1
3139, 0.0
3140, 0.3
3141, 0.4
3142, 0.0
3143, 0.0
3144, -0.3
3145, -0.2
3146, -0.1
3147, 0.2
3148, 0.1
3149, 0.2
3150, 0.0
3151, -0.1
3152, -0.1
3153, -0.1
3154, -0.1
3155, -0.1
3156, 0.1
3157, -0.2
3158, -0.2
3159, 0.2
3160, 0.0
3161, -0.1
3162, 0.3
3163, 0.1
3164, 0.0
3165, -0.1
3166, 0.0
3167, 0.0
3168, 0.1
3169, 0.3
3170, 0.5
3171, 0.0
3172, 0.3
3173, 0.2
3174, 0.0
3175, 0.1
3176, 0.1
3177, -0.1
3178, -0.2
3179, 0.1
3180, -0.1
3181, 0.1
3182, 0.3
3183, -0.2
3184, -0.3
3185, -0.4
3186, -0.1
3187, 0.4
3188, -0.1
3189, 0.3
3190, 0.2
3191, -0.1
3192, 0.2
3193, 0.1
3194, 0.1
3195, -0.1
3196, -0.2
3197, 0.3
3198, -0.2
3199, 0.1
3200, 0.3
3201, 0.2
3202, 0.2
3203, -0.1
3204, 0.2
3205, -0.3
3206, 0.2
3207, 0.0
3208, 0.3
3209, 0.1
3210, 0.2
3211, -0.2
3212, 0.3
3213, -0.3
3214, 0.1
3215, 0.4
3216, -0.1
3217, 0.0
3218, -0.1
3219, 0.0
3220, -0.1
3221, 0.1
3222, -0.1
3223, -0.1
3224, 0.2
3225, -0.4
3226, 0.0
3227, 0.0
3228, -0.1
3229, -0.1
3230, -0.4
3231, -0.3
3232, -0.2
3233, 0.2
3234, -0.4
3235, 0.2
3236, 0.1
3237, -0.1
3238, 0.3
3239, 0.0
3240, -0.3
3241, 0.2
3242, 0.1
3243, -0.5
3244, 0.0
3245, -0.2
3246, 0.0
3247, -0.1
3248, -0.2
3249, 0.1
3250, 0.2
3251, 0.0
3252, -0.2
3253, 0.1
3254, -0.1
3255, -0.1
3256, 0.2
3257, -0.2
3258, 0.3
3259, 0.3
3260, 0.3
3261, -0.3
3262, -0.1
3263, -0.2
3264, -0.4
3265, 0.2
3266, 0.0
3267, -0.1
3268, -0.4
3269, 0.1
3270, 0.2
3271, -0.1
3272, -0.2
3273, -0.1
3274, -0.2
3275, -0.1
3276, 0.3
3277, 0.0
3278, 0.3
3279, -0.4
3280, -0.3
3281, 0.2
3282, 0.1
3283, -0.2
3284, 0.3
3285, 0.4
3286, 0.1
3287, 0.3
3288, -0.1
3289, 0.3
3290, -0.1
3291, 0.2
3292, 0.2
3293, 0.2
3294, -0.4
3295, 0.1
3296, -0.1
3297, 0.2
3298, -0.2
3299, -0.1
3300, -0.3
3301, 0.0
3302, 0.2
3303, 0.2
3304, -0.2
3305, -0.2
3306, 0.0
3307, 0.3
3308, -0.2
3309, 0.1
3310, -0.1
3311, 0.0
3312, 0.0
3313, -0.5
3314, 0.3
3315, -0.1
3316, 0.0
3317, 0.0
3318, 0.4
3319, 0.4
3320, 0.3
3321, 0.2
3322, 0.0
3323, -0.3
3324, -0.2
3325, 0.2
3326, 0.2
3327, 0.2
3328, 0.0
3329, 0.3
3330, 0.2
3331, 0.2
3332, 0.2
3333, 0.0
3334, -0.2
3335, -0.5
3336, -0.2
3337, 0.0
3338, 0.2
3339, 0.3
3340, 0.2
3341, -0.1
3342, -0.3
3343, 0.2
3344, 0.0
3345, -0.1
3346, 0.2
3347, -0.1
3348, -0.4
3349, 0.2
3350, 0.4
3351, 0.3
3352, 0.1
3353, 0.0
3354, 0.1
3355, -0.4
3356, -0.1
3357, 0.0
3358, -0.4
3359, -0.7
3360, -0.1
3361, 0.0
3362, 0.0
3363, 0.1
3364, -0.3
3365, 0.0
3366, 0.3
3367, 0.2
3368, 0.3
3369, 0.2
3370, -0.1
3371, 0.1
3372, 0.3
3373, 0.2
3374, 0.0
3375, -0.2
3376, -0.4
3377, 0.1
3378, -0.1
3379, 0.1
3380, -0.1
3381, 0.0
3382, -0.2
3383, 0.1
3384, 0.0
3385, 0.2
3386, -0.4
3387, 0.5
3388, 0.2
3389, 0.0
3390, -0.3
3391, 0.1
3392, -0.3
3393, 0.0
3394, -0.3
3395, 0.0
3396, 0.4
3397, -0.2
3398, 0.0
3399, 0.3
3400, 0.3
3401, 0.0
3402, 0.3
3403, 0.1
3404, 0.2
3405, 0.2
3406, 0.0
3407, 0.4
3408, 0.0
3409, 0.3
3410, -0.5
3411, 0.2
3412, -0.6
3413, 0.3
3414, -0.3
3415, -0.3
3416, 0.0
3417, 0.2
3418, 0.0
3419, 0.1
3420, 0.0
3421, 0.3
3422, 0.0
3423, 0.0
3424, 0.0
3425, 0.1
3426, 0.3
3427, 0.2
3428, -0.1
3429, -0.2
3430, -0.5
3431, -0.1
3432, -0.1
3433, 0.2
3434, 0.0
3435, -0.1
3436, 0.0
3437, -0.3
3438, -0.3
3439, 0.2
3440, -0.2
3441, 0.2
3442, 0.1
3443, 0.2
3444, 0.3
3445, 0.0
3446, -0.3
3447, 0.0
3448, 0.2
3449, -0.2
3450, 0.2
3451, -0.2
3452, 0.0
3453, -0.1
3454, 0.2
3455, -0.2
3456, 0.2
3457, 0.2
3458, 0.0
3459, 0.0
3460, 0.4
3461, 0.0
3462, -0.2
3463, -0.7
3464, 0.0
3465, -0.3
3466, -0.1
3467, 0.4
3468, -0.1
3469, 0.2
3470, 0.1
3471, 0.1
3472, 0.2
3473, 0.0
3474, 0.1
3475, -0.1
3476, 0.3
3477, -0.3
3478, 0.0
3479, -0.2
3480, 0.3
3481, 0.4
3482, -0.3
3483, 0.0
3484, -0.2
3485, -0.2
3486, 0.2
3487, 0.0
3488, -0.3
3489, -0.1
3490, -0.4
3491, 0.0
3492, 0.5
3493, 0.0
3494, 0.0
3495, -0.2
3496, -0.5
3497, 0.1
3498, 0.2
3499, 0.2
3500, -0.2
3501, 0.3
3502, 0.0
3503, -0.1
3504, 0.0
3505, 0.3
3506, 0.0
3507, 0.0
3508, -0.4
3509, -0.3
3510, -0.3
3511, -0.2
3512, 0.0
3513, 0.3
3514, -0.4
3515, 0.0
3516, 0.3
3517, 0.0
3518, -0.1
3519, -0.1
3520, -0.2
3521, -0.4
3522, 0.2
3523, 0.1
3524, -0.1
3525, -0.2
3526, 0.1
3527, 0.2
3528, 0.0
3529, 0.0
3530, -0.2
3531, 0.0
3532, 0.4
3533, -0.2
3534, -0.1
3535, -0.4
3536, 0.3
3537, -0.1
3538, 0.0
3539, 0.0
3540, -0.2
3541, 0.4
3542, -0.1
3543, -0.3
3544, 0.0
3545, 0.1
3546, 0.1
3547, 0.0
3548, 0.1
3549, 0.0
3550, 0.2
3551, 0.0
3552, -0.3
3553, -0.2
3554, 0.3
3555, 0.1
3556, 0.1
3557, 0.2
3558, -0.3
3559, 0.3
3560, -0.1
3561, 0.2
3562, -0.5
3563, 0.0
3564, 0.4
3565, 0.1
3566, 0.3
3567, 0.0
3568, -0.4
3569, 0.1
3570, -0.4
3571, 0.4
3572, -0.1
3573, 0.2
3574, 0.2
3575, -0.1
3576, 0.0
3577, 0.1
3578, 0.0
3579, 0.2
3580, -0.2
3581, 0.2
3582, 0.1
3583, -0.5
3584, -0.2
3585, -0.3
3586, 0.1
3587, 0.0
3588, -0.5
3589, -0.1
3590, 0.1
3591, 0.1
3592, -0.2
3593, -0.1
3594, 0.0
3595, 0.1
3596, 0.3
3597, -0.1
3598, 0.3
3599, 0.0
3600, -0.2
3601, 0.5
3602, 0.2
3603, 0.2
3604, -0.1
3605, -0.2
3606, -0.1
3607, -0.3
3608, 0.1
3609, -0.2
3610, -0.2
3611, -0.1
3612, -0.4
3613, 0.0
3614, 0.2
3615, -0.5
3616, 0.2
3617, 0.0
3618, 0.1
3619, -0.1
3620, -0.1
3621, 0.0
3622, 0.2
3623, 0.3
3624, 0.2
3625, -0.1
3626, 0.2
3627, 0.0
3628, -0.1
3629, -0.2
3630, -0.3
3631, 0.0
3632, -0.1
3633, -0.3
3634, 0.0
3635, -0.6
3636, -0.4
3637, 0.0
3638, 0.3
3639, 0.0
3640, -0.1
3641, -0.2
3642, -0.1
3643, 0.5
3644, 0.1
3645, -0.3
3646, -0.5
3647, 0.1
3648, 0.2
3649, 0.1
3650, 0.0
3651, 0.3
3652, 0.0
3653, 0.3
3654, -0.2
3655, -0.6
3656, 0.2
3657, -0.1
3658, -0.1
3659, -0.6
3660, 0.0
3661, 0.1
3662, -0.1
3663, -0.2
3664, -0.1
3665, 0.3
3666, 0.2
3667, 0.2
3668, -0.4
3669, 0.1
3670, 0.0
3671, 0.2
3672, 0.1
3673, 0.2
3674, 0.3
3675, -0.1
3676, 0.2
3677, -0.2
3678, 0.1
3679, 0.0
3680, 0.0
3681, 0.1
3682, 0.2
3683, 0.3
3684, 0.1
3685, -0.2
3686, 0.2
3687, -0.2
3688, 0.2
3689, 0.4
3690, 0.1
3691, 0.1
3692, 0.1
3693, -0.4
3694, 0.2
3695, 0.1
3696, 0.0
3697, 0.3
3698, -0.2
3699, 0.1
3700, 0.1
3701, 0.3
3702, 0.0
3703, -0.3
3704, 0.3
3705, 0.1
3706, 0.1
3707, 0.1
3708, -0.1
3709, 0.3
3710, 0.3
3711, 0.0
3712, -0.2
3713, -0.1
3714, -0.1
3715, 0.3
3716, 0.0
3717, -0.2
3718, 0.2
3719, -0.2
3720, -0.1
3721, 0.0
3722, -0.3
3723, 0.0
3724, -0.2
3725, 0.0
3726, -0.4
3727, -0.5
3728, -0.4
3729, -0.1
3730, 0.1
3731, 0.0
3732, -0.3
3733, -0.3
3734, 0.1
3735, 0.1
3736, 0.0
3737, 0.0
3738, -0.1
3739, 0.1
3740, -0.2
3741, 0.3
3742, 0.1
3743, 0.4
3744, 0.3
3745, 0.2
3746, 0.2
3747, -0.1
3748, 0.1
3749, 0.1
3750, -0.4
3751, 0.1
3752, 0.4
3753, 0.2
3754, 0.0
3755, 0.1
3756, 0.1
3757, 0.1
3758, -0.1
3759, 0.1
3760, -0.4
3761, 0.2
3762, -0.1
3763, 0.2
3764, -0.2
3765, -0.1
3766, 0.0
3767, 0.0
3768, 0.0
3769, -0.4
3770, -0.1
3771, -0.3
3772, -0.3
3773, 0.2
3774, 0.3
3775, 0.0
3776, 0.1
3777, 0.2
3778, 0.3
3779, 0.1
3780, 0.2
3781, 0.0
3782, 0.0
3783, 0.3
3784, 0.0
3785, -0.1
3786, -0.1
3787, 0.1
3788, 0.2
3789, -0.2
3790, 0.2
3791, -0.3
3792, 0.1
3793, 0.0
3794, 0.4
3795, 0.3
3796, 0.3
3797, 0.1
3798, 0.0
3799, -0.3
3800, 0.1
3801, 0.0
3802, 0.2
3803, -0.1
3804, -0.6
3805, 0.3
3806, 0.4
3807, -0.2
3808, 0.1
3809, 0.4
3810, -0.1
3811, -0.2
3812, 0.1
3813, -0.1
3814, -0.1
3815, -0.2
3816, -0.1
3817, 0.3
3818, 0.0
3819, 0.0
3820, 0.4
3821, -0.4
3822, -0.2
3823, 0.0
3824, -0.2
3825, 0.0
3826, 0.0
3827, 0.2
3828, -0.1
3829, 0.1
3830, 0.1
3831, -0.1
3832, 0.2
3833, 0.3
3834, -0.4
3835, -0.4
3836, 0.1
3837, 0.0
3838, 0.0
3839, 0.0
3840, -0.1
3841, 0.0
3842, -0.1
3843, 0.1
3844, -0.2
3845, 0.4
3846, 0.0
3847, 0.1
3848, 0.3
3849, -0.1
3850, 0.1
3851, 0.3
3852, 0.2
3853, -0.2
3854, -0.2
3855, -0.2
3856, 0.3
3857, -0.3
3858, 0.2
3859, 0.0
3860, 0.2
3861, 0.1
3862, 0.0
3863, -0.1
3864, -0.2
3865, -0.1
3866, -0.2
3867, -0.3
3868, 0.1
3869, 0.3
3870, 0.1
3871, -0.4
3872, 0.2
3873, -0.2
3874, 0.0
3875, 0.0
3876, -0.5
3877, 0.0
3878, -0.1
3879, 0.1
3880, 0.2
3881, 0.3
3882, 0.1
3883, 0.1
3884, 0.0
3885, 0.0
3886, 0.2
3887, 0.1
3888, 0.2
3889, 0.3
3890, 0.1
3891, -0.2
3892, -0.1
3893, 0.1
3894, -0.2
3895, 0.2
3896, 0.3
3897, 0.3
3898, -0.2
3899, 0.3
3900, 0.1
3901, -0.3
3902, -0.1
3903, 0.3
3904, -0.1
3905, -0.2
3906, 0.3
3907, 0.4
3908, -0.2
3909, 0.0
3910, 0.0
3911, 0.2
3912, -0.1
3913, 0.3
3914, 0.0
3915, 0.1
3916, 0.1
3917, 0.1
3918, -0.3
3919, 0.2
3920, 0.2
3921, -0.1
3922, 0.1
3923, 0.3
3924, 0.1
3925, -0.1
3926, -0.1
3927, -0.2
3928, -0.2
3929, -0.4
3930, -0.3
3931, 0.2
3932, 0.1
3933, -0.5
3934, -0.2
3935, 0.0
3936, -0.2
3937, 0.0
3938, -0.3
3939, 0.0
3940, 0.5
3941, -0.1
3942, -0.1
3943, -0.1
3944, 0.0
3945, -0.2
3946, -0.1
3947, -0.6
3948, -0.2
3949, 0.0
3950, 0.0
3951, 0.2
3952, 0.4
3953, 0.0
3954, 0.1
3955, -0.5
3956, -0.4
3957, 0.2
3958, -0.5
3959, -0.3
3960, 0.4
3961, 0.2
3962, 0.0
3963, -0.1
3964, 0.1
3965, -0.2
3966, 0.1
3967, 0.2
3968, 0.0
3969, 0.3
3970, -0.1
3971, 0.3
3972, -0.1
3973, 0.4
3974, 0.0
3975, 0.2
3976, -0.3
3977, 0.4
3978, -0.1
3979, 0.0
3980, 0.3
3981, -0.1
3982, -0.5
3983, -0.1
3984, -0.1
3985, 0.3
3986, 0.2
3987, 0.4
3988, 0.1
3989, 0.3
3990, 0.0
3991, -0.1
3992, -0.6
3993, 0.0
3994, 0.2
3995, 0.4
3996, 0.2
3997, -0.2
3998, 0.1
3999, -0.1
