0, -0.2
1, -0.2
2, -0.2
3, 0.1
4, 0.5
5, -0.5
6, 0.0
7, -0.1
8, -0.1
9, -0.2
10, 0.5
11, 0.0
12, 0.1
13, 0.1
14, 0.3
15, 0.1
16, -0.4
17, -0.1
18, 0.0
19, -0.4
20, 0.2
21, -0.3
22, 0.1
23, 0.0
24, 0.0
25, -0.1
26, 0.0
27, 0.2
28, 0.1
29, 0.0
30, -0.2
31, -0.1
32, 0.1
33, -0.6
34, 0.2
35, 0.2
36, 0.3
37, 0.1
38, 0.0
39, -0.3
40, 0.1
41, -0.3
42, -0.3
43, 0.1
44, 0.0
45, -0.2
46, -0.5
47, 0.0
48, 0.1
49, -0.2
50, -0.2
51, 0.1
52, -0.1
53, 0.1
54, 0.0
55, 0.2
56, -0.5
57, -0.3
58, 0.3
59, 0.5
60, -0.1
61, -0.3
62, 0.3
63, -0.3
64, -0.6
65, -0.3
66, 0.1
67, 0.0
68, 0.3
69, -0.3
70, -0.2
71, 0.0
72, 0.2
73, 0.1
74, -0.3
75, -0.2
76, 0.0
77, 0.0
78, -0.3
79, 0.1
80, -0.1
81, 0.0
82, 0.4
83, 0.0
84, 0.2
85, -0.7
86, 0.1
87, 0.1
88, 0.1
89, -0.2
90, 0.1
91, 0.4
92, -0.1
93, 0.5
94, 0.2
95, -0.1
96, -0.4
97, -0.1
98, -0.1
99, -0.2
100, -0.1
101, -0.3
102, -0.2
103, 0.5
104, -0.2
105, 0.0
106, -0.1
107, -0.2
108, -0.4
109, -0.4
110, 0.2
111, 0.1
112, -0.2
113, 0.4
114, -0.2
115, -0.1
116, 0.0
117, 0.0
118, 0.0
119, 0.1
120, -0.3
121, 0.2
122, 0.2
123, -0.3
124, -0.5
125, 0.2
126, 0.5
127, 0.5
128, -0.1
129, -0.1
130, 0.3
131, -0.2
132, 0.3
133, 0.1
134, 0.1
135, 0.0
136, 0.2
137, -0.2
138, 0.3
139, -0.1
140, 0.0
141, 0.3
142, 0.0
143, 0.2
144, -0.1
145, 0.3
146, -0.1
147, 0.1
148, 0.2
149, 0.2
150, -0.1
151, -0.1
152, -0.3
153, -0.2
154, 0.2
155, 0.2
156, 0.0
157, 0.2
158, 0.2
159, 0.2
160, 0.0
161, -0.1
162, 0.2
163, 0.4
164, 0.1
165, 0.0
166, 0.0
167, 0.5
168, 0.4
169, 0.5
170, -0.1
171, 0.3
172, 0.2
173, 0.2
174, -0.3
175, -0.1
176, -0.1
177, 0.1
178, 0.0
179, 0.0
180, 0.5
181, -0.1
182, -0.2
183, 0.0
184, 0.0
185, 0.2
186, 0.1
187, 0.0
188, -0.1
189, 0.1
190, 0.0
191, 0.0
192, 0.1
193, 0.2
194, 0.0
195, 0.2
196, 0.4
197, 0.1
198, 0.0
199, -0.6
200, 0.1
201, 0.1
202, -0.1
203, -0.4
204, 0.1
205, -0.3
206, 0.2
207, -0.3
208, 0.1
209, -0.1
210, -0.2
211, -0.1
212, 0.2
213, -0.4
214, 0.1
215, 0.2
216, -0.3
217, 0.2
218, 0.1
219, 0.1
220, 0.2
221, -0.2
222, 0.2
223, -0.1
224, 0.3
225, 0.1
226, 0.1
227, 0.4
228, -0.2
229, 0.4
230, -0.2
231, -0.1
232, -0.3
233, -0.3
234, 0.4
235, -0.5
236, 0.0
237, -0.2
238, -0.1
239, 0.0
240, 0.1
241, 0.2
242, -0.2
243, 0.1
244, -0.3
245, 0.2
246, -0.1
247, 0.0
248, 0.0
249, -0.1
250, 0.1
251, 0.2
252, 0.1
253, 0.3
254, 0.1
255, -0.4
256, -0.5
257, 0.2
258, 0.0
259, -0.4
260, -0.1
261, 0.3
262, 0.0
263, 0.0
264, 0.1
265, 0.4
266, 0.0
267, -0.1
268, 0.2
269, 0.4
270, -0.3
271, 0.3
272, 0.1
273, 0.2
274, 0.1
275, -0.3
276, 0.1
277, 0.0
278, 0.3
279, 0.1
280, 0.1
281, -0.5
282, 0.1
283, -0.1
284, 0.3
285, -0.2
286, -0.1
287, 0.1
288, -0.4
289, 0.1
290, 0.0
291, -0.2
292, -0.4
293, 0.1
294, -0.6
295, 0.1
296, -0.1
297, 0.3
298, -0.2
299, -0.1
300, -0.1
301, -0.2
302, 0.0
303, -0.3
304, -0.1
305, -0.1
306, -0.1
307, -0.1
308, -0.1
309, -0.2
310, -0.1
311, -0.6
312, -0.4
313, 0.4
314, -0.7
315, 0.3
316, -0.3
317, -0.3
318, 0.0
319, 0.1
320, -0.1
321, 0.4
322, 0.0
323, -0.1
324, -0.2
325, -0.1
326, 0.0
327, 0.1
328, -0.4
329, 0.1
330, 0.0
331, 0.0
332, -0.2
333, 0.1
334, 0.3
335, 0.0
336, 0.2
337, 0.0
338, -0.4
339, 0.4
340, -0.2
341, 0.0
342, 0.5
343, 0.0
344, 0.2
345, -0.3
346, 0.2
347, -0.1
348, -0.3
349, 0.0
350, 0.3
351, -0.1
352, 0.3
353, 0.2
354, 0.2
355, 0.3
356, 0.0
357, -0.2
358, 0.1
359, 0.0
360, 0.1
361, 0.0
362, -0.1
363, 0.0
364, -0.1
365, 0.4
366, 0.1
367, -0.2
368, 0.0
369, 0.1
370, 0.2
371, -0.2
372, 0.3
373, -0.1
374, 0.4
375, 0.1
376, 0.1
377, 0.2
378, 0.0
379, -0.1
380, 0.4
381, -0.1
382, -0.3
383, 0.2
384, 0.1
385, -0.4
386, 0.0
387, 0.1
388, 0.0
389, -0.5
390, -0.4
391, -0.1
392, 0.2
393, -0.5
394, -0.2
395, 0.2
396, -0.1
397, 0.0
398, 0.0
399, 0.2
400, 0.2
401, 0.1
402, 0.0
403, 0.2
404, -0.1
405, 0.1
406, -0.6
407, 0.0
408, -0.4
409, -0.1
410, 0.1
411, -0.3
412, -0.2
413, 0.2
414, 0.1
415, -0.1
416, 0.0
417, 0.0
418, 0.2
419, 0.3
420, -0.1
421, 0.2
422, -0.2
423, 0.3
424, 0.1
425, 0.3
426, -0.1
427, -0.5
428, -0.4
429, -0.3
430, -0.5
431, 0.0
432, -0.2
433, -0.1
434, 0.0
435, 0.2
436, 0.1
437, 0.1
438, -0.3
439, 0.5
440, 0.3
441, 0.0
442, 0.1
443, -0.3
444, 0.1
445, -0.2
446, -0.3
447, -0.2
448, -0.1
449, -0.7
450, -0.1
451, -0.2
452, -0.1
453, -0.2
454, 0.1
455, -0.1
456, 0.2
457, -0.2
458, 0.3
459, 0.1
460, 0.2
461, 0.0
462, 0.0
463, -0.1
464, -0.3
465, 0.1
466, 0.4
467, 0.0
468, -0.6
469, -0.4
470, 0.3
471, -0.5
472, 0.2
473, 0.2
474, 0.1
475, 0.2
476, -0.3
477, -0.1
478, 0.3
479, -0.1
480, -0.2
481, 0.1
482, 0.0
483, 0.2
484, 0.3
485, 0.0
486, -0.1
487, 0.0
488, -0.2
489, -0.1
490, 0.1
491, -0.6
492, 0.1
493, 0.0
494, -0.1
495, 0.5
496, 0.3
497, 0.3
498, -0.4
499, 0.2
500, 0.1
501, -0.1
502, 0.3
503, -0.1
504, 0.1
505, 0.1
506, 0.2
507, -0.1
508, -0.1
509, -0.1
510, -0.1
511, 0.0
512, -0.3
513, 0.1
514, -0.1
515, -0.1
516, 0.0
517, 0.1
518, -0.1
519, -0.1
520, 0.1
521, 0.0
522, -0.3
523, 0.2
524, -0.3
525, 0.0
526, -0.4
527, 0.1
528, -0.1
529, 0.0
530, 0.1
531, -0.3
532, 0.2
533, -0.1
534, -0.1
535, 0.3
536, -0.3
537, -0.3
538, -0.2
539, 0.1
540, -0.1
541, 0.2
542, -0.1
543, 0.1
544, -0.1
545, 0.2
546, -0.1
547, 0.2
548, 0.2
549, -0.2
550, 0.1
551, 0.1
552, -0.3
553, -0.1
554, 0.2
555, -0.2
556, -0.3
557, 0.4
558, -0.1
559, -0.4
560, 0.2
561, 0.3
562, 0.0
563, -0.2
564, 0.4
565, -0.1
566, -0.2
567, 0.1
568, -0.1
569, -0.1
570, 0.2
571, 0.2
572, 0.0
573, 0.1
574, 0.1
575, 0.1
576, 0.2
577, -0.1
578, 0.2
579, 0.2
580, 0.3
581, 0.4
582, 0.2
583, -0.2
584, -0.3
585, -0.3
586, -0.3
587, -0.1
588, 0.1
589, 0.0
590, 0.0
591, 0.0
592, -0.2
593, 0.1
594, 0.2
595, 0.2
596, 0.1
597, -0.4
598, 0.1
599, -0.2
600, -0.4
601, 0.1
602, 0.0
603, 0.1
604, 0.3
605, 0.0
606, 0.0
607, -0.1
608, 0.1
609, -0.1
610, 0.0
611, 0.1
612, -0.4
613, 0.0
614, -0.2
615, 0.1
616, 0.1
617, -0.2
618, 0.1
619, 0.1
620, 0.2
621, 0.2
622, 0.1
623, 0.2
624, 0.1
625, -0.1
626, 0.4
627, 0.0
628, 0.2
629, 0.0
630, 0.2
631, -0.3
632, -0.1
633, 0.2
634, 0.4
635, 0.3
636, 0.3
637, 0.1
638, -0.2
639, -0.2
640, 0.1
641, 0.1
642, -0.1
643, 0.3
644, 0.0
645, 0.1
646, -0.5
647, 0.0
648, 0.4
649, 0.4
650, 0.0
651, 0.1
652, 0.1
653, -0.3
654, -0.4
655, -0.3
656, -0.1
657, 0.2
658, -0.4
659, -0.1
660, 0.1
661, 0.0
662, 0.1
663, -0.3
664, -0.5
665, 0.1
666, 0.2
667, -0.1
668, 0.1
669, 0.1
670, 0.0
671, -0.1
672, 0.1
673, 0.1
674, 0.1
675, -0.2
676, -0.2
677, 0.0
678, 0.2
679, 0.1
680, 0.2
681, -0.3
682, 0.1
683, 0.3
684, 0.0
685, 0.1
686, 0.3
687, 0.3
688, -0.2
689, 0.0
690, 0.1
691, -0.6
692, 0.2
693, 0.1
694, 0.0
695, 0.1
696, 0.1
697, 0.3
698, 0.2
699, -0.1
700, 0.0
701, 0.2
702, -0.4
703, 0.0
704, 0.1
705, -0.2
706, 0.3
707, -0.5
708, 0.3
709, 0.0
710, -0.1
711, 0.1
712, -0.2
713, 0.1
714, 0.0
715, 0.0
716, 0.1
717, 0.2
718, -0.2
719, 0.1
720, -0.2
721, -0.3
722, -0.2
723, -0.3
724, 0.0
725, 0.2
726, -0.5
727, 0.1
728, 0.1
729, -0.4
730, -0.2
731, 0.1
732, 0.2
733, -0.2
734, 0.0
735, -0.2
736, 0.0
737, 0.5
738, -0.2
739, 0.3
740, -0.3
741, -0.2
742, 0.3
743, 0.0
744, -0.2
745, 0.1
746, 0.1
747, 0.0
748, 0.0
749, -0.2
750, -0.3
751, -0.1
752, 0.2
753, -0.3
754, 0.1
755, 0.0
756, -0.3
757, 0.0
758, 0.0
759, 0.4
760, -0.2
761, 0.1
762, -0.4
763, 0.1
764, -0.1
765, -0.1
766, -0.5
767, 0.0
768, -0.5
769, -0.3
770, 0.1
771, -0.2
772, 0.4
773, 0.1
774, 0.0
775, -0.1
776, 0.2
777, 0.4
778, -0.2
779, -0.2
780, -0.1
781, -0.4
782, 0.3
783, -0.3
784, 0.0
785, 0.1
786, -0.4
787, 0.3
788, -0.1
789, 0.0
790, -0.1
791, -0.1
792, 0.2
793, -0.1
794, -0.4
795, 0.3
796, -0.1
797, 0.1
798, -0.4
799, 0.0
800, 0.3
801, 0.3
802, -0.3
803, -0.2
804, 0.3
805, 0.0
806, 0.3
807, -0.3
808, 0.0
809, -0.4
810, 0.0
811, -0.4
812, -0.1
813, 0.1
814, 0.1
815, -0.3
816, 0.1
817, -0.1
818, -0.1
819, 0.4
820, 0.4
821, 0.1
822, 0.3
823, 0.0
824, 0.1
825, -0.4
826, -0.1
827, 0.1
828, 0.2
829, -0.4
830, 0.0
831, 0.2
832, 0.0
833, -0.1
834, -0.6
835, 0.0
836, 0.1
837, -0.2
838, 0.1
839, 0.2
840, 0.0
841, 0.1
842, 0.2
843, -0.1
844, -0.4
845, 0.0
846, 0.5
847, 0.0
848, -0.3
849, -0.3
850, 0.2
851, 0.1
852, 0.1
853, 0.1
854, -0.4
855, -0.5
856, 0.1
857, -0.3
858, 0.2
859, 0.1
860, 0.2
861, 0.3
862, -0.2
863, -0.2
864, 0.1
865, 0.0
866, 0.3
867, -0.5
868, 0.1
869, 0.1
870, 0.1
871, -0.1
872, -0.6
873, 0.0
874, 0.1
875, -0.3
876, 0.3
877, 0.0
878, 0.1
879, -0.3
880, 0.1
881, 0.3
882, 0.2
883, -0.5
884, 0.3
885, -0.1
886, 0.0
887, -0.5
888, -0.3
889, 0.4
890, -0.2
891, 0.0
892, 0.3
893, 0.3
894, 0.0
895, 0.1
896, -0.3
897, 0.1
898, -0.3
899, 0.1
900, -0.3
901, -0.1
902, 0.4
903, 0.1
904, 0.4
905, 0.0
906, -0.1
907, -0.4
908, 0.0
909, -0.5
910, 0.1
911, -0.3
912, 0.2
913, 0.0
914, 0.5
915, -0.1
916, -0.1
917, -0.1
918, 0.0
919, 0.4
920, 0.0
921, -0.5
922, -0.1
923, 0.1
924, 0.2
925, 0.1
926, -0.1
927, -0.1
928, 0.3
929, 0.3
930, -0.5
931, 0.2
932, 0.3
933, -0.1
934, -0.1
935, 0.3
936, 0.4
937, -0.1
938, 0.3
939, 0.1
940, -0.2
941, 0.0
942, 0.0
943, -0.4
944, 0.0
945, 0.0
946, -0.3
947, -0.1
948, 0.3
949, -0.5
950, -0.1
951, 0.1
952, 0.2
953, 0.3
954, 0.2
955, -0.3
956, 0.3
957, 0.2
958, 0.0
959, -0.2
960, -0.2
961, -0.1
962, -0.5
963, 0.1
964, -0.2
965, -0.2
966, 0.2
967, -0.2
968, 0.1
969, -0.5
970, 0.1
971, -0.3
972, -0.1
973, -0.3
974, -0.2
975, -0.6
976, 0.1
977, 0.1
978, 0.2
979, -0.2
980, -0.2
981, 0.0
982, -0.1
983, 0.2
984, -0.2
985, -0.4
986, 0.0
987, -0.1
988, 0.1
989, -0.1
990, 0.3
991, 0.0
992, 0.2
993, 0.1
994, 0.3
995, -0.2
996, -0.5
997, 0.0
998, 0.2
999, 0.1
1000, 0.5
1001, -0.4
1002, -0.1
1003, 0.3
1004, 0.0
1005, 0.0
1006, 0.0
1007, -0.4
1008, 0.3
1009, 0.1
1010, -0.4
1011, 0.2
1012, 0.3
1013, 0.1
1014, 0.3
1015, 0.2
1016, 0.2
1017, 0.0
1018, 0.1
1019, -0.1
1020, -0.2
1021, 0.2
1022, 0.4
1023, -0.1
1024, -0.2
1025, -0.1
1026, -0.5
1027, 0.4
1028, 0.3
1029, 0.2
1030, 0.0
1031, 0.0
1032, -0.1
1033, 0.0
1034, 0.2
1035, -0.2
1036, 0.0
1037, 0.4
1038, -0.2
1039, 0.0
1040, 0.3
1041, 0.1
1042, -0.1
1043, 0.0
1044, -0.5
1045, -0.3
1046, 0.2
1047, -0.5
1048, 0.0
1049, -0.3
1050, 0.2
1051, -0.4
1052, -0.3
1053, -0.2
1054, 0.3
1055, -0.2
1056, 0.2
1057, 0.2
1058, -0.1
1059, 0.3
1060, 0.3
1061, -0.2
1062, 0.1
1063, -0.6
1064, 0.1
1065, -0.4
1066, 0.0
1067, 0.3
1068, 0.0
1069, 0.2
1070, 0.0
1071, -0.2
1072, -0.2
1073, 0.2
1074, -0.1
1075, 0.1
1076, -0.5
1077, 0.1
1078, 0.0
1079, 0.2
1080, -0.4
1081, 0.2
1082, 0.0
1083, 0.3
1084, 0.2
1085, 0.2
1086, -0.5
1087, -0.1
1088, 0.1
1089, 0.1
1090, -0.6
1091, -0.2
1092, -0.2
1093, 0.2
1094, 0.0
1095, 0.1
1096, -0.2
1097, 0.2
1098, 0.4
1099, -0.6
1100, 0.1
1101, 0.1
1102, 0.2
1103, 0.1
1104, -0.4
1105, 0.1
1106, -0.3
1107, -0.5
1108, -0.1
1109, 0.0
1110, -0.5
1111, -0.1
1112, 0.4
1113, 0.1
1114, -0.1
1115, 0.0
1116, 0.3
1117, -0.1
1118, 0.1
1119, 0.0
1120, 0.0
1121, 0.0
1122, 0.2
1123, -0.1
1124, 0.0
1125, -0.1
1126, 0.1
1127, 0.0
1128, -0.5
1129, 0.2
1130, -0.1
1131, -0.2
1132, 0.0
1133, 0.2
1134, -0.4
1135, 0.2
1136, 0.2
1137, -0.3
1138, 0.3
1139, -0.3
1140, 0.1
1141, -0.6
1142, 0.4
1143, -0.1
1144, -0.1
1145, 0.0
1146, 0.0
1147, -0.3
1148, 0.3
1149, 0.2
1150, 0.1
1151, 0.4
1152, 0.1
1153, 0.1
1154, 0.3
1155, 0.2
1156, -0.3
1157, -0.2
1158, 0.0
1159, 0.0
1160, -0.6
1161, 0.1
1162, -0.1
1163, 0.2
1164, -0.1
1165, -0.2
1166, 0.2
1167, 0.4
1168, 0.3
1169, -0.2
1170, -0.3
1171, -0.4
1172, -0.1
1173, 0.3
1174, 0.0
1175, 0.4
1176, -0.2
1177, 0.1
1178, 0.0
1179, 0.2
1180, 0.1
1181, 0.0
1182, -0.5
1183, -0.3
1184, 0.0
1185, -0.2
1186, 0.2
1187, 0.0
1188, -0.2
1189, -0.2
1190, 0.3
1191, 0.3
1192, -0.1
1193, -0.5
1194, -0.1
1195, -0.2
1196, -0.1
1197, 0.3
1198, 0.2
1199, 0.0
1200, -0.6
1201, 0.0
1202, 0.1
1203, -0.2
1204, 0.1
1205, 0.2
1206, 0.0
1207, 0.4
1208, 0.2
1209, 0.2
1210, -0.2
1211, 0.4
1212, 0.0
1213, -0.3
1214, -0.3
1215, 0.0
1216, -0.6
1217, -0.4
1218, 0.1
1219, 0.1
1220, 0.1
1221, 0.0
1222, 0.2
1223, 0.2
1224, 0.2
1225, 0.3
1226, -0.6
1227, 0.2
1228, -0.2
1229, 0.1
1230, -0.2
1231, 0.2
1232, -0.1
1233, -0.1
1234, 0.4
1235, -0.2
1236, 0.0
1237, 0.3
1238, 0.4
1239, -0.2
1240, 0.3
1241, -0.1
1242, 0.0
1243, 0.0
1244, 0.2
1245, 0.0
1246, -0.2
1247, -0.3
1248, 0.3
1249, 0.3
1250, 0.1
1251, 0.0
1252, -0.2
1253, 0.0
1254, 0.2
1255, -0.2
1256, 0.2
1257, -0.4
1258, -0.1
1259, -0.4
1260, 0.0
1261, 0.3
1262, 0.0
1263, 0.5
1264, -0.1
1265, 0.4
1266, 0.2
1267, -0.2
1268, 0.1
1269, 0.0
1270, 0.0
1271, -0.1
1272, 0.1
1273, -0.1
1274, -0.2
1275, 0.2
1276, 0.2
1277, -0.4
1278, 0.0
1279, 0.3
1280, 0.0
1281, 0.0
1282, -0.3
1283, -0.1
1284, 0.2
1285, 0.0
1286, -0.2
1287, 0.3
1288, 0.1
1289, 0.3
1290, 0.1
1291, 0.0
1292, 0.4
1293, -0.1
1294, 0.2
1295, 0.1
1296, -0.4
1297, 0.1
1298, 0.0
1299, 0.1
1300, -0.1
1301, -0.2
1302, -0.2
1303, -0.6
1304, -0.1
1305, -0.3
1306, 0.2
1307, -0.3
1308, 0.3
1309, 0.2
1310, 0.1
1311, 0.2
1312, -0.5
1313, 0.3
1314, -0.3
1315, -0.3
1316, 0.1
1317, -0.1
1318, -0.5
1319, -0.3
1320, 0.1
1321, 0.3
1322, -0.1
1323, 0.1
1324, -0.1
1325, 0.4
1326, -0.2
1327, 0.0
1328, 0.0
1329, -0.2
1330, 0.1
1331, 0.3
1332, 0.1
1333, 0.3
1334, 0.0
1335, 0.3
1336, -0.1
1337, -0.4
1338, -0.2
1339, 0.5
1340, -0.2
1341, 0.4
1342, 0.1
1343, -0.2
1344, 0.2
1345, 0.1
1346, 0.0
1347, 0.0
1348, 0.0
1349, 0.2
1350, 0.0
1351, -0.2
1352, 0.0
1353, -0.2
1354, -0.1
1355, 0.2
1356, 0.0
1357, 0.1
1358, 0.1
1359, 0.2
1360, 0.2
1361, -0.7
1362, 0.1
1363, 0.0
1364, -0.2
1365, -0.3
1366, 0.0
1367, -0.1
1368, 0.4
1369, 0.5
1370, 0.1
1371, -0.1
1372, 0.3
1373, 0.1
1374, -0.3
1375, 0.0
1376, 0.0
1377, 0.2
1378, 0.4
1379, 0.1
1380, 0.2
1381, 0.1
1382, 0.2
1383, 0.1
1384, 0.0
1385, 0.0
1386, 0.4
1387, 0.4
1388, -0.2
1389, -0.2
1390, -0.2
1391, 0.2
1392, 0.0
1393, -0.3
1394, 0.1
1395, 0.1
1396, 0.2
1397, 0.2
1398, -0.2
1399, -0.1
1400, 0.1
1401, 0.2
1402, 0.2
1403, -0.2
1404, 0.2
1405, 0.1
1406, -0.1
1407, 0.1
1408, -0.4
1409, 0.3
1410, 0.3
1411, -0.1
1412, 0.5
1413, -0.4
1414, 0.0
1415, 0.4
1416, 0.0
1417, 0.0
1418, 0.0
1419, 0.0
1420, 0.3
1421, -0.2
1422, 0.1
1423, -0.2
1424, 0.1
1425, 0.0
1426, -0.3
1427, 0.0
1428, 0.3
1429, -0.4
1430, 0.2
1431, -0.1
1432, 0.1
1433, 0.2
1434, 0.5
1435, 0.4
1436, 0.0
1437, -0.1
1438, -0.3
1439, -0.1
1440, 0.3
1441, 0.0
1442, 0.0
1443, 0.0
1444, -0.1
1445, -0.3
1446, 0.0
1447, 0.4
1448, 0.0
1449, 0.1
1450, -0.2
1451, 0.1
1452, 0.2
1453, 0.1
1454, 0.2
1455, -0.1
1456, 0.0
1457, 0.0
1458, 0.2
1459, -0.4
1460, 0.0
1461, 0.3
1462, 0.3
1463, 0.1
1464, 0.3
1465, 0.0
1466, 0.2
1467, -0.4
1468, 0.3
1469, 0.4
1470, -0.7
1471, -0.1
1472, -0.4
1473, -0.1
1474, 0.2
1475, 0.2
1476, 0.2
1477, 0.0
1478, 0.3
1479, 0.3
1480, 0.2
1481, 0.1
1482, 0.0
1483, 0.0
1484, 0.3
1485, 0.1
1486, 0.2
1487, 0.0
1488, -0.1
1489, 0.3
1490, 0.1
1491, -0.2
1492, -0.5
1493, -0.4
1494, 0.2
1495, 0.0
1496, 0.2
1497, 0.1
1498, 0.3
1499, 0.1
1500, 0.1
1501, 0.2
1502, 0.1
1503, -0.2
1504, 0.2
1505, 0.1
1506, -0.5
1507, 0.1
1508, 0.0
1509, -0.5
1510, 0.1
1511, -0.1
1512, 0.0
1513, 0.1
1514, -0.3
1515, 0.2
1516, -0.2
1517, 0.3
1518, -0.1
1519, -0.2
1520, -0.1
1521, -0.3
1522, -0.1
1523, -0.1
1524, 0.2
1525, 0.4
1526, 0.4
1527, 0.4
1528, 0.3
1529, 0.2
1530, 0.1
1531, 0.1
1532, 0.1
1533, 0.3
1534, 0.3
1535, 0.2
1536, 0.1
1537, 0.1
1538, -0.2
1539, -0.2
1540, 0.3
1541, 0.1
1542, -0.1
1543, -0.1
1544, -0.3
1545, 0.2
1546, 0.2
1547, 0.2
1548, -0.2
1549, 0.1
1550, 0.0
1551, 0.2
1552, -0.1
1553, 0.0
1554, 0.1
1555, 0.1
1556, 0.2
1557, -0.1
1558, -0.1
1559, 0.1
1560, -0.1
1561, -0.2
1562, -0.1
1563, 0.2
1564, 0.3
1565, -0.2
1566, 0.4
1567, 0.1
1568, -0.1
1569, 0.2
1570, 0.0
1571, 0.0
1572, -0.1
1573, -0.3
1574, -0.1
1575, 0.0
1576, 0.2
1577, 0.0
1578, 0.4
1579, -0.4
1580, -0.2
1581, -0.1
1582, 0.2
1583, 0.0
1584, -0.3
1585, -0.2
1586, -0.2
1587, 0.0
1588, -0.2
1589, -0.1
1590, 0.1
1591, -0.1
1592, -0.3
1593, 0.4
1594, 0.1
1595, -0.2
1596, 0.3
1597, 0.2
1598, -0.2
1599, -0.4
1600, 0.3
1601, -0.1
1602, -0.1
1603, 0.2
1604, 0.2
1605, 0.1
1606, -0.3
1607, 0.2
1608, 0.0
1609, 0.0
1610, 0.0
1611, -0.1
1612, -0.1
1613, -0.2
1614, -0.2
1615, 0.0
1616, -0.1
1617, 0.2
1618, 0.0
1619, -0.1
1620, 0.1
1621, -0.3
1622, -0.1
1623, 0.0
1624, 0.2
1625, 0.0
1626, -0.2
1627, 0.1
1628, 0.0
1629, 0.0
1630, 0.1
1631, 0.3
1632, 0.2
1633, -0.1
1634, -0.3
1635, 0.1
1636, 0.3
1637, 0.1
1638, 0.2
1639, -0.1
1640, -0.1
1641, -0.4
1642, -0.2
1643, 0.1
1644, 0.1
1645, 0.3
1646, 0.3
1647, 0.0
1648, 0.1
1649, 0.4
1650, -0.2
1651, -0.1
1652, -0.1
1653, -0.2
1654, 0.3
1655, 0.1
1656, -0.2
1657, 0.5
1658, -0.1
1659, 0.4
1660, -0.2
1661, 0.0
1662, 0.0
1663, 0.2
1664, 0.3
1665, 0.2
1666, -0.2
1667, 0.5
1668, -0.1
1669, -0.4
1670, -0.3
1671, -0.4
1672, -0.2
1673, -0.2
1674, 0.4
1675, -0.1
1676, 0.0
1677, 0.0
1678, -0.3
1679, 0.0
1680, 0.5
1681, 0.3
1682, -0.1
1683, -0.2
1684, 0.2
1685, 0.3
1686, 0.5
1687, -0.3
1688, 0.1
1689, 0.2
1690, 0.0
1691, -0.1
1692, -0.1
1693, -0.3
1694, -0.1
1695, 0.1
1696, -0.5
1697, 0.4
1698, -0.4
1699, 0.2
1700, 0.1
1701, 0.1
1702, 0.1
1703, -0.1
1704, 0.0
1705, 0.0
1706, -0.2
1707, -0.1
1708, -0.4
1709, -0.2
1710, 0.1
1711, -0.2
1712, -0.2
1713, -0.2
1714, 0.2
1715, -0.5
1716, 0.2
1717, -0.1
1718, 0.0
1719, -0.1
1720, -0.2
1721, 0.2
1722, 0.0
1723, 0.1
1724, 0.3
1725, 0.1
1726, 0.0
1727, 0.2
1728, -0.3
1729, -0.2
1730, 0.2
1731, -0.3
1732, -0.2
1733, 0.0
1734, -0.1
1735, 0.3
1736, 0.2
1737, 0.0
1738, 0.2
1739, 0.2
1740, 0.1
1741, 0.1
1742, -0.3
1743, 0.1
1744, -0.1
1745, -0.1
1746, -0.1
1747, 0.3
1748, -0.2
1749, -0.1
1750, 0.3
1751, 0.3
1752, 0.1
1753, 0.3
1754, 0.3
1755, -0.1
1756, -0.2
1757, -0.1
1758, 0.1
1759, -0.3
1760, 0.1
1761, 0.2
1762, 0.0
1763, 0.3
1764, 0.1
1765, 0.0
1766, 0.1
1767, 0.3
1768, -0.1
1769, 0.1
1770, -0.4
1771, 0.0
1772, -0.2
1773, -0.2
1774, -0.3
1775, -0.3
1776, 0.1
1777, -0.1
1778, -0.2
1779, 0.0
1780, -0.1
1781, 0.4
1782, 0.2
1783, 0.2
1784, -0.1
1785, 0.2
1786, 0.0
1787, 0.3
1788, -0.1
1789, 0.2
1790, 0.4
1791, 0.2
1792, 0.1
1793, -0.2
1794, 0.1
1795, -0.3
1796, 0.0
1797, -0.1
1798, -0.1
1799, -0.1
1800, -0.2
1801, 0.0
1802, -0.3
1803, 0.0
1804, -0.1
1805, -0.2
1806, 0.1
1807, -0.4
1808, -0.2
1809, -0.2
1810, 0.2
1811, 0.1
1812, 0.3
1813, 0.0
1814, 0.3
1815, 0.2
1816, 0.2
1817, -0.2
1818, 0.1
1819, -0.4
1820, 0.3
1821, 0.1
1822, -0.5
1823, 0.2
1824, 0.1
1825, 0.2
1826, 0.0
1827, 0.4
1828, 0.1
1829, 0.1
1830, 0.0
1831, -0.2
1832, 0.1
1833, -0.2
1834, 0.3
1835, -0.6
1836, 0.3
1837, 0.1
1838, -0.2
1839, 0.2
1840, 0.4
1841, -0.2
1842, -0.1
1843, -0.3
1844, 0.0
1845, -0.3
1846, -0.4
1847, -0.1
1848, 0.0
1849, 0.0
1850, 0.2
1851, 0.1
1852, -0.1
1853, 0.2
1854, -0.3
1855, 0.2
1856, 0.3
1857, 0.1
1858, 0.0
1859, 0.1
1860, 0.1
1861, -0.1
1862, -0.2
1863, 0.1
1864, 0.2
1865, 0.3
1866, -0.4
1867, -0.1
1868, -0.5
1869, 0.0
1870, 0.3
1871, 0.3
1872, 0.1
1873, 0.2
1874, -0.2
1875, -0.1
1876, 0.2
1877, -0.2
1878, 0.5
1879, 0.0
1880, 0.0
1881, 0.0
1882, 0.4
1883, 0.2
1884, 0.1
1885, 0.1
1886, -0.1
1887, 0.1
1888, 0.1
1889, 0.1
1890, -0.2
1891, -0.4
1892, 0.2
1893, 0.2
1894, 0.3
1895, 0.0
1896, 0.0
1897, 0.0
1898, -0.1
1899, 0.0
1900, -0.3
1901, 0.3
1902, 0.2
1903, 0.4
1904, -0.1
1905, -0.1
1906, 0.0
1907, -0.3
1908, 0.3
1909, -0.2
1910, -0.3
1911, -0.3
1912, -0.3
1913, 0.1
1914, 0.2
1915, -0.1
1916, -0.2
1917, 0.3
1918, 0.1
1919, -0.2
1920, 0.1
1921, 0.3
1922, -0.1
1923, -0.3
1924, 0.2
1925, -0.4
1926, 0.0
1927, 0.0
1928, -0.1
1929, -0.3
1930, -0.4
1931, 0.2
1932, 0.1
1933, 0.0
1934, -0.2
1935, -0.2
1936, -0.4
1937, -0.1
1938, -0.2
1939, -0.1
1940, 0.2
1941, 0.0
1942, 0.2
1943, 0.1
1944, -0.1
1945, 0.1
1946, 0.2
1947, 0.1
1948, -0.3
1949, -0.1
1950, 0.0
1951, -0.1
1952, -0.2
1953, -0.1
1954, 0.0
1955, -0.2
1956, 0.3
1957, 0.0
1958, -0.1
1959, 0.1
1960, -0.4
1961, -0.2
1962, 0.3
1963, 0.2
1964, -0.1
1965, 0.1
1966, -0.2
1967, 0.1
1968, -0.2
1969, 0.2
1970, 0.1
1971, 0.0
1972, 0.1
1973, 0.3
1974, -0.2
1975, -0.1
1976, -0.1
1977, 0.0
1978, 0.1
1979, -0.6
1980, 0.1
1981, 0.1
1982, -0.2
1983, -0.2
1984, 0.0
1985, 0.1
1986, -0.3
1987, 0.1
1988, 0.0
1989, -0.3
1990, -0.2
1991, -0.3
1992, 0.0
1993, 0.2
1994, 0.1
1995, 0.1
1996, 0.0
1997, -0.3
1998, -0.1
1999, 0.0
2000, 0.1
2001, -0.2
2002, 0.0
2003, 0.3
2004, 0.2
2005, -0.1
2006, 0.0
2007, 0.2
2008, 0.1
2009, 0.3
2010, 0.1
2011, -0.4
2012, -0.4
2013, 0.3
2014, 0.1
2015, -0.1
2016, -0.1
2017, 0.0
2018, -0.3
2019, 0.3
2020, 0.2
2021, -0.2
2022, 0.0
2023, -0.3
2024, 0.0
2025, -0.1
2026, 0.4
2027, 0.0
2028, 0.3
2029, -0.1
2030, 0.2
2031, 0.2
2032, -0.1
2033, 0.1
2034, -0.1
2035, 0.1
2036, 0.4
2037, -0.2
2038, -0.1
2039, 0.1
2040, 0.0
2041, -0.2
2042, 0.3
2043, 0.1
2044, 0.0
2045, 0.0
2046, -0.6
2047, -0.6
2048, 0.2
2049, 0.4
2050, -0.1
2051, 0.0
2052, -0.2
2053, -0.2
2054, 0.1
2055, -0.2
2056, 0.2
2057, 0.2
2058, 0.1
2059, -0.2
2060, 0.1
2061, 0.5
2062, -0.2
2063, 0.3
2064, 0.0
2065, -0.1
2066, 0.1
2067, 0.3
2068, 0.3
2069, 0.3
2070, 0.4
2071, 0.1
2072, 0.1
2073, -0.3
2074, -0.2
2075, 0.4
2076, -0.6
2077, 0.2
2078, 0.2
2079, 0.3
2080, -0.2
2081, -0.2
2082, 0.1
2083, -0.1
2084, 0.3
2085, -0.1
2086, 0.0
2087, -0.7
2088, 0.0
2089, -0.5
2090, -0.1
2091, -0.2
2092, 0.0
2093, 0.2
2094, -0.3
2095, -0.3
2096, 0.0
2097, -0.6
2098, 0.0
2099, 0.1
2100, 0.0
2101, -0.1
2102, -0.6
2103, -0.4
2104, -0.2
2105, 0.2
2106, -0.5
2107, 0.0
2108, -0.1
2109, -0.3
2110, 0.3
2111, 0.3
2112, -0.4
2113, -0.2
2114, 0.0
2115, 0.2
2116, -0.2
2117, 0.2
2118, -0.4
2119, -0.3
2120, 0.2
2121, 0.0
2122, 0.0
2123, -0.3
2124, -0.2
2125, 0.3
2126, -0.2
2127, -0.3
2128, -0.4
2129, 0.4
2130, -0.3
2131, -0.2
2132, 0.2
2133, -0.1
2134, -0.1
2135, 0.0
2136, 0.0
2137, -0.1
2138, -0.1
2139, 0.1
2140, 0.2
2141, -0.2
2142, 0.2
2143, 0.2
2144, -0.2
2145, 0.5
2146, -0.5
2147, 0.0
2148, -0.1
2149, 0.3
2150, -0.2
2151, 0.2
2152, -0.4
2153, 0.4
2154, -0.1
2155, 0.1
2156, 0.2
2157, 0.1
2158, -0.2
2159, -0.4
2160, 0.2
2161, -0.3
2162, -0.2
2163, -0.2
2164, 0.1
2165, 0.2
2166, 0.1
2167, 0.3
2168, -0.5
2169, 0.1
2170, -0.1
2171, 0.0
2172, -0.4
2173, 0.2
2174, 0.4
2175, -0.2
2176, -0.1
2177, 0.0
2178, -0.2
2179, -0.1
2180, -0.1
2181, -0.1
2182, 0.4
2183, -0.2
2184, -0.1
2185, -0.4
2186, -0.2
2187, 0.2
2188, 0.1
2189, -0.5
2190, -0.3
2191, 0.0
2192, -0.3
2193, -0.2
2194, 0.3
2195, -0.1
2196, -0.2
2197, 0.0
2198, -0.3
2199, 0.1
2200, -0.1
2201, -0.1
2202, -0.4
2203, 0.3
2204, 0.1
2205, 0.1
2206, 0.0
2207, 0.2
2208, 0.0
2209, 0.1
2210, 0.1
2211, -0.2
2212, -0.2
2213, 0.0
2214, -0.1
2215, -0.1
2216, -0.6
2217, 0.0
2218, -0.2
2219, 0.5
2220, -0.1
2221, 0.2
2222, 0.1
2223, 0.1
2224, -0.1
2225, -0.1
2226, -0.2
2227, -0.1
2228, 0.1
2229, 0.1
2230, -0.2
2231, 0.1
2232, -0.2
2233, 0.2
2234, -0.1
2235, 0.4
2236, 0.1
2237, 0.1
2238, -0.1
2239, -0.1
2240, -0.1
2241, -0.4
2242, 0.0
2243, -0.2
2244, -0.1
2245, 0.0
2246, 0.3
2247, -0.1
2248, 0.0
2249, -0.2
2250, 0.1
2251, -0.4
2252, 0.1
2253, 0.2
2254, 0.0
2255, -0.3
2256, -0.1
2257, 0.3
2258, -0.1
2259, 0.3
2260, 0.2
2261, 0.2
2262, -0.4
2263, 0.0
2264, 0.2
2265, 0.2
2266, 0.0
2267, -0.4
2268, -0.2
2269, 0.1
2270, 0.2
2271, 0.0
2272, 0.0
2273, -0.6
2274, 0.1
2275, 0.0
2276, 0.2
2277, 0.1
2278, 0.0
2279, -0.1
2280, -0.1
2281, -0.1
2282, 0.0
2283, 0.4
2284, 0.1
2285, 0.0
2286, -0.1
2287, 0.3
2288, 0.1
2289, -0.2
2290, 0.2
2291, 0.3
2292, 0.0
2293, 0.0
2294, -0.1
2295, 0.1
2296, 0.1
2297, 0.1
2298, 0.3
2299, 0.2
2300, 0.0
2301, 0.2
2302, -0.1
2303, 0.5
2304, -0.2
2305, -0.4
2306, 0.1
2307, 0.1
2308, -0.2
2309, 0.2
2310, -0.1
2311, 0.0
2312, 0.4
2313, -0.3
2314, 0.1
2315, -0.2
2316, 0.0
2317, 0.2
2318, 0.1
2319, -0.1
2320, -0.4
2321, 0.3
2322, -0.1
2323, 0.1
2324, 0.1
2325, -0.2
2326, 0.2
2327, -0.4
2328, -0.1
2329, -0.4
2330, -0.1
2331, -0.2
2332, -0.2
2333, 0.2
2334, -0.1
2335, 0.3
2336, 0.1
2337, 0.3
2338, 0.5
2339, 0.4
2340, -0.1
2341, 0.1
2342, -0.3
2343, -0.1
2344, -0.4
2345, -0.3
2346, 0.1
2347, 0.3
2348, -0.4
2349, -0.1
2350, -0.2
2351, -0.2
2352, 0.2
2353, 0.3
2354, 0.2
2355, 0.1
2356, 0.3
2357, 0.2
2358, -0.1
2359, -0.1
2360, 0.2
2361, 0.0
2362, 0.2
2363, -0.2
2364, 0.0
2365, 0.2
2366, -0.1
2367, -0.2
2368, 0.0
2369, -0.1
2370, 0.1
2371, 0.2
2372, -0.1
2373, 0.0
2374, 0.2
2375, 0.2
2376, 0.1
2377, 0.4
2378, 0.3
2379, 0.1
2380, -0.2
2381, 0.2
2382, -0.2
2383, 0.1
2384, -0.3
2385, 0.2
2386, 0.0
2387, 0.0
2388, 0.2
2389, 0.1
2390, 0.2
2391, 0.0
2392, 0.2
2393, -0.4
2394, 0.0
2395, -0.4
2396, 0.0
2397, -0.3
2398, -0.1
2399, 0.0
2400, 0.1
2401, 0.0
2402, 0.1
2403, -0.6
2404, -0.3
2405, -0.1
2406, 0.0
2407, 0.1
2408, -0.1
2409, -0.1
2410, 0.3
2411, 0.2
2412, 0.1
2413, 0.2
2414, 0.1
2415, 0.0
2416, -0.3
2417, -0.3
2418, 0.2
2419, -0.3
2420, 0.1
2421, 0.3
2422, -0.1
2423, 0.2
2424, 0.0
2425, 0.0
2426, 0.1
2427, 0.0
2428, 0.1
2429, 0.2
2430, -0.2
2431, 0.1
2432, 0.0
2433, 0.1
2434, -0.5
2435, 0.1
2436, 0.2
2437, 0.0
2438, -0.3
2439, -0.4
2440, 0.3
2441, 0.1
2442, 0.1
2443, -0.2
2444, 0.3
2445, 0.0
2446, -0.1
2447, -0.2
2448, 0.0
2449, -0.1
2450, -0.4
2451, -0.3
2452, 0.2
2453, 0.1
2454, -0.2
2455, -0.1
2456, -0.4
2457, -0.2
2458, 0.1
2459, 0.0
2460, 0.2
2461, 0.1
2462, 0.1
2463, -0.2
2464, 0.1
2465, 0.0
2466, 0.1
2467, -0.5
2468, 0.2
2469, 0.0
2470, 0.2
2471, -0.2
2472, 0.2
2473, -0.3
2474, -0.1
2475, 0.3
2476, 0.5
2477, 0.1
2478, 0.1
2479, -0.4
2480, 0.1
2481, -0.2
2482, 0.2
2483, -0.5
2484, 0.0
2485, -0.2
2486, -0.3
2487, 0.2
2488, 0.2
2489, -0.5
2490, 0.1
2491, 0.1
2492, 0.0
2493, 0.1
2494, 0.2
2495, -0.4
2496, 0.2
2497, -0.4
2498, -0.1
2499, 0.0
2500, 0.1
2501, 0.0
2502, 0.1
2503, 0.1
2504, -0.2
2505, 0.0
2506, -0.1
2507, -0.2
2508, -0.3
2509, 0.1
2510, 0.2
2511, -0.1
2512, 0.1
2513, -0.2
2514, -0.3
2515, -0.1
2516, 0.1
2517, 0.0
2518, 0.1
2519, -0.1
2520, 0.2
2521, 0.1
2522, 0.5
2523, 0.2
2524, -0.1
2525, 0.2
2526, 0.1
2527, -0.1
2528, 0.2
2529, 0.3
2530, -0.3
2531, 0.2
2532, 0.1
2533, 0.2
2534, -0.1
2535, 0.2
2536, 0.0
2537, 0.1
2538, 0.0
2539, 0.2
2540, -0.1
2541, 0.0
2542, 0.1
2543, -0.2
2544, 0.0
2545, -0.2
2546, -0.2
2547, -0.1
2548, 0.5
2549, -0.1
2550, 0.0
2551, -0.2
2552, 0.2
2553, -0.2
2554, 0.1
2555, 0.4
2556, 0.0
2557, -0.4
2558, 0.2
2559, 0.1
2560, 0.0
2561, 0.2
2562, 0.1
2563, -0.1
2564, 0.0
2565, -0.2
2566, 0.0
2567, 0.4
2568, 0.2
2569, 0.1
2570, -0.2
2571, -0.3
2572, 0.2
2573, -0.6
2574, -0.1
2575, -0.1
2576, -0.4
2577, 0.3
2578, 0.4
2579, 0.3
2580, 0.0
2581, -0.2
2582, 0.0
2583, 0.3
2584, -0.1
2585, 0.1
2586, 0.4
2587, -0.3
2588, 0.1
2589, 0.3
2590, 0.1
2591, 0.3
2592, -0.1
2593, -0.3
2594, 0.5
2595, 0.2
2596, 0.1
2597, -0.2
2598, 0.0
2599, 0.1
2600, -0.3
2601, -0.6
2602, 0.0
2603, -0.1
2604, 0.2
2605, -0.5
2606, 0.2
2607, 0.1
2608, -0.4
2609, -0.3
2610, 0.4
2611, 0.2
2612, -0.1
2613, -0.2
2614, 0.1
2615, 0.0
2616, 0.3
2617, 0.3
2618, -0.1
2619, 0.5
2620, 0.3
2621, 0.0
2622, -0.3
2623, -0.3
2624, -0.1
2625, -0.1
2626, 0.0
2627, -0.3
2628, -0.1
2629, -0.2
2630, 0.1
2631, 0.3
2632, -0.1
2633, -0.5
2634, -0.1
2635, 0.2
2636, 0.0
2637, 0.1
2638, 0.2
2639, 0.0
2640, 0.3
2641, -0.5
2642, -0.1
2643, 0.5
2644, -0.1
2645, 0.0
2646, -0.2
2647, 0.0
2648, 0.0
2649, 0.0
2650, 0.1
2651, 0.0
2652, 0.1
2653, 0.4
2654, -0.2
2655, 0.4
2656, 0.5
2657, 0.1
2658, -0.1
2659, 0.1
2660, -0.2
2661, 0.1
2662, -0.1
2663, 0.1
2664, -0.3
2665, 0.1
2666, 0.1
2667, 0.0
2668, 0.2
2669, -0.1
2670, 0.0
2671, -0.4
2672, -0.3
2673, 0.2
2674, -0.1
2675, 0.3
2676, -0.1
2677, 0.3
2678, -0.3
2679, 0.4
2680, 0.2
2681, 0.4
2682, 0.4
2683, -0.2
2684, -0.1
2685, 0.3
2686, -0.5
2687, 0.1
2688, 0.0
2689, 0.0
2690, 0.3
2691, -0.1
2692, 0.1
2693, -0.1
2694, 0.4
2695, -0.3
2696, -0.1
2697, -0.1
2698, -0.2
2699, 0.0
2700, -0.1
2701, -0.1
2702, 0.0
2703, -0.2
2704, 0.3
2705, -0.2
2706, 0.1
2707, -0.4
2708, 0.0
2709, -0.2
2710, -0.6
2711, 0.1
2712, 0.3
2713, 0.3
2714, 0.0
2715, 0.2
2716, 0.1
2717, -0.3
2718, 0.3
2719, 0.4
2720, -0.1
2721, -0.3
2722, 0.2
2723, 0.0
2724, 0.0
2725, -0.1
2726, -0.3
2727, -0.2
2728, 0.0
2729, -0.1
2730, -0.1
2731, -0.2
2732, 0.1
2733, 0.1
2734, 0.2
2735, 0.2
2736, -0.3
2737, 0.0
2738, 0.3
2739, 0.1
2740, 0.3
2741, 0.1
2742, 0.1
2743, 0.1
2744, 0.1
2745, 0.0
2746, 0.0
2747, -0.1
2748, -0.1
2749, -0.1
2750, -0.1
2751, 0.1
2752, -0.1
2753, 0.1
2754, 0.1
2755, -0.2
2756, 0.1
2757, -0.2
2758, 0.4
2759, 0.0
2760, -0.1
2761, 0.3
2762, -0.1
2763, -0.3
2764, -0.2
2765, 0.0
2766, 0.2
2767, -0.2
2768, 0.3
2769, 0.1
2770, -0.3
2771, -0.4
2772, -0.2
2773, 0.0
2774, 0.0
2775, -0.1
2776, 0.3
2777, 0.3
2778, -0.1
2779, 0.1
2780, 0.4
2781, 0.0
2782, 0.4
2783, -0.1
2784, 0.2
2785, -0.4
2786, -0.2
2787, -0.3
2788, 0.0
2789, -0.3
2790, 0.0
2791, -0.1
2792, -0.1
2793, 0.1
2794, -0.1
2795, -0.1
2796, 0.0
2797, -0.3
2798, -0.2
2799, 0.1
2800, -0.1
2801, 0.2
2802, 0.5
2803, 0.0
2804, -0.1
2805, -0.5
2806, -0.3
2807, 0.2
2808, 0.0
2809, 0.2
2810, -0.2
2811, -0.1
2812, 0.2
2813, -0.2
2814, -0.4
2815, -0.1
2816, 0.0
2817, -0.3
2818, -0.1
2819, 0.2
2820, 0.4
2821, -0.5
2822, 0.1
2823, 0.0
2824, 0.1
2825, -0.1
2826, 0.0
2827, -0.5
2828, 0.4
2829, 0.4
2830, 0.2
2831, 0.4
2832, 0.2
2833, -0.1
2834, 0.3
2835, 0.3
2836, 0.2
2837, 0.1
2838, 0.3
2839, -0.4
2840, -0.2
2841, -0.7
2842, 0.3
2843, 0.0
2844, 0.1
2845, -0.6
2846, -0.1
2847, 0.3
2848, 0.5
2849, -0.3
2850, 0.0
2851, -0.4
2852, 0.2
2853, -0.4
2854, 0.2
2855, -0.3
2856, -0.1
2857, -0.1
2858, 0.2
2859, -0.2
2860, -0.1
2861, 0.3
2862, -0.2
2863, 0.0
2864, 0.0
2865, -0.2
2866, 0.0
2867, -0.4
2868, -0.2
2869, 0.0
2870, 0.3
2871, 0.1
2872, 0.3
2873, -0.2
2874, 0.2
2875, 0.0
2876, -0.2
2877, 0.3
2878, 0.3
2879, 0.2
2880, 0.1
2881, 0.2
2882, 0.0
2883, -0.2
2884, 0.0
2885, 0.2
2886, -0.3
2887, -0.1
2888, -0.1
2889, 0.1
2890, 0.2
2891, -0.1
2892, 0.0
2893, -0.2
2894, -0.1
2895, -0.1
2896, -0.1
2897, 0.4
2898, 0.0
2899, 0.2
2900, -0.4
2901, -0.2
2902, -0.4
2903, -0.1
2904, 0.0
2905, 0.3
2906, 0.0
2907, 0.0
2908, -0.2
2909, 0.3
2910, -0.1
2911, -0.2
2912, -0.1
2913, 0.3
2914, 0.0
2915, 0.0
2916, 0.0
2917, 0.2
2918, 0.1
2919, -0.3
2920, 0.1
2921, 0.2
2922, -0.4
2923, -0.1
2924, -0.5
2925, -0.4
2926, 0.1
2927, -0.6
2928, 0.1
2929, 0.1
2930, 0.0
2931, 0.1
2932, -0.1
2933, 0.1
2934, 0.1
2935, 0.0
2936, 0.2
2937, 0.2
2938, 0.2
2939, 0.2
2940, 0.1
2941, 0.3
2942, -0.5
2943, -0.3
2944, -0.3
2945, 0.2
2946, 0.0
2947, 0.3
2948, -0.3
2949, 0.3
2950, -0.2
2951, 0.7
2952, 0.0
2953, -0.4
2954, 0.1
2955, 0.1
2956, 0.2
2957, 0.0
2958, 0.3
2959, 0.2
2960, -0.4
2961, 0.1
2962, 0.2
2963, 0.3
2964, 0.2
2965, -0.1
2966, 0.2
2967, 0.1
2968, 0.1
2969, 0.0
2970, -0.1
2971, 0.3
2972, -0.2
2973, -0.4
2974, -0.3
2975, 0.0
2976, 0.3
2977, -0.1
2978, -0.1
2979, 0.5
2980, 0.0
2981, -0.1
2982, 0.1
2983, 0.4
2984, -0.1
2985, -0.1
2986, 0.0
2987, -0.2
2988, -0.5
2989, 0.3
2990, -0.1
2991, 0.0
2992, -0.1
2993, 0.3
2994, -0.5
2995, 0.2
2996, 0.0
2997, -0.3
2998, -0.1
2999, -0.1
3000, 0.1
3001, 0.1
3002, 0.1
3003, -0.2
3004, -0.2
3005, -0.4
3006, 0.1
3007, -0.1
3008, 0.4
3009, 0.1
3010, 0.1
3011, 0.2
3012, -0.3
3013, 0.1
3014, 0.1
3015, -0.1
3016, 0.2
3017, -0.1
3018, 0.1
3019, 0.0
3020, -0.3
3021, 0.1
3022, 0.3
3023, -0.1
3024, 0.1
3025, 0.0
3026, 0.0
3027, -0.3
3028, 0.0
3029, 0.2
3030, -0.3
3031, -0.1
3032, -0.3
3033, 0.3
3034, -0.1
3035, -0.2
3036, 0.4
3037, -0.3
3038, 0.2
3039, 0.3
3040, -0.1
3041, 0.0
3042, 0.0
3043, -0.4
3044, 0.2
3045, 0.0
3046, 0.4
3047, 0.0
3048, -0.1
3049, -0.1
3050, 0.0
3051, 0.3
3052, 0.1
3053, 0.0
3054, 0.0
3055, -0.2
3056, 0.1
3057, 0.3
3058, -0.2
3059, 0.0
3060, -0.2
3061, 0.2
3062, -0.1
3063, -0.2
3064, 0.1
3065, 0.1
3066, 0.2
3067, 0.1
3068, 0.1
3069, 0.1
3070, -0.1
3071, -0.4
3072, 0.2
3073, 0.1
3074, 0.1
3075, 0.3
3076, 0.3
3077, 0.2
3078, 0.3
3079, 0.1
3080, -0.1
3081, -0.6
3082, -0.1
3083, -0.1
3084, -0.1
3085, 0.2
3086, 0.0
3087, 0.1
3088, 0.2
3089, 0.2
3090, 0.1
3091, 0.0
3092, 0.4
3093, 0.0
3094, 0.2
3095, -0.1
3096, 0.1
3097, 0.0
3098, -0.5
3099, 0.3
3100, 0.2
3101, -0.3
3102, 0.3
3103, 0.0
3104, -0.1
3105, 0.1
3106, 0.4
3107, -0.4
3108, 0.0
3109, -0.2
3110, -0.1
3111, 0.1
3112, 0.0
3113, -0.2
3114, 0.0
3115, -0.1
3116, 0.1
3117, 0.0
3118, 0.1
3119, -0.2
3120, -0.4
3121, 0.2
3122, 0.0
3123, -0.2
3124, -0.2
3125, 0.1
3126, -0.6
3127, -0.1
3128, 0.1
3129, -0.2
3130, -0.2
3131, 0.0
3132, 0.0
3133, -0.4
3134, -0.4
3135, -0.2
3136, 0.2
3137, 0.5
3138, -0.1
3139, 0.3
3140, -0.2
3141, 0.1
3142, 0.2
3143, -0.3
3144, 0.1
3145, 0.0
3146, -0.2
3147, 0.0
3148, 0.0
3149, -0.3
3150, -0.8
3151, 0.0
3152, 0.0
3153, 0.2
3154, 0.1
3155, -0.2
3156, 0.1
3157, 0.2
3158, 0.3
3159, -0.1
3160, 0.2
3161, 0.1
3162, 0.0
3163, 0.1
3164, 0.0
3165, 0.0
3166, -0.4
3167, -0.3
3168, 0.3
3169, 0.2
3170, 0.3
3171, -0.2
3172, 0.0
3173, -0.1
3174, 0.3
3175, 0.3
3176, 0.3
3177, -0.2
3178, -0.2
3179, -0.1
3180, -0.1
3181, 0.2
3182, 0.1
3183, 0.2
3184, 0.0
3185, 0.3
3186, 0.3
3187, -0.1
3188, -0.3
3189, -0.3
3190, 0.1
3191, -0.1
3192, 0.2
3193, 0.0
3194, -0.3
3195, 0.1
3196, 0.0
3197, 0.0
3198, -0.1
3199, 0.1
3200, -0.1
3201, 0.0
3202, 0.0
3203, 0.0
3204, -0.1
3205, -0.1
3206, 0.1
3207, -0.2
3208, -0.1
3209, 0.0
3210, 0.0
3211, 0.1
3212, 0.1
3213, -0.2
3214, 0.1
3215, -0.5
3216, 0.1
3217, -0.1
3218, 0.1
3219, 0.2
3220, 0.2
3221, -0.1
3222, 0.3
3223, -0.1
3224, -0.1
3225, -0.3
3226, 0.1
3227, 0.2
3228, -0.1
3229, 0.1
3230, 0.3
3231, 0.1
3232, 0.2
3233, -0.5
3234, -0.3
3235, 0.0
3236, 0.0
3237, 0.2
3238, 0.1
3239, 0.1
3240, 0.0
3241, 0.0
3242, -0.1
3243, 0.0
3244, 0.4
3245, -0.1
3246, 0.1
3247, 0.0
3248, -0.2
3249, 0.0
3250, -0.2
3251, 0.0
3252, -0.3
3253, 0.5
3254, -0.1
3255, -0.5
3256, 0.0
3257, 0.1
3258, 0.1
3259, 0.1
3260, 0.1
3261, 0.2
3262, -0.2
3263, -0.3
3264, 0.3
3265, 0.2
3266, 0.3
3267, 0.1
3268, 0.1
3269, -0.1
3270, 0.1
3271, -0.4
3272, -0.1
3273, -0.2
3274, 0.5
3275, -0.1
3276, 0.0
3277, 0.2
3278, 0.0
3279, 0.3
3280, 0.4
3281, 0.2
3282, -0.4
3283, -0.3
3284, 0.2
3285, 0.3
3286, -0.4
3287, 0.3
3288, -0.3
3289, -0.1
3290, -0.3
3291, -0.2
3292, 0.2
3293, 0.1
3294, 0.3
3295, 0.3
3296, 0.0
3297, -0.4
3298, 0.2
3299, 0.1
3300, 0.4
3301, 0.0
3302, 0.0
3303, 0.1
3304, 0.2
3305, -0.2
3306, 0.0
3307, 0.0
3308, -0.1
3309, 0.1
3310, 0.1
3311, -0.5
3312, -0.2
3313, 0.1
3314, 0.0
3315, 0.5
3316, -0.2
3317, 0.2
3318, -0.1
3319, 0.0
3320, -0.1
3321, 0.1
3322, 0.2
3323, -0.5
3324, 0.1
3325, -0.2
3326, -0.1
3327, 0.1
3328, 0.1
3329, -0.2
3330, 0.3
3331, -0.1
3332, -0.3
3333, -0.2
3334, 0.2
3335, 0.0
3336, -0.2
3337, 0.2
3338, -0.1
3339, -0.1
3340, -0.3
3341, 0.2
3342, 0.1
3343, 0.1
3344, -0.3
3345, 0.1
3346, -0.2
3347, -0.5
3348, -0.1
3349, 0.2
3350, 0.0
3351, 0.0
3352, 0.1
3353, -0.3
3354, -0.3
3355, -0.5
3356, 0.1
3357, 0.3
3358, 0.0
3359, -0.1
3360, 0.0
3361, -0.4
3362, 0.1
3363, -0.4
3364, -0.3
3365, 0.3
3366, 0.2
3367, 0.4
3368, -0.1
3369, 0.0
3370, 0.1
3371, 0.0
3372, 0.4
3373, 0.3
3374, 0.4
3375, 0.2
3376, 0.3
3377, 0.2
3378, 0.1
3379, 0.2
3380, -0.2
3381, 0.0
3382, 0.0
3383, -0.1
3384, -0.1
3385, -0.4
3386, -0.6
3387, -0.5
3388, 0.0
3389, -0.7
3390, 0.1
3391, -0.4
3392, -0.3
3393, 0.1
3394, -0.1
3395, 0.1
3396, -0.1
3397, -0.2
3398, 0.2
3399, -0.2
3400, -0.3
3401, 0.0
3402, 0.2
3403, 0.2
3404, 0.2
3405, 0.2
3406, 0.1
3407, 0.2
3408, 0.0
3409, 0.3
3410, -0.2
3411, -0.2
3412, 0.0
3413, 0.2
3414, -0.5
3415, -0.1
3416, 0.3
3417, -0.2
3418, 0.3
3419, 0.3
3420, -0.1
3421, 0.1
3422, 0.1
3423, -0.3
3424, 0.2
3425, -0.2
3426, 0.1
3427, -0.1
3428, -0.1
3429, 0.0
3430, -0.1
3431, 0.0
3432, -0.2
3433, -0.2
3434, 0.2
3435, 0.0
3436, 0.3
3437, -0.1
3438, 0.4
3439, 0.0
3440, -0.2
3441, 0.0
3442, 0.0
3443, -0.2
3444, -0.1
3445, 0.0
3446, -0.1
3447, 0.1
3448, 0.1
3449, 0.0
3450, 0.4
3451, -0.3
3452, -0.3
3453, -0.3
3454, 0.1
3455, -0.2
3456, -0.2
3457, -0.4
3458, -0.1
3459, 0.0
3460, 0.1
3461, 0.0
3462, 0.1
3463, -0.2
3464, 0.3
3465, -0.1
3466, 0.0
3467, -0.1
3468, 0.0
3469, -0.3
3470, -0.4
3471, -0.3
3472, -0.4
3473, -0.1
3474, 0.3
3475, 0.2
3476, -0.1
3477, 0.3
3478, 0.4
3479, 0.2
3480, 0.2
3481, -0.2
3482, 0.1
3483, 0.4
3484, 0.1
3485, -0.2
3486, 0.2
3487, 0.1
3488, -0.1
3489, -0.3
3490, 0.2
3491, 0.0
3492, 0.3
3493, 0.2
3494, 0.0
3495, 0.1
3496, 0.1
3497, -0.1
3498, -0.3
3499, 0.1
3500, -0.1
3501, 0.1
3502, 0.1
3503, -0.1
3504, 0.1
3505, -0.2
3506, 0.0
3507, -0.3
3508, 0.1
3509, 0.4
3510, 0.1
3511, 0.1
3512, 0.0
3513, 0.1
3514, 0.1
3515, 0.1
3516, -0.4
3517, 0.2
3518, -0.5
3519, 0.2
3520, -0.2
3521, -0.1
3522, 0.1
3523, -0.2
3524, 0.4
3525, 0.5
3526, 0.3
3527, 0.0
3528, 0.0
3529, 0.0
3530, 0.0
3531, 0.2
3532, 0.3
3533, 0.1
3534, 0.0
3535, 0.0
3536, 0.2
3537, -0.2
3538, -0.1
3539, -0.1
3540, 0.1
3541, 0.0
3542, -0.1
3543, 0.2
3544, -0.3
3545, 0.4
3546, -0.2
3547, 0.0
3548, -0.1
3549, -0.3
3550, 0.0
3551, 0.2
3552, 0.2
3553, 0.3
3554, -0.5
3555, 0.1
3556, -0.2
3557, -0.1
3558, -0.3
3559, 0.3
3560, 0.1
3561, 0.2
3562, 0.2
3563, 0.1
3564, 0.1
3565, 0.1
3566, 0.0
3567, 0.1
3568, -0.1
3569, 0.1
3570, -0.3
3571, 0.2
3572, 0.0
3573, 0.4
3574, -0.3
3575, 0.1
3576, 0.0
3577, -0.3
3578, 0.0
3579, 0.1
3580, 0.0
3581, -0.3
3582, -0.2
3583, -0.1
3584, 0.2
3585, 0.0
3586, -0.5
3587, -0.1
3588, 0.0
3589, -0.1
3590, 0.3
3591, -0.4
3592, 0.0
3593, -0.1
3594, 0.3
3595, 0.1
3596, 0.3
3597, 0.1
3598, 0.0
3599, 0.1
3600, -0.5
3601, 0.0
3602, 0.5
3603, 0.1
3604, 0.4
3605, -0.3
3606, 0.1
3607, -0.5
3608, -0.2
3609, -0.3
3610, 0.3
3611, -0.1
3612, -0.1
3613, -0.1
3614, 0.1
3615, 0.0
3616, 0.1
3617, 0.1
3618, 0.0
3619, 0.2
3620, -0.2
3621, 0.1
3622, 0.0
3623, 0.1
3624, 0.0
3625, 0.2
3626, 0.1
3627, -0.3
3628, 0.0
3629, 0.0
3630, -0.3
3631, -0.1
3632, 0.0
3633, 0.1
3634, -0.2
3635, 0.1
3636, -0.2
3637, 0.2
3638, -0.1
3639, 0.2
3640, 0.2
3641, -0.3
3642, 0.3
3643, -0.4
3644, -0.3
3645, -0.1
3646, 0.1
3647, 0.0
3648, 0.0
3649, 0.1
3650, 0.2
3651, -0.5
3652, -0.1
3653, -0.1
3654, -0.4
3655, -0.3
3656, 0.2
3657, 0.1
3658, -0.1
3659, 0.0
3660, 0.0
3661, 0.0
3662, -0.3
3663, 0.0
3664, 0.4
3665, 0.3
3666, 0.2
3667, -0.1
3668, 0.4
3669, 0.1
3670, 0.4
3671, 0.0
3672, -0.2
3673, 0.2
3674, 0.1
3675, -0.3
3676, 0.0
3677, 0.3
3678, -0.2
3679, 0.1
3680, 0.3
3681, 0.2
3682, -0.2
3683, -0.3
3684, -0.5
3685, -0.1
3686, 0.1
3687, -0.1
3688, -0.1
3689, 0.1
3690, 0.1
3691, 0.2
3692, 0.4
3693, -0.3
3694, -0.1
3695, 0.0
3696, -0.2
3697, 0.2
3698, -0.3
3699, 0.1
3700, 0.0
3701, -0.2
3702, 0.1
3703, 0.0
3704, -0.2
3705, -0.1
3706, 0.4
3707, 0.3
3708, 0.2
3709, 0.1
3710, 0.0
3711, -0.2
3712, 0.1
3713, -0.2
3714, -0.1
3715, -0.2
3716, 0.0
3717, 0.2
3718, 0.0
3719, 0.0
3720, -0.1
3721, -0.3
3722, 0.0
3723, 0.2
3724, 0.2
3725, 0.1
3726, 0.0
3727, 0.0
3728, 0.1
3729, -0.1
3730, 0.4
3731, 0.0
3732, 0.0
3733, 0.2
3734, 0.0
3735, 0.0
3736, -0.2
3737, -0.2
3738, 0.3
3739, 0.2
3740, -0.1
3741, 0.1
3742, 0.4
3743, -0.2
3744, 0.1
3745, 0.3
3746, 0.3
3747, 0.2
3748, -0.2
3749, -0.3
3750, 0.2
3751, -0.3
3752, 0.1
3753, 0.3
3754, 0.1
3755, 0.4
3756, 0.4
3757, 0.1
3758, 0.1
3759, 0.0
3760, -0.1
3761, 0.1
3762, -0.4
3763, -0.3
3764, 0.1
3765, -0.1
3766, -0.1
3767, 0.2
3768, 0.1
3769, 0.0
3770, 0.3
3771, -0.2
3772, -0.1
3773, 0.3
3774, 0.1
3775, -0.4
3776, -0.1
3777, 0.2
3778, 0.3
3779, 0.3
3780, -0.1
3781, -0.1
3782, 0.2
3783, 0.3
3784, 0.1
3785, 0.0
3786, 0.4
3787, 0.0
3788, 0.1
3789, 0.1
3790, 0.0
3791, 0.2
3792, 0.4
3793, 0.0
3794, 0.3
3795, 0.1
3796, -0.1
3797, 0.3
3798, 0.2
3799, -0.1
3800, -0.1
3801, 0.1
3802, 0.1
3803, -0.3
3804, 0.0
3805, -0.2
3806, 0.0
3807, 0.3
3808, 0.0
3809, 0.4
3810, 0.4
3811, -0.3
3812, 0.3
3813, -0.5
3814, 0.4
3815, -0.1
3816, 0.3
3817, 0.2
3818, -0.1
3819, -0.3
3820, -0.2
3821, 0.2
3822, 0.3
3823, -0.2
3824, 0.0
3825, -0.1
3826, 0.3
3827, 0.3
3828, -0.3
3829, 0.0
3830, 0.1
3831, 0.2
3832, -0.2
3833, 0.3
3834, 0.0
3835, 0.2
3836, 0.0
3837, 0.1
3838, 0.1
3839, 0.1
3840, -0.1
3841, 0.1
3842, 0.2
3843, 0.1
3844, 0.4
3845, 0.2
3846, 0.2
3847, -0.4
3848, -0.2
3849, 0.2
3850, -0.2
3851, -0.3
3852, -0.3
3853, 0.3
3854, -0.1
3855, 0.3
3856, 0.1
3857, 0.0
3858, 0.1
3859, 0.2
3860, 0.1
3861, 0.0
3862, 0.0
3863, 0.2
3864, 0.3
3865, -0.2
3866, -0.2
3867, 0.1
3868, 0.4
3869, -0.1
3870, 0.0
3871, -0.2
3872, -0.1
3873, 0.1
3874, 0.1
3875, -0.2
3876, -0.4
3877, -0.2
3878, 0.1
3879, -0.1
3880, 0.0
3881, 0.4
3882, -0.1
3883, -0.2
3884, -0.1
3885, -0.1
3886, 0.3
3887, 0.1
3888, -0.1
3889, 0.3
3890, 0.1
3891, -0.1
3892, -0.2
3893, 0.2
3894, -0.2
3895, -0.1
3896, -0.1
3897, 0.2
3898, 0.4
3899, -0.2
3900, 0.3
3901, -0.1
3902, 0.3
3903, -0.3
3904, -0.1
3905, -0.1
3906, 0.3
3907, 0.0
3908, 0.0
3909, 0.1
3910, 0.3
3911, -0.5
3912, 0.0
3913, -0.2
3914, 0.1
3915, -0.4
3916, -0.4
3917, 0.3
3918, -0.5
3919, 0.0
3920, 0.2
3921, 0.0
3922, 0.2
3923, 0.0
3924, -0.2
3925, -0.4
3926, 0.2
3927, -0.2
3928, 0.4
3929, 0.0
3930, 0.0
3931, 0.2
3932, -0.2
3933, 0.0
3934, 0.0
3935, 0.1
3936, 0.2
3937, -0.1
3938, 0.2
3939, 0.2
3940, 0.4
3941, 0.0
3942, -0.1
3943, 0.0
3944, -0.1
3945, 0.1
3946, -0.1
3947, -0.2
3948, 0.1
3949, -0.3
3950, -0.2
3951, 0.0
3952, 0.1
3953, 0.4
3954, 0.1
3955, 0.0
3956, 0.0
3957, -0.3
3958, -0.1
3959, 0.0
3960, 0.0
3961, -0.4
3962, 0.1
3963, -0.2
3964, 0.0
3965, 0.2
3966, -0.4
3967, 0.3
3968, -0.3
3969, -0.1
3970, -0.1
3971, 0.0
3972, -0.3
3973, -0.1
3974, -0.2
3975, -0.1
3976, 0.1
3977, 0.2
3978, 0.3
3979, 0.4
3980, 0.2
3981, 0.2
3982, 0.0
3983, 0.3
3984, 0.3
3985, -0.3
3986, 0.1
3987, -0.5
3988, 0.2
3989, 0.0
3990, 0.1
3991, 0.2
3992, 0.0
3993, -0.3
3994, 0.1
3995, -0.1
3996, 0.1
3997, 0.1
3998, 0.3
3999, -0.5
