0, 0.2
1, -0.2
2, 0.0
3, -0.1
4, 0.6
5, 0.0
6, 0.0
7, 0.1
8, 0.2
9, 0.2
10, -0.1
11, -0.5
12, 0.1
13, 0.3
14, 0.2
15, 0.2
16, -0.3
17, -0.4
18, -0.1
19, 0.5
20, 0.0
21, -0.2
22, 0.0
23, -0.3
24, -0.5
25, -0.1
26, -0.1
27, -0.5
28, 0.2
29, -0.1
30, -0.2
31, 0.5
32, 0.1
33, -0.3
34, -0.3
35, 0.1
36, 0.1
37, -0.5
38, 0.2
39, 0.1
40, -0.3
41, 0.2
42, -0.2
43, -0.5
44, -0.2
45, 0.0
46, 0.0
47, -0.4
48, -0.2
49, -0.3
50, 0.1
51, -0.2
52, 0.1
53, 0.2
54, 0.3
55, -0.2
56, 0.4
57, 0.0
58, 0.1
59, 0.4
60, 0.2
61, 0.1
62, 0.2
63, 0.0
64, -0.1
65, -0.1
66, -0.2
67, 0.4
68, -0.1
69, 0.1
70, -0.1
71, -0.2
72, 0.0
73, 0.2
74, -0.1
75, 0.3
76, 0.2
77, 0.0
78, -0.5
79, -0.2
80, -0.3
81, -0.3
82, 0.4
83, -0.4
84, -0.5
85, 0.5
86, 0.3
87, 0.2
88, 0.1
89, 0.0
90, -0.1
91, 0.0
92, -0.1
93, 0.4
94, -0.1
95, 0.0
96, -0.6
97, 0.0
98, 0.1
99, 0.0
100, 0.0
101, 0.2
102, -0.1
103, 0.6
104, 0.1
105, 0.1
106, -0.1
107, -0.2
108, 0.3
109, -0.4
110, 0.3
111, 0.1
112, 0.0
113, 0.0
114, 0.0
115, 0.2
116, -0.1
117, -0.4
118, -0.2
119, -0.6
120, 0.2
121, 0.0
122, 0.0
123, -0.4
124, 0.0
125, 0.2
126, 0.1
127, 0.0
128, -0.6
129, 0.0
130, 0.3
131, -0.4
132, 0.1
133, 0.3
134, 0.0
135, -0.2
136, 0.2
137, 0.1
138, 0.0
139, -0.6
140, 0.0
141, 0.5
142, 0.0
143, -0.3
144, 0.0
145, -0.1
146, -0.3
147, -0.1
148, 0.3
149, -0.3
150, 0.1
151, 0.3
152, 0.1
153, 0.1
154, 0.2
155, 0.0
156, 0.3
157, -0.2
158, 0.1
159, 0.1
160, 0.4
161, 0.0
162, 0.1
163, 0.3
164, -0.3
165, -0.3
166, 0.1
167, -0.4
168, 0.1
169, 0.1
170, 0.1
171, 0.1
172, 0.1
173, 0.3
174, 0.1
175, 0.0
176, -0.2
177, 0.0
178, 0.3
179, 0.3
180, 0.2
181, -0.1
182, -0.1
183, 0.3
184, -0.1
185, 0.1
186, -0.1
187, -0.4
188, -0.4
189, 0.4
190, 0.0
191, -0.2
192, -0.2
193, 0.1
194, -0.1
195, 0.1
196, 0.0
197, 0.3
198, 0.0
199, -0.3
200, -0.2
201, 0.1
202, 0.3
203, -0.1
204, -0.2
205, 0.1
206, 0.1
207, 0.0
208, -0.2
209, 0.1
210, 0.2
211, -0.3
212, 0.0
213, -0.1
214, -0.1
215, -0.2
216, 0.3
217, 0.2
218, -0.1
219, -0.4
220, -0.3
221, 0.2
222, 0.2
223, -0.3
224, -0.3
225, -0.1
226, 0.0
227, 0.4
228, -0.3
229, -0.2
230, 0.2
231, 0.3
232, -0.1
233, -0.1
234, 0.2
235, 0.1
236, 0.2
237, -0.1
238, 0.4
239, 0.0
240, 0.1
241, 0.1
242, -0.1
243, 0.3
244, -0.1
245, 0.4
246, 0.0
247, 0.2
248, 0.1
249, 0.1
250, -0.2
251, 0.0
252, 0.1
253, 0.0
254, 0.3
255, -0.1
256, -0.2
257, 0.3
258, 0.1
259, 0.5
260, 0.1
261, 0.0
262, 0.0
263, 0.3
264, -0.4
265, 0.0
266, 0.2
267, 0.3
268, -0.3
269, 0.0
270, 0.2
271, -0.1
272, 0.2
273, 0.1
274, 0.0
275, 0.1
276, 0.2
277, -0.7
278, -0.5
279, 0.1
280, 0.0
281, 0.2
282, 0.3
283, 0.4
284, 0.0
285, 0.2
286, 0.1
287, 0.0
288, 0.4
289, 0.0
290, -0.6
291, -0.2
292, -0.1
293, 0.1
294, 0.1
295, -0.1
296, -0.2
297, 0.3
298, 0.2
299, 0.0
300, -0.1
301, -0.2
302, 0.0
303, 0.1
304, -0.2
305, 0.0
306, -0.1
307, 0.2
308, 0.0
309, 0.4
310, -0.1
311, 0.1
312, -0.1
313, 0.3
314, -0.1
315, -0.4
316, 0.0
317, 0.0
318, 0.4
319, 0.2
320, -0.1
321, 0.3
322, 0.0
323, 0.1
324, -0.3
325, 0.1
326, -0.3
327, -0.2
328, 0.0
329, 0.2
330, 0.2
331, 0.0
332, 0.3
333, -0.2
334, -0.4
335, 0.2
336, 0.4
337, -0.2
338, 0.3
339, -0.3
340, 0.1
341, -0.2
342, 0.0
343, 0.4
344, 0.0
345, 0.3
346, 0.1
347, 0.0
348, 0.2
349, -0.4
350, 0.1
351, 0.2
352, 0.2
353, 0.3
354, 0.2
355, -0.2
356, 0.0
357, 0.3
358, 0.0
359, 0.2
360, -0.5
361, 0.2
362, 0.2
363, -0.2
364, 0.4
365, 0.1
366, -0.1
367, -0.4
368, 0.0
369, 0.0
370, 0.2
371, 0.0
372, 0.1
373, 0.3
374, -0.3
375, -0.2
376, -0.1
377, 0.0
378, -0.2
379, 0.1
380, -0.2
381, 0.1
382, 0.0
383, -0.3
384, 0.0
385, 0.1
386, -0.2
387, 0.3
388, 0.1
389, 0.0
390, -0.3
391, -0.3
392, 0.0
393, 0.2
394, -0.2
395, -0.1
396, -0.4
397, 0.4
398, -0.4
399, 0.1
400, -0.2
401, 0.2
402, 0.1
403, -0.2
404, 0.2
405, 0.1
406, -0.6
407, 0.1
408, -0.2
409, 0.2
410, 0.1
411, 0.1
412, -0.4
413, 0.0
414, 0.5
415, -0.3
416, -0.3
417, 0.2
418, -0.1
419, 0.0
420, -0.4
421, 0.0
422, 0.5
423, 0.0
424, 0.3
425, -0.2
426, -0.1
427, -0.1
428, -0.1
429, 0.1
430, 0.0
431, 0.2
432, 0.1
433, 0.3
434, -0.2
435, 0.1
436, -0.1
437, -0.3
438, -0.1
439, 0.2
440, 0.2
441, 0.2
442, 0.4
443, 0.0
444, 0.2
445, -0.1
446, 0.2
447, 0.3
448, 0.1
449, 0.3
450, 0.5
451, -0.1
452, 0.2
453, 0.1
454, 0.3
455, 0.3
456, -0.4
457, 0.0
458, -0.2
459, -0.2
460, 0.1
461, 0.0
462, -0.1
463, 0.1
464, -0.1
465, -0.1
466, 0.0
467, -0.1
468, 0.0
469, -0.1
470, -0.1
471, -0.1
472, -0.3
473, -0.1
474, 0.2
475, 0.2
476, 0.0
477, -0.1
478, 0.2
479, -0.2
480, -0.1
481, 0.2
482, -0.1
483, -0.1
484, -0.2
485, 0.2
486, 0.1
487, 0.0
488, -0.1
489, -0.4
490, -0.2
491, -0.3
492, 0.2
493, 0.1
494, -0.1
495, -0.3
496, 0.0
497, 0.1
498, -0.4
499, -0.3
500, -0.1
501, 0.1
502, -0.3
503, 0.2
504, 0.3
505, -0.1
506, -0.1
507, 0.1
508, -0.2
509, -0.1
510, 0.4
511, -0.1
512, -0.2
513, 0.1
514, 0.0
515, 0.1
516, 0.3
517, -0.4
518, 0.2
519, 0.4
520, 0.2
521, -0.2
522, 0.2
523, -0.1
524, 0.1
525, 0.2
526, 0.2
527, -0.1
528, -0.3
529, -0.1
530, -0.2
531, -0.2
532, -0.4
533, 0.1
534, -0.1
535, -0.1
536, 0.1
537, -0.3
538, 0.3
539, 0.3
540, -0.2
541, 0.2
542, -0.1
543, 0.0
544, -0.2
545, 0.0
546, -0.1
547, 0.0
548, 0.0
549, 0.1
550, 0.0
551, 0.0
552, -0.2
553, -0.2
554, -0.1
555, 0.2
556, 0.2
557, 0.0
558, -0.4
559, 0.3
560, 0.0
561, 0.5
562, 0.2
563, -0.4
564, 0.1
565, -0.2
566, 0.3
567, 0.2
568, -0.2
569, -0.1
570, 0.0
571, 0.2
572, -0.2
573, 0.1
574, 0.3
575, 0.0
576, 0.0
577, 0.1
578, 0.3
579, -0.2
580, 0.0
581, 0.5
582, 0.0
583, 0.1
584, -0.2
585, 0.3
586, 0.4
587, -0.3
588, 0.2
589, 0.0
590, 0.2
591, -0.8
592, 0.1
593, 0.2
594, 0.2
595, 0.4
596, 0.0
597, 0.1
598, 0.0
599, 0.2
600, 0.0
601, 0.0
602, 0.0
603, 0.1
604, 0.1
605, 0.1
606, 0.1
607, 0.4
608, -0.4
609, 0.0
610, 0.0
611, -0.2
612, 0.2
613, -0.1
614, -0.2
615, 0.1
616, 0.2
617, 0.2
618, -0.2
619, 0.4
620, 0.1
621, -0.1
622, 0.3
623, -0.2
624, -0.1
625, 0.2
626, 0.3
627, -0.2
628, -0.2
629, 0.1
630, 0.3
631, 0.0
632, 0.3
633, -0.2
634, 0.1
635, 0.3
636, 0.5
637, -0.2
638, 0.1
639, 0.1
640, 0.0
641, 0.0
642, 0.3
643, 0.3
644, 0.1
645, 0.3
646, -0.1
647, 0.1
648, 0.3
649, -0.3
650, 0.1
651, 0.2
652, -0.2
653, 0.0
654, 0.0
655, 0.0
656, -0.3
657, -0.1
658, 0.1
659, 0.2
660, -0.1
661, 0.5
662, 0.0
663, 0.5
664, -0.5
665, 0.0
666, -0.3
667, 0.0
668, 0.2
669, -0.3
670, 0.4
671, 0.3
672, -0.6
673, -0.1
674, -0.2
675, 0.2
676, 0.2
677, 0.1
678, 0.3
679, 0.1
680, -0.2
681, -0.3
682, 0.4
683, -0.2
684, 0.0
685, -0.4
686, 0.3
687, 0.1
688, 0.0
689, 0.2
690, -0.2
691, 0.2
692, 0.1
693, 0.0
694, 0.1
695, 0.2
696, 0.0
697, 0.1
698, 0.2
699, -0.2
700, 0.1
701, 0.1
702, 0.0
703, 0.1
704, 0.2
705, -0.2
706, 0.2
707, -0.1
708, 0.3
709, 0.2
710, -0.1
711, 0.1
712, 0.0
713, 0.3
714, 0.1
715, -0.5
716, 0.3
717, -0.1
718, -0.3
719, 0.1
720, -0.1
721, 0.1
722, 0.1
723, 0.0
724, 0.0
725, -0.1
726, -0.4
727, -0.1
728, 0.1
729, 0.1
730, 0.3
731, -0.1
732, 0.1
733, 0.1
734, 0.2
735, 0.0
736, -0.3
737, 0.0
738, 0.2
739, 0.0
740, 0.3
741, -0.1
742, -0.3
743, 0.1
744, 0.4
745, 0.0
746, 0.3
747, -0.4
748, -0.7
749, 0.0
750, -0.3
751, 0.2
752, 0.5
753, -0.1
754, 0.0
755, 0.1
756, 0.3
757, -0.2
758, -0.4
759, -0.1
760, 0.2
761, 0.4
762, -0.3
763, 0.1
764, -0.1
765, -0.2
766, 0.5
767, -0.3
768, -0.1
769, -0.2
770, 0.0
771, -0.2
772, 0.2
773, 0.2
774, -0.2
775, 0.1
776, -0.3
777, 0.1
778, -0.1
779, 0.0
780, 0.2
781, 0.2
782, 0.0
783, 0.0
784, 0.2
785, -0.6
786, 0.2
787, -0.3
788, 0.3
789, -0.1
790, 0.0
791, 0.1
792, -0.1
793, 0.1
794, -0.3
795, 0.0
796, -0.1
797, 0.4
798, -0.2
799, 0.2
800, -0.1
801, -0.6
802, 0.2
803, 0.1
804, -0.1
805, 0.2
806, 0.2
807, 0.1
808, 0.1
809, -0.1
810, -0.2
811, 0.2
812, 0.1
813, 0.5
814, -0.1
815, 0.1
816, -0.2
817, -0.2
818, -0.2
819, 0.4
820, -0.1
821, -0.1
822, 0.3
823, -0.1
824, -0.1
825, 0.1
826, 0.0
827, 0.1
828, 0.1
829, 0.1
830, 0.0
831, 0.2
832, 0.1
833, -0.4
834, -0.6
835, -0.3
836, -0.2
837, 0.1
838, 0.0
839, -0.3
840, 0.2
841, 0.1
842, -0.1
843, -0.4
844, -0.1
845, -0.3
846, 0.1
847, -0.2
848, 0.1
849, 0.0
850, -0.5
851, 0.0
852, 0.0
853, 0.1
854, -0.2
855, -0.1
856, 0.2
857, 0.1
858, 0.3
859, 0.0
860, -0.2
861, -0.2
862, -0.1
863, 0.1
864, 0.3
865, -0.1
866, 0.2
867, 0.0
868, 0.2
869, 0.0
870, -0.1
871, -0.2
872, 0.0
873, -0.1
874, 0.0
875, 0.2
876, 0.2
877, 0.1
878, -0.1
879, 0.2
880, 0.0
881, -0.2
882, 0.1
883, -0.2
884, 0.1
885, 0.0
886, 0.1
887, 0.5
888, -0.3
889, 0.1
890, -0.2
891, 0.0
892, -0.2
893, 0.1
894, 0.2
895, -0.1
896, -0.3
897, 0.0
898, -0.1
899, -0.2
900, -0.3
901, 0.0
902, 0.1
903, 0.3
904, 0.2
905, -0.4
906, 0.0
907, 0.3
908, 0.4
909, 0.2
910, 0.0
911, -0.2
912, 0.0
913, 0.0
914, -0.1
915, 0.2
916, -0.1
917, 0.3
918, 0.3
919, 0.3
920, -0.3
921, -0.1
922, -0.1
923, 0.1
924, 0.1
925, 0.0
926, 0.0
927, -0.3
928, -0.1
929, 0.4
930, 0.0
931, 0.2
932, 0.3
933, 0.1
934, -0.5
935, 0.3
936, -0.2
937, -0.1
938, -0.4
939, -0.3
940, 0.1
941, -0.3
942, -0.3
943, -0.2
944, -0.4
945, 0.1
946, 0.3
947, 0.1
948, -0.3
949, -0.2
950, 0.5
951, -0.1
952, 0.1
953, 0.3
954, 0.0
955, -0.3
956, 0.1
957, -0.1
958, 0.3
959, -0.2
960, 0.2
961, 0.3
962, 0.4
963, -0.4
964, 0.1
965, -0.1
966, -0.1
967, 0.2
968, 0.2
969, 0.3
970, 0.1
971, 0.3
972, 0.3
973, 0.0
974, 0.1
975, 0.0
976, -0.4
977, 0.4
978, -0.3
979, -0.1
980, -0.6
981, 0.2
982, 0.1
983, -0.2
984, -0.2
985, 0.3
986, -0.2
987, 0.1
988, 0.0
989, -0.2
990, -0.7
991, -0.2
992, 0.0
993, 0.2
994, 0.0
995, -0.3
996, -0.2
997, -0.1
998, 0.1
999, -0.8
1000, 0.0
1001, 0.0
1002, 0.2
1003, 0.4
1004, 0.1
1005, -0.3
1006, 0.1
1007, 0.3
1008, 0.2
1009, 0.2
1010, -0.1
1011, 0.0
1012, 0.3
1013, 0.2
1014, -0.7
1015, 0.2
1016, -0.4
1017, 0.2
1018, -0.1
1019, 0.2
1020, 0.4
1021, -0.1
1022, -0.3
1023, 0.1
1024, 0.3
1025, -0.1
1026, 0.2
1027, 0.2
1028, 0.2
1029, -0.1
1030, 0.1
1031, 0.1
1032, 0.0
1033, 0.0
1034, -0.3
1035, -0.3
1036, -0.2
1037, 0.2
1038, 0.1
1039, 0.1
1040, -0.3
1041, -0.2
1042, -0.4
1043, 0.1
1044, 0.0
1045, 0.3
1046, -0.1
1047, -0.2
1048, -0.3
1049, 0.4
1050, -0.2
1051, 0.0
1052, 0.2
1053, 0.5
1054, 0.2
1055, 0.1
1056, -0.1
1057, -0.2
1058, 0.2
1059, -0.4
1060, 0.0
1061, 0.1
1062, 0.4
1063, 0.1
1064, 0.3
1065, 0.1
1066, -0.2
1067, -0.1
1068, 0.0
1069, -0.1
1070, -0.1
1071, -0.4
1072, -0.1
1073, 0.1
1074, -0.5
1075, 0.2
1076, -0.2
1077, -0.1
1078, 0.2
1079, 0.1
1080, 0.1
1081, 0.5
1082, -0.4
1083, 0.3
1084, -0.2
1085, -0.2
1086, 0.3
1087, 0.3
1088, -0.2
1089, 0.2
1090, -0.2
1091, -0.2
1092, -0.4
1093, -0.4
1094, 0.3
1095, 0.1
1096, 0.2
1097, 0.1
1098, 0.0
1099, 0.2
1100, 0.3
1101, 0.0
1102, 0.3
1103, -0.2
1104, -0.4
1105, -0.2
1106, -0.2
1107, -0.1
1108, 0.0
1109, -0.1
1110, 0.3
1111, 0.0
1112, 0.0
1113, -0.4
1114, 0.0
1115, 0.2
1116, 0.0
1117, 0.0
1118, 0.1
1119, -0.2
1120, 0.1
1121, -0.2
1122, 0.5
1123, 0.1
1124, -0.2
1125, -0.2
1126, -0.1
1127, 0.4
1128, 0.0
1129, 0.1
1130, 0.3
1131, 0.1
1132, 0.0
1133, 0.1
1134, -0.2
1135, -0.4
1136, -0.2
1137, -0.2
1138, -0.4
1139, -0.2
1140, 0.2
1141, 0.3
1142, 0.2
1143, -0.3
1144, -0.1
1145, 0.1
1146, -0.1
1147, 0.4
1148, 0.3
1149, 0.0
1150, -0.1
1151, 0.0
1152, 0.3
1153, 0.0
1154, -0.1
1155, 0.2
1156, 0.2
1157, 0.3
1158, -0.3
1159, 0.1
1160, 0.2
1161, 0.2
1162, -0.1
1163, 0.3
1164, 0.0
1165, 0.2
1166, -0.2
1167, 0.0
1168, 0.0
1169, -0.5
1170, 0.0
1171, -0.1
1172, 0.0
1173, 0.1
1174, -0.1
1175, -0.4
1176, -0.2
1177, 0.0
1178, -0.3
1179, 0.2
1180, 0.2
1181, 0.1
1182, 0.0
1183, -0.2
1184, -0.3
1185, 0.1
1186, 0.2
1187, 0.2
1188, 0.1
1189, 0.4
1190, -0.1
1191, 0.1
1192, 0.2
1193, -0.3
1194, -0.5
1195, -0.5
1196, 0.4
1197, -0.2
1198, 0.2
1199, 0.0
1200, -0.2
1201, 0.1
1202, -0.1
1203, -0.2
1204, -0.1
1205, 0.0
1206, 0.2
1207, 0.3
1208, -0.3
1209, 0.0
1210, 0.0
1211, -0.1
1212, 0.3
1213, 0.0
1214, 0.0
1215, -0.2
1216, 0.4
1217, 0.0
1218, 0.3
1219, 0.2
1220, -0.4
1221, 0.2
1222, 0.2
1223, -0.3
1224, 0.4
1225, 0.0
1226, 0.0
1227, -0.1
1228, 0.0
1229, 0.1
1230, 0.4
1231, 0.1
1232, 0.2
1233, 0.5
1234, 0.4
1235, 0.0
1236, -0.2
1237, 0.1
1238, 0.3
1239, -0.1
1240, 0.0
1241, 0.2
1242, -0.1
1243, 0.1
1244, 0.0
1245, 0.0
1246, 0.1
1247, 0.1
1248, -0.2
1249, -0.2
1250, 0.4
1251, -0.1
1252, -0.2
1253, 0.2
1254, -0.4
1255, 0.2
1256, -0.4
1257, 0.1
1258, -0.1
1259, -0.1
1260, -0.1
1261, -0.1
1262, -0.4
1263, -0.6
1264, 0.2
1265, 0.1
1266, -0.2
1267, 0.1
1268, 0.0
1269, 0.4
1270, 0.0
1271, 0.2
1272, -0.3
1273, 0.1
1274, 0.3
1275, -0.1
1276, -0.1
1277, -0.5
1278, 0.3
1279, -0.2
1280, 0.0
1281, -0.3
1282, 0.4
1283, 0.0
1284, -0.1
1285, 0.2
1286, -0.1
1287, 0.0
1288, 0.2
1289, 0.0
1290, -0.5
1291, 0.0
1292, -0.5
1293, -0.1
1294, 0.0
1295, 0.0
1296, -0.3
1297, -0.2
1298, 0.0
1299, 0.5
1300, -0.3
1301, 0.0
1302, -0.3
1303, -0.2
1304, 0.2
1305, 0.2
1306, 0.2
1307, 0.1
1308, -0.1
1309, 0.4
1310, 0.3
1311, -0.2
1312, 0.4
1313, 0.2
1314, -0.2
1315, -0.1
1316, -0.2
1317, -0.1
1318, 0.1
1319, 0.1
1320, 0.4
1321, -0.1
1322, 0.3
1323, 0.2
1324, -0.3
1325, -0.2
1326, 0.0
1327, 0.4
1328, 0.1
1329, -0.1
1330, -0.1
1331, 0.0
1332, -0.1
1333, 0.1
1334, -0.1
1335, 0.1
1336, 0.2
1337, 0.0
1338, 0.1
1339, -0.2
1340, 0.3
1341, 0.1
1342, 0.0
1343, -0.1
1344, -0.2
1345, -0.4
1346, 0.1
1347, 0.0
1348, -0.2
1349, 0.1
1350, 0.2
1351, -0.3
1352, 0.2
1353, -0.4
1354, 0.1
1355, 0.3
1356, 0.2
1357, -0.1
1358, -0.5
1359, 0.0
1360, 0.4
1361, 0.0
1362, 0.4
1363, -0.1
1364, 0.3
1365, -0.2
1366, -0.4
1367, 0.0
1368, -0.1
1369, -0.6
1370, -0.2
1371, 0.2
1372, -0.1
1373, -0.5
1374, -0.3
1375, 0.0
1376, 0.1
1377, -0.2
1378, 0.2
1379, -0.2
1380, -0.3
1381, -0.1
1382, 0.1
1383, 0.2
1384, 0.0
1385, -0.3
1386, -0.3
1387, 0.5
1388, -0.1
1389, 0.1
1390, -0.2
1391, 0.1
1392, 0.2
1393, 0.2
1394, -0.1
1395, 0.3
1396, 0.4
1397, 0.1
1398, 0.3
1399, 0.0
1400, 0.2
1401, -0.3
1402, 0.0
1403, -0.1
1404, 0.0
1405, 0.0
1406, -0.1
1407, 0.1
1408, 0.1
1409, -0.2
1410, 0.2
1411, -0.3
1412, 0.2
1413, -0.3
1414, 0.1
1415, 0.5
1416, -0.2
1417, 0.0
1418, -0.3
1419, -0.2
1420, 0.1
1421, -0.1
1422, -0.5
1423, 0.0
1424, 0.0
1425, -0.1
1426, 0.0
1427, -0.2
1428, -0.1
1429, 0.0
1430, -0.1
1431, -0.2
1432, 0.1
1433, 0.0
1434, 0.2
1435, 0.5
1436, 0.1
1437, 0.0
1438, 0.1
1439, 0.3
1440, -0.2
1441, 0.2
1442, 0.2
1443, -0.3
1444, -0.3
1445, -0.3
1446, 0.1
1447, 0.1
1448, 0.0
1449, -0.2
1450, -0.1
1451, 0.1
1452, -0.1
1453, -0.2
1454, 0.2
1455, 0.2
1456, 0.4
1457, -0.2
1458, 0.0
1459, 0.2
1460, 0.1
1461, -0.1
1462, 0.1
1463, -0.3
1464, 0.3
1465, 0.1
1466, 0.2
1467, 0.0
1468, 0.2
1469, 0.0
1470, -0.1
1471, 0.0
1472, 0.1
1473, 0.3
1474, 0.3
1475, -0.1
1476, -0.3
1477, 0.4
1478, -0.1
1479, 0.0
1480, 0.0
1481, -0.2
1482, 0.2
1483, -0.3
1484, 0.0
1485, -0.4
1486, -0.4
1487, 0.0
1488, -0.1
1489, 0.1
1490, 0.4
1491, -0.3
1492, -0.1
1493, 0.2
1494, 0.2
1495, -0.2
1496, 0.2
1497, 0.1
1498, 0.1
1499, -0.4
1500, 0.2
1501, -0.1
1502, -0.3
1503, 0.0
1504, 0.2
1505, 0.3
1506, 0.3
1507, 0.0
1508, -0.1
1509, 0.0
1510, -0.1
1511, 0.0
1512, 0.3
1513, 0.0
1514, 0.2
1515, -0.3
1516, -0.3
1517, 0.0
1518, 0.1
1519, -0.3
1520, 0.0
1521, -0.5
1522, 0.0
1523, -0.2
1524, -0.1
1525, 0.0
1526, 0.0
1527, 0.1
1528, 0.0
1529, -0.1
1530, -0.1
1531, 0.0
1532, -0.2
1533, -0.2
1534, 0.0
1535, 0.1
1536, 0.2
1537, 0.3
1538, 0.3
1539, 0.0
1540, 0.3
1541, 0.3
1542, -0.1
1543, 0.1
1544, -0.1
1545, 0.0
1546, 0.2
1547, -0.1
1548, 0.0
1549, 0.3
1550, 0.1
1551, 0.0
1552, -0.6
1553, -0.1
1554, 0.2
1555, 0.2
1556, 0.2
1557, 0.2
1558, -0.2
1559, 0.0
1560, 0.2
1561, -0.2
1562, 0.2
1563, 0.2
1564, -0.4
1565, -0.5
1566, -0.2
1567, 0.2
1568, 0.0
1569, 0.0
1570, 0.0
1571, 0.0
1572, -0.1
1573, 0.1
1574, 0.0
1575, -0.1
1576, -0.3
1577, -0.1
1578, 0.4
1579, -0.5
1580, 0.2
1581, 0.1
1582, -0.1
1583, -0.1
1584, -0.4
1585, 0.0
1586, 0.1
1587, -0.3
1588, 0.0
1589, 0.2
1590, -0.2
1591, 0.0
1592, 0.3
1593, 0.2
1594, -0.1
1595, 0.3
1596, -0.3
1597, 0.0
1598, 0.4
1599, -0.3
1600, -0.1
1601, -0.3
1602, 0.0
1603, 0.2
1604, -0.6
1605, -0.1
1606, 0.0
1607, 0.2
1608, 0.3
1609, 0.0
1610, 0.5
1611, -0.1
1612, 0.4
1613, 0.3
1614, 0.3
1615, -0.1
1616, 0.0
1617, 0.2
1618, -0.6
1619, 0.3
1620, 0.1
1621, -0.2
1622, -0.2
1623, -0.2
1624, 0.3
1625, 0.3
1626, 0.1
1627, 0.2
1628, 0.5
1629, 0.0
1630, 0.2
1631, -0.3
1632, 0.1
1633, -0.2
1634, 0.1
1635, 0.1
1636, -0.1
1637, -0.2
1638, 0.1
1639, 0.2
1640, -0.6
1641, 0.1
1642, -0.1
1643, 0.0
1644, -0.2
1645, -0.2
1646, -0.2
1647, 0.2
1648, 0.0
1649, 0.1
1650, 0.1
1651, 0.2
1652, 0.1
1653, 0.2
1654, 0.1
1655, 0.3
1656, 0.1
1657, 0.3
1658, -0.2
1659, -0.2
1660, 0.1
1661, -0.1
1662, -0.1
1663, -0.1
1664, 0.2
1665, 0.2
1666, 0.2
1667, 0.0
1668, -0.3
1669, -0.1
1670, -0.1
1671, -0.1
1672, 0.2
1673, 0.1
1674, 0.3
1675, 0.0
1676, 0.3
1677, -0.1
1678, -0.2
1679, 0.0
1680, 0.0
1681, -0.4
1682, 0.0
1683, -0.2
1684, 0.3
1685, 0.1
1686, -0.1
1687, 0.2
1688, -0.1
1689, -0.1
1690, -0.2
1691, 0.1
1692, 0.3
1693, 0.4
1694, -0.6
1695, 0.2
1696, -0.1
1697, -0.1
1698, 0.1
1699, 0.0
1700, -0.1
1701, 0.2
1702, -0.2
1703, 0.2
1704, 0.1
1705, 0.1
1706, 0.2
1707, 0.0
1708, -0.2
1709, -0.1
1710, 0.2
1711, -0.1
1712, 0.5
1713, -0.2
1714, 0.0
1715, 0.0
1716, 0.0
1717, 0.1
1718, -0.2
1719, 0.4
1720, 0.2
1721, 0.3
1722, 0.0
1723, 0.0
1724, 0.0
1725, -0.2
1726, 0.1
1727, 0.2
1728, 0.3
1729, 0.2
1730, 0.1
1731, 0.0
1732, -0.2
1733, 0.1
1734, -0.2
1735, 0.0
1736, -0.2
1737, 0.1
1738, 0.0
1739, -0.2
1740, -0.4
1741, 0.1
1742, 0.1
1743, 0.1
1744, -0.1
1745, -0.1
1746, -0.1
1747, 0.1
1748, -0.2
1749, -0.4
1750, -0.4
1751, -0.1
1752, -0.1
1753, 0.2
1754, -0.3
1755, 0.2
1756, 0.3
1757, 0.1
1758, 0.2
1759, 0.3
1760, 0.5
1761, -0.1
1762, 0.4
1763, -0.1
1764, 0.4
1765, 0.3
1766, 0.1
1767, 0.2
1768, -0.3
1769, -0.4
1770, -0.2
1771, -0.2
1772, 0.0
1773, -0.3
1774, 0.4
1775, -0.1
1776, -0.1
1777, 0.3
1778, -0.1
1779, 0.0
1780, 0.1
1781, -0.2
1782, -0.1
1783, 0.2
1784, 0.1
1785, -0.1
1786, 0.1
1787, 0.2
1788, 0.1
1789, -0.7
1790, -0.1
1791, 0.4
1792, 0.1
1793, 0.1
1794, -0.2
1795, 0.1
1796, 0.2
1797, -0.2
1798, 0.0
1799, 0.2
1800, 0.0
1801, -0.1
1802, 0.2
1803, 0.1
1804, 0.3
1805, 0.2
1806, -0.3
1807, 0.4
1808, -0.1
1809, 0.1
1810, 0.1
1811, -0.1
1812, -0.2
1813, -0.3
1814, 0.1
1815, 0.3
1816, 0.0
1817, 0.0
1818, 0.0
1819, 0.4
1820, 0.1
1821, 0.0
1822, -0.1
1823, -0.1
1824, -0.2
1825, 0.0
1826, -0.1
1827, 0.1
1828, -0.1
1829, -0.2
1830, 0.0
1831, 0.2
1832, 0.1
1833, -0.3
1834, 0.1
1835, 0.3
1836, 0.0
1837, -0.1
1838, 0.2
1839, 0.0
1840, 0.1
1841, -0.3
1842, 0.3
1843, 0.2
1844, -0.2
1845, 0.1
1846, -0.4
1847, 0.2
1848, 0.1
1849, 0.0
1850, -0.3
1851, -0.1
1852, 0.3
1853, -0.2
1854, 0.2
1855, 0.3
1856, -0.4
1857, 0.2
1858, 0.2
1859, 0.5
1860, 0.1
1861, 0.4
1862, -0.1
1863, -0.6
1864, -0.2
1865, -0.1
1866, -0.1
1867, 0.2
1868, -0.2
1869, 0.2
1870, 0.1
1871, 0.2
1872, 0.1
1873, -0.1
1874, 0.1
1875, -0.2
1876, 0.5
1877, 0.1
1878, -0.3
1879, -0.2
1880, 0.2
1881, 0.4
1882, 0.2
1883, 0.1
1884, 0.2
1885, -0.3
1886, -0.2
1887, -0.3
1888, 0.1
1889, 0.1
1890, 0.2
1891, 0.0
1892, -0.2
1893, 0.2
1894, -0.1
1895, 0.0
1896, -0.1
1897, 0.2
1898, -0.2
1899, -0.4
1900, 0.2
1901, -0.2
1902, -0.2
1903, 0.0
1904, 0.2
1905, 0.1
1906, -0.3
1907, 0.0
1908, -0.3
1909, 0.3
1910, -0.5
1911, 0.0
1912, -0.1
1913, -0.1
1914, 0.2
1915, 0.2
1916, 0.1
1917, 0.3
1918, -0.2
1919, -0.2
1920, 0.1
1921, 0.0
1922, 0.1
1923, 0.2
1924, -0.3
1925, 0.2
1926, 0.1
1927, -0.4
1928, 0.1
1929, -0.1
1930, 0.0
1931, 0.0
1932, 0.2
1933, 0.3
1934, -0.3
1935, -0.2
1936, -0.1
1937, 0.0
1938, 0.1
1939, 0.1
1940, -0.1
1941, 0.2
1942, 0.0
1943, -0.5
1944, -0.2
1945, 0.1
1946, 0.1
1947, 0.0
1948, -0.1
1949, 0.4
1950, -0.2
1951, 0.1
1952, 0.1
1953, -0.1
1954, 0.1
1955, 0.1
1956, 0.4
1957, -0.1
1958, 0.3
1959, 0.3
1960, 0.1
1961, 0.1
1962, 0.0
1963, 0.0
1964, -0.3
1965, 0.4
1966, 0.0
1967, 0.2
1968, 0.4
1969, -0.2
1970, -0.4
1971, 0.2
1972, 0.0
1973, -0.4
1974, 0.1
1975, 0.2
1976, 0.0
1977, -0.2
1978, 0.0
1979, -0.3
1980, 0.4
1981, -0.5
1982, 0.3
1983, -0.8
1984, 0.2
1985, -0.4
1986, -0.2
1987, 0.1
1988, 0.3
1989, -0.3
1990, 0.2
1991, -0.2
1992, 0.0
1993, -0.3
1994, 0.4
1995, 0.1
1996, 0.2
1997, -0.2
1998, -0.1
1999, -0.2
2000, -0.1
2001, -0.3
2002, 0.1
2003, -0.1
2004, 0.1
2005, 0.1
2006, 0.0
2007, -0.3
2008, -0.1
2009, -0.1
2010, -0.1
2011, -0.1
2012, -0.4
2013, -0.4
2014, 0.3
2015, -0.5
2016, 0.0
2017, -0.1
2018, 0.3
2019, -0.1
2020, -0.4
2021, 0.2
2022, -0.1
2023, -0.3
2024, -0.3
2025, -0.2
2026, 0.0
2027, -0.1
2028, 0.4
2029, 0.1
2030, -0.4
2031, -0.3
2032, 0.2
2033, -0.1
2034, 0.0
2035, 0.1
2036, 0.0
2037, 0.1
2038, -0.1
2039, 0.0
2040, 0.0
2041, 0.0
2042, 0.4
2043, 0.1
2044, -0.3
2045, -0.4
2046, -0.2
2047, -0.5
2048, 0.5
2049, -0.1
2050, 0.0
2051, 0.2
2052, -0.1
2053, -0.1
2054, -0.1
2055, -0.4
2056, 0.4
2057, -0.2
2058, 0.1
2059, 0.1
2060, 0.3
2061, -0.7
2062, 0.2
2063, 0.1
2064, -0.2
2065, 0.0
2066, 0.0
2067, 0.1
2068, -0.2
2069, 0.3
2070, -0.3
2071, 0.1
2072, 0.2
2073, -0.2
2074, 0.3
2075, -0.4
2076, -0.1
2077, -0.4
2078, -0.1
2079, -0.1
2080, -0.1
2081, 0.0
2082, -0.1
2083, -0.1
2084, -0.2
2085, -0.3
2086, 0.1
2087, -0.5
2088, 0.3
2089, 0.1
2090, -0.3
2091, 0.0
2092, -0.2
2093, 0.2
2094, 0.2
2095, 0.3
2096, 0.0
2097, -0.4
2098, 0.2
2099, -0.4
2100, -0.3
2101, 0.0
2102, -0.2
2103, -0.3
2104, 0.2
2105, 0.0
2106, -0.2
2107, 0.2
2108, 0.1
2109, 0.2
2110, -0.1
2111, 0.1
2112, 0.3
2113, 0.1
2114, 0.3
2115, -0.4
2116, -0.3
2117, 0.0
2118, 0.2
2119, 0.2
2120, 0.2
2121, -0.3
2122, 0.1
2123, -0.1
2124, 0.0
2125, -0.2
2126, -0.2
2127, 0.1
2128, -0.1
2129, 0.1
2130, -0.1
2131, 0.0
2132, 0.2
2133, -0.1
2134, 0.1
2135, 0.3
2136, -0.4
2137, 0.1
2138, 0.0
2139, -0.3
2140, 0.2
2141, 0.1
2142, -0.5
2143, 0.1
2144, 0.2
2145, 0.0
2146, 0.2
2147, 0.3
2148, -0.1
2149, -0.5
2150, 0.1
2151, -0.3
2152, -0.2
2153, -0.1
2154, 0.4
2155, 0.1
2156, 0.2
2157, -0.1
2158, 0.0
2159, -0.6
2160, -0.1
2161, 0.1
2162, 0.3
2163, -0.1
2164, 0.0
2165, 0.1
2166, -0.1
2167, 0.2
2168, 0.4
2169, -0.2
2170, -0.2
2171, -0.2
2172, 0.3
2173, 0.0
2174, 0.2
2175, -0.1
2176, 0.4
2177, -0.1
2178, -0.2
2179, 0.2
2180, 0.2
2181, 0.1
2182, 0.3
2183, 0.1
2184, 0.0
2185, -0.4
2186, -0.2
2187, 0.1
2188, -0.3
2189, -0.3
2190, 0.1
2191, 0.1
2192, 0.4
2193, 0.3
2194, -0.1
2195, -0.3
2196, -0.3
2197, -0.1
2198, 0.0
2199, 0.0
2200, 0.0
2201, -0.1
2202, 0.3
2203, -0.2
2204, 0.2
2205, -0.1
2206, 0.2
2207, -0.3
2208, 0.1
2209, 0.2
2210, 0.1
2211, -0.1
2212, -0.1
2213, 0.2
2214, 0.0
2215, -0.2
2216, 0.2
2217, -0.4
2218, 0.4
2219, -0.2
2220, 0.3
2221, 0.2
2222, -0.5
2223, 0.1
2224, 0.0
2225, -0.2
2226, -0.1
2227, -0.3
2228, 0.1
2229, -0.2
2230, -0.2
2231, 0.1
2232, -0.5
2233, 0.2
2234, 0.1
2235, 0.1
2236, -0.2
2237, 0.2
2238, 0.0
2239, 0.2
2240, 0.4
2241, 0.0
2242, 0.0
2243, 0.0
2244, -0.2
2245, 0.0
2246, 0.2
2247, 0.0
2248, 0.2
2249, -0.3
2250, 0.0
2251, -0.1
2252, -0.3
2253, 0.2
2254, -0.2
2255, -0.1
2256, -0.4
2257, -0.1
2258, 0.2
2259, -0.1
2260, -0.1
2261, -0.1
2262, 0.5
2263, 0.0
2264, 0.1
2265, -0.3
2266, -0.2
2267, 0.0
2268, -0.1
2269, 0.0
2270, -0.1
2271, 0.0
2272, 0.0
2273, 0.1
2274, -0.2
2275, 0.5
2276, -0.2
2277, 0.1
2278, 0.1
2279, -0.3
2280, 0.1
2281, 0.0
2282, 0.1
2283, -0.2
2284, -0.4
2285, 0.1
2286, 0.1
2287, 0.0
2288, -0.3
2289, 0.2
2290, 0.3
2291, -0.4
2292, -0.2
2293, -0.3
2294, 0.0
2295, -0.3
2296, 0.3
2297, -0.4
2298, 0.1
2299, -0.4
2300, -0.2
2301, -0.1
2302, 0.2
2303, 0.2
2304, 0.3
2305, -0.1
2306, 0.0
2307, 0.0
2308, 0.3
2309, -0.3
2310, 0.3
2311, -0.3
2312, 0.0
2313, -0.4
2314, -0.4
2315, 0.3
2316, 0.0
2317, -0.1
2318, 0.3
2319, -0.1
2320, 0.2
2321, 0.3
2322, -0.2
2323, 0.3
2324, 0.1
2325, 0.1
2326, -0.1
2327, -0.2
2328, 0.0
2329, -0.3
2330, -0.1
2331, 0.1
2332, 0.2
2333, 0.0
2334, 0.2
2335, -0.5
2336, 0.3
2337, 0.0
2338, 0.3
2339, 0.2
2340, 0.2
2341, -0.1
2342, 0.4
2343, -0.1
2344, 0.0
2345, -0.4
2346, 0.3
2347, -0.3
2348, -0.2
2349, 0.0
2350, 0.2
2351, 0.0
2352, 0.0
2353, 0.1
2354, 0.3
2355, -0.4
2356, 0.0
2357, -0.1
2358, -0.2
2359, 0.1
2360, 0.2
2361, 0.0
2362, -0.2
2363, 0.3
2364, 0.0
2365, -0.1
2366, 0.0
2367, 0.2
2368, 0.1
2369, 0.0
2370, 0.2
2371, 0.0
2372, 0.2
2373, 0.1
2374, -0.1
2375, -0.1
2376, 0.0
2377, 0.0
2378, 0.4
2379, 0.1
2380, -0.1
2381, -0.2
2382, 0.2
2383, -0.1
2384, -0.2
2385, 0.4
2386, 0.0
2387, -0.1
2388, -0.4
2389, 0.1
2390, 0.3
2391, 0.0
2392, 0.1
2393, 0.2
2394, -0.5
2395, 0.1
2396, -0.1
2397, 0.0
2398, 0.0
2399, 0.0
2400, -0.2
2401, -0.2
2402, -0.1
2403, 0.1
2404, -0.2
2405, -0.2
2406, 0.0
2407, -0.1
2408, 0.0
2409, -0.3
2410, -0.4
2411, 0.2
2412, -0.5
2413, 0.0
2414, -0.3
2415, 0.3
2416, -0.2
2417, -0.4
2418, 0.2
2419, 0.3
2420, 0.3
2421, -0.1
2422, 0.1
2423, -0.3
2424, 0.3
2425, -0.2
2426, 0.0
2427, -0.4
2428, 0.3
2429, -0.1
2430, -0.4
2431, -0.3
2432, 0.5
2433, 0.0
2434, -0.2
2435, -0.1
2436, 0.1
2437, 0.2
2438, 0.2
2439, 0.0
2440, 0.1
2441, 0.0
2442, 0.1
2443, 0.0
2444, 0.2
2445, -0.4
2446, 0.2
2447, 0.1
2448, -0.1
2449, 0.4
2450, 0.0
2451, 0.0
2452, 0.3
2453, -0.1
2454, 0.0
2455, 0.3
2456, 0.2
2457, 0.2
2458, -0.2
2459, -0.4
2460, 0.0
2461, 0.1
2462, 0.3
2463, 0.2
2464, -0.2
2465, -0.2
2466, 0.3
2467, 0.4
2468, 0.0
2469, -0.5
2470, 0.1
2471, 0.0
2472, 0.2
2473, 0.2
2474, 0.2
2475, 0.0
2476, 0.0
2477, 0.1
2478, 0.0
2479, -0.2
2480, -0.5
2481, 0.1
2482, 0.0
2483, -0.1
2484, 0.3
2485, 0.3
2486, 0.1
2487, -0.2
2488, 0.3
2489, 0.0
2490, -0.4
2491, 0.1
2492, -0.2
2493, 0.2
2494, 0.1
2495, 0.2
2496, 0.3
2497, -0.1
2498, 0.2
2499, -0.5
2500, 0.1
2501, -0.1
2502, 0.2
2503, -0.1
2504, 0.3
2505, -0.2
2506, -0.2
2507, 0.0
2508, -0.2
2509, 0.1
2510, 0.1
2511, 0.2
2512, -0.3
2513, 0.3
2514, -0.1
2515, 0.2
2516, -0.1
2517, 0.0
2518, 0.1
2519, -0.1
2520, 0.4
2521, -0.1
2522, 0.0
2523, 0.1
2524, 0.1
2525, -0.5
2526, -0.6
2527, -0.1
2528, -0.1
2529, -0.3
2530, 0.0
2531, -0.5
2532, 0.3
2533, 0.3
2534, -0.2
2535, -0.2
2536, 0.1
2537, 0.0
2538, -0.2
2539, 0.2
2540, 0.0
2541, -0.2
2542, -0.1
2543, 0.2
2544, -0.4
2545, 0.3
2546, 0.0
2547, 0.3
2548, -0.4
2549, 0.1
2550, -0.3
2551, 0.1
2552, -0.1
2553, 0.0
2554, 0.1
2555, 0.1
2556, -0.1
2557, 0.1
2558, -0.2
2559, -0.2
2560, 0.3
2561, -0.3
2562, 0.0
2563, -0.3
2564, 0.0
2565, -0.3
2566, 0.1
2567, 0.1
2568, -0.2
2569, 0.1
2570, 0.1
2571, -0.2
2572, 0.2
2573, -0.2
2574, -0.1
2575, 0.3
2576, 0.1
2577, 0.1
2578, 0.1
2579, -0.1
2580, 0.5
2581, 0.2
2582, 0.0
2583, 0.0
2584, 0.0
2585, 0.0
2586, 0.0
2587, 0.1
2588, 0.1
2589, 0.1
2590, -0.1
2591, 0.4
2592, -0.1
2593, 0.0
2594, 0.1
2595, 0.1
2596, 0.0
2597, -0.1
2598, 0.0
2599, -0.1
2600, 0.2
2601, -0.1
2602, -0.1
2603, 0.1
2604, 0.0
2605, 0.0
2606, 0.2
2607, 0.2
2608, 0.1
2609, -0.2
2610, -0.1
2611, -0.1
2612, 0.1
2613, 0.0
2614, 0.1
2615, 0.0
2616, -0.1
2617, -0.1
2618, 0.1
2619, 0.3
2620, -0.5
2621, 0.4
2622, -0.3
2623, 0.1
2624, -0.3
2625, 0.1
2626, 0.2
2627, -0.1
2628, 0.0
2629, -0.1
2630, 0.3
2631, -0.2
2632, -0.3
2633, -0.1
2634, -0.4
2635, 0.0
2636, -0.1
2637, -0.2
2638, 0.1
2639, -0.4
2640, 0.4
2641, -0.1
2642, -0.1
2643, -0.1
2644, 0.0
2645, -0.1
2646, -0.1
2647, 0.1
2648, -0.3
2649, 0.3
2650, 0.1
2651, -0.2
2652, -0.1
2653, 0.1
2654, 0.0
2655, 0.1
2656, -0.3
2657, -0.1
2658, 0.1
2659, 0.3
2660, 0.1
2661, -0.4
2662, 0.0
2663, 0.2
2664, 0.2
2665, 0.4
2666, 0.1
2667, -0.3
2668, 0.2
2669, 0.3
2670, 0.4
2671, 0.1
2672, -0.1
2673, -0.1
2674, 0.3
2675, 0.1
2676, -0.2
2677, -0.1
2678, 0.4
2679, -0.1
2680, 0.2
2681, 0.1
2682, 0.0
2683, -0.4
2684, -0.2
2685, -0.3
2686, -0.1
2687, 0.1
2688, 0.0
2689, -0.1
2690, -0.1
2691, 0.1
2692, 0.0
2693, 0.0
2694, -0.5
2695, -0.1
2696, -0.2
2697, 0.2
2698, -0.2
2699, 0.0
2700, 0.2
2701, 0.1
2702, 0.0
2703, -0.4
2704, -0.1
2705, -0.1
2706, -0.2
2707, 0.2
2708, -0.2
2709, 0.3
2710, 0.1
2711, -0.1
2712, 0.0
2713, -0.1
2714, 0.4
2715, -0.2
2716, 0.1
2717, 0.1
2718, -0.2
2719, -0.1
2720, 0.0
2721, 0.3
2722, 0.2
2723, -0.1
2724, 0.0
2725, -0.1
2726, -0.4
2727, -0.2
2728, 0.1
2729, 0.1
2730, -0.2
2731, 0.1
2732, 0.2
2733, 0.2
2734, 0.1
2735, 0.0
2736, 0.1
2737, 0.2
2738, -0.4
2739, 0.0
2740, 0.2
2741, 0.0
2742, -0.1
2743, 0.1
2744, -0.1
2745, -0.1
2746, 0.2
2747, -0.3
2748, 0.2
2749, 0.0
2750, 0.1
2751, 0.1
2752, 0.1
2753, 0.3
2754, 0.0
2755, 0.1
2756, 0.1
2757, -0.3
2758, 0.4
2759, 0.1
2760, 0.2
2761, 0.1
2762, 0.0
2763, 0.0
2764, 0.2
2765, -0.2
2766, -0.1
2767, -0.3
2768, -0.4
2769, -0.3
2770, 0.1
2771, -0.1
2772, 0.0
2773, -0.2
2774, 0.2
2775, 0.3
2776, -0.3
2777, 0.0
2778, 0.0
2779, -0.1
2780, -0.4
2781, -0.1
2782, -0.1
2783, 0.1
2784, 0.0
2785, -0.1
2786, 0.1
2787, 0.2
2788, 0.2
2789, -0.4
2790, 0.1
2791, 0.2
2792, -0.3
2793, -0.6
2794, 0.5
2795, -0.1
2796, -0.1
2797, 0.0
2798, 0.2
2799, 0.0
2800, 0.3
2801, 0.1
2802, -0.1
2803, 0.1
2804, 0.3
2805, 0.2
2806, 0.3
2807, -0.5
2808, -0.1
2809, 0.0
2810, 0.3
2811, 0.1
2812, -0.2
2813, 0.2
2814, -0.1
2815, 0.4
2816, -0.2
2817, -0.1
2818, -0.5
2819, -0.2
2820, -0.5
2821, 0.1
2822, 0.3
2823, 0.0
2824, 0.1
2825, -0.2
2826, -0.1
2827, 0.1
2828, -0.3
2829, -0.2
2830, 0.1
2831, -0.2
2832, 0.1
2833, -0.3
2834, 0.0
2835, -0.5
2836, 0.0
2837, 0.2
2838, 0.0
2839, 0.2
2840, 0.0
2841, -0.2
2842, 0.0
2843, 0.4
2844, 0.0
2845, 0.4
2846, -0.4
2847, 0.4
2848, 0.0
2849, -0.2
2850, -0.1
2851, 0.1
2852, 0.3
2853, -0.4
2854, 0.1
2855, -0.2
2856, 0.0
2857, -0.1
2858, -0.4
2859, 0.1
2860, 0.1
2861, -0.1
2862, -0.3
2863, -0.1
2864, 0.0
2865, -0.1
2866, 0.3
2867, 0.1
2868, 0.1
2869, 0.2
2870, 0.0
2871, -0.2
2872, 0.0
2873, 0.0
2874, 0.1
2875, 0.2
2876, 0.3
2877, -0.2
2878, -0.3
2879, 0.1
2880, 0.1
2881, 0.3
2882, 0.1
2883, 0.2
2884, 0.3
2885, 0.0
2886, 0.4
2887, -0.3
2888, -0.2
2889, -0.1
2890, 0.1
2891, -0.1
2892, -0.1
2893, -0.1
2894, 0.4
2895, 0.0
2896, 0.1
2897, 0.0
2898, 0.4
2899, -0.5
2900, 0.1
2901, 0.1
2902, 0.0
2903, -0.1
2904, 0.5
2905, -0.2
2906, 0.1
2907, 0.3
2908, 0.2
2909, -0.1
2910, -0.1
2911, -0.2
2912, 0.3
2913, 0.0
2914, 0.1
2915, -0.1
2916, 0.1
2917, 0.1
2918, -0.6
2919, -0.3
2920, 0.2
2921, -0.1
2922, -0.5
2923, -0.2
2924, -0.2
2925, 0.1
2926, -0.3
2927, 0.2
2928, 0.2
2929, 0.2
2930, -0.3
2931, -0.1
2932, -0.2
2933, -0.2
2934, 0.2
2935, 0.0
2936, -0.1
2937, -0.1
2938, -0.5
2939, -0.1
2940, -0.4
2941, -0.4
2942, -0.1
2943, 0.2
2944, 0.1
2945, -0.1
2946, 0.3
2947, 0.2
2948, 0.0
2949, 0.0
2950, -0.1
2951, -0.3
2952, 0.5
2953, -0.2
2954, 0.0
2955, -0.2
2956, 0.1
2957, -0.1
2958, -0.2
2959, -0.2
2960, 0.0
2961, 0.5
2962, 0.0
2963, 0.1
2964, 0.1
2965, 0.0
2966, 0.2
2967, 0.3
2968, -0.1
2969, -0.1
2970, -0.3
2971, -0.5
2972, 0.1
2973, 0.0
2974, 0.4
2975, 0.1
2976, 0.2
2977, 0.3
2978, 0.0
2979, 0.4
2980, 0.2
2981, -0.2
2982, -0.3
2983, 0.1
2984, 0.0
2985, -0.2
2986, 0.1
2987, -0.1
2988, -0.4
2989, -0.1
2990, 0.0
2991, -0.1
2992, 0.1
2993, 0.4
2994, 0.1
2995, 0.0
2996, 0.3
2997, -0.1
2998, 0.4
2999, -0.3
3000, 0.4
3001, -0.5
3002, 0.4
3003, 0.1
3004, 0.2
3005, -0.2
3006, 0.2
3007, -0.1
3008, -0.1
3009, -0.4
3010, 0.2
3011, 0.0
3012, 0.4
3013, 0.3
3014, -0.1
3015, -0.3
3016, -0.1
3017, -0.2
3018, -0.1
3019, -0.2
3020, -0.2
3021, 0.2
3022, -0.1
3023, 0.0
3024, 0.0
3025, -0.1
3026, -0.3
3027, -0.1
3028, 0.3
3029, -0.4
3030, -0.1
3031, 0.2
3032, -0.3
3033, -0.2
3034, 0.3
3035, -0.4
3036, 0.2
3037, 0.0
3038, -0.1
3039, 0.0
3040, 0.2
3041, 0.0
3042, -0.2
3043, 0.2
3044, 0.1
3045, -0.1
3046, 0.2
3047, -0.2
3048, -0.1
3049, -0.1
3050, 0.2
3051, 0.1
3052, -0.1
3053, 0.2
3054, -0.2
3055, -0.2
3056, -0.4
3057, 0.2
3058, 0.3
3059, -0.2
3060, -0.3
3061, -0.1
3062, -0.4
3063, 0.0
3064, 0.2
3065, 0.1
3066, 0.3
3067, -0.1
3068, 0.0
3069, 0.3
3070, 0.0
3071, 0.1
3072, -0.2
3073, 0.3
3074, 0.1
3075, -0.1
3076, 0.5
3077, -0.1
3078, -0.1
3079, -0.1
3080, -0.6
3081, 0.1
3082, 0.2
3083, -0.2
3084, 0.2
3085, 0.4
3086, 0.1
3087, -0.1
3088, 0.0
3089, -0.1
3090, -0.2
3091, 0.1
3092, 0.0
3093, -0.3
3094, 0.4
3095, 0.4
3096, 0.2
3097, 0.1
3098, 0.0
3099, 0.2
3100, -0.1
3101, 0.0
3102, -0.2
3103, 0.2
3104, 0.0
3105, -0.1
3106, 0.1
3107, -0.1
3108, 0.0
3109, -0.1
3110, 0.1
3111, -0.1
3112, 0.1
3113, 0.0
3114, -0.1
3115, 0.0
3116, -0.2
3117, 0.0
3118, -0.4
3119, 0.3
3120, 0.1
3121, -0.2
3122, 0.1
3123, 0.3
3124, 0.4
3125, 0.2
3126, -0.1
3127, 0.0
3128, 0.2
3129, -0.4
3130, 0.1
3131, 0.2
3132, 0.0
3133, 0.2
3134, 0.3
3135, 0.1
3136, 0.2
3137, 0.2
3138, 0.1
3139, 0.1
3140, 0.0
3141, 0.0
3142, -0.4
3143, 0.1
3144, 0.2
3145, 0.3
3146, 0.1
3147, 0.2
3148, -0.1
3149, 0.3
3150, -0.1
3151, -0.4
3152, -0.3
3153, 0.2
3154, 0.3
3155, -0.2
3156, 0.1
3157, 0.1
3158, -0.3
3159, 0.3
3160, -0.2
3161, -0.1
3162, -0.3
3163, 0.0
3164, -0.1
3165, -0.4
3166, -0.1
3167, -0.3
3168, 0.2
3169, -0.2
3170, -0.1
3171, 0.1
3172, -0.4
3173, -0.5
3174, -0.2
3175, -0.2
3176, 0.1
3177, -0.1
3178, 0.4
3179, -0.1
3180, -0.4
3181, -0.3
3182, -0.1
3183, 0.2
3184, 0.2
3185, 0.1
3186, 0.2
3187, -0.1
3188, -0.3
3189, -0.1
3190, 0.1
3191, -0.3
3192, 0.0
3193, -0.3
3194, 0.4
3195, 0.3
3196, -0.1
3197, 0.1
3198, 0.3
3199, -0.2
3200, 0.0
3201, 0.3
3202, 0.3
3203, 0.2
3204, 0.1
3205, 0.2
3206, -0.4
3207, -0.4
3208, 0.4
3209, -0.1
3210, 0.0
3211, -0.2
3212, 0.4
3213, 0.3
3214, 0.0
3215, -0.1
3216, -0.1
3217, 0.0
3218, -0.6
3219, -0.1
3220, 0.3
3221, -0.3
3222, 0.3
3223, -0.1
3224, 0.1
3225, 0.4
3226, 0.4
3227, 0.3
3228, -0.2
3229, 0.3
3230, 0.3
3231, 0.0
3232, -0.1
3233, 0.2
3234, 0.2
3235, -0.3
3236, 0.0
3237, 0.3
3238, 0.1
3239, 0.1
3240, 0.1
3241, -0.1
3242, 0.0
3243, 0.2
3244, 0.2
3245, -0.3
3246, 0.1
3247, -0.2
3248, -0.2
3249, 0.2
3250, -0.1
3251, -0.1
3252, -0.3
3253, -0.3
3254, -0.1
3255, 0.1
3256, 0.1
3257, -0.1
3258, 0.2
3259, 0.3
3260, 0.0
3261, 0.2
3262, -0.2
3263, 0.1
3264, -0.2
3265, 0.0
3266, -0.2
3267, -0.1
3268, 0.0
3269, 0.1
3270, -0.5
3271, -0.1
3272, 0.2
3273, 0.1
3274, 0.2
3275, 0.2
3276, 0.2
3277, 0.0
3278, -0.2
3279, 0.0
3280, 0.0
3281, 0.3
3282, 0.3
3283, 0.0
3284, -0.2
3285, 0.3
3286, 0.0
3287, -0.3
3288, 0.1
3289, 0.5
3290, 0.2
3291, 0.0
3292, 0.0
3293, 0.3
3294, 0.0
3295, 0.1
3296, 0.2
3297, 0.3
3298, -0.1
3299, 0.0
3300, -0.3
3301, 0.0
3302, 0.1
3303, 0.1
3304, -0.4
3305, 0.1
3306, 0.0
3307, 0.2
3308, -0.6
3309, 0.1
3310, 0.3
3311, -0.1
3312, -0.1
3313, 0.3
3314, -0.1
3315, 0.0
3316, 0.0
3317, 0.0
3318, 0.3
3319, 0.2
3320, 0.1
3321, 0.1
3322, -0.3
3323, 0.0
3324, -0.1
3325, -0.3
3326, -0.3
3327, 0.0
3328, 0.2
3329, -0.3
3330, 0.3
3331, 0.0
3332, -0.1
3333, 0.2
3334, 0.1
3335, -0.3
3336, 0.0
3337, 0.0
3338, 0.3
3339, 0.0
3340, 0.0
3341, -0.1
3342, 0.0
3343, 0.0
3344, 0.1
3345, 0.0
3346, -0.1
3347, -0.2
3348, -0.2
3349, 0.3
3350, -0.2
3351, 0.1
3352, 0.3
3353, 0.4
3354, -0.1
3355, 0.1
3356, -0.1
3357, 0.1
3358, -0.2
3359, 0.0
3360, 0.1
3361, 0.3
3362, 0.1
3363, -0.5
3364, 0.1
3365, 0.4
3366, -0.2
3367, 0.1
3368, 0.2
3369, 0.1
3370, -0.6
3371, -0.1
3372, 0.1
3373, -0.1
3374, -0.6
3375, 0.0
3376, 0.3
3377, -0.1
3378, -0.1
3379, 0.3
3380, 0.0
3381, 0.2
3382, -0.2
3383, 0.3
3384, 0.5
3385, 0.4
3386, 0.4
3387, 0.0
3388, -0.1
3389, -0.1
3390, 0.4
3391, 0.4
3392, 0.0
3393, -0.1
3394, 0.3
3395, -0.4
3396, 0.1
3397, -0.1
3398, 0.5
3399, 0.0
3400, 0.0
3401, 0.1
3402, 0.3
3403, -0.4
3404, -0.1
3405, -0.2
3406, -0.2
3407, 0.1
3408, 0.0
3409, 0.4
3410, 0.2
3411, -0.2
3412, 0.1
3413, 0.5
3414, 0.1
3415, 0.0
3416, -0.5
3417, -0.1
3418, 0.5
3419, 0.2
3420, -0.2
3421, 0.4
3422, -0.3
3423, -0.3
3424, 0.0
3425, -0.3
3426, 0.1
3427, -0.3
3428, -0.4
3429, 0.0
3430, -0.1
3431, -0.2
3432, 0.0
3433, -0.1
3434, -0.2
3435, 0.1
3436, 0.5
3437, -0.3
3438, 0.0
3439, -0.6
3440, -0.3
3441, 0.3
3442, -0.5
3443, 0.2
3444, -0.1
3445, -0.1
3446, -0.2
3447, -0.2
3448, 0.0
3449, 0.0
3450, 0.2
3451, 0.1
3452, -0.1
3453, 0.1
3454, 0.3
3455, -0.1
3456, 0.1
3457, 0.3
3458, -0.2
3459, -0.2
3460, 0.0
3461, 0.2
3462, -0.1
3463, -0.2
3464, 0.0
3465, 0.2
3466, -0.2
3467, 0.0
3468, 0.1
3469, -0.1
3470, 0.3
3471, -0.1
3472, 0.2
3473, 0.4
3474, 0.2
3475, -0.4
3476, 0.2
3477, -0.2
3478, -0.1
3479, 0.0
3480, 0.1
3481, 0.1
3482, 0.1
3483, -0.2
3484, 0.1
3485, 0.2
3486, -0.3
3487, 0.4
3488, -0.1
3489, 0.1
3490, -0.2
3491, 0.0
3492, 0.1
3493, 0.0
3494, -0.1
3495, -0.2
3496, -0.1
3497, -0.1
3498, 0.2
3499, 0.2
3500, -0.1
3501, 0.0
3502, 0.3
3503, -0.1
3504, 0.0
3505, -0.1
3506, 0.1
3507, -0.2
3508, -0.2
3509, 0.3
3510, -0.1
3511, -0.2
3512, -0.1
3513, 0.2
3514, 0.2
3515, 0.2
3516, 0.0
3517, 0.4
3518, 0.1
3519, 0.5
3520, 0.1
3521, -0.2
3522, -0.1
3523, -0.1
3524, 0.0
3525, 0.1
3526, -0.3
3527, 0.1
3528, -0.2
3529, 0.0
3530, -0.1
3531, 0.0
3532, -0.2
3533, 0.0
3534, 0.2
3535, -0.1
3536, -0.3
3537, 0.0
3538, 0.2
3539, 0.0
3540, -0.2
3541, -0.2
3542, -0.1
3543, -0.2
3544, 0.3
3545, 0.4
3546, 0.2
3547, 0.0
3548, -0.4
3549, -0.1
3550, -0.5
3551, 0.0
3552, 0.1
3553, -0.4
3554, -0.1
3555, -0.4
3556, -0.5
3557, 0.0
3558, 0.1
3559, -0.1
3560, 0.1
3561, -0.4
3562, 0.0
3563, 0.0
3564, 0.0
3565, 0.3
3566, 0.2
3567, 0.3
3568, -0.5
3569, -0.2
3570, 0.0
3571, 0.3
3572, 0.1
3573, 0.2
3574, -0.1
3575, -0.2
3576, 0.0
3577, -0.3
3578, 0.1
3579, 0.1
3580, -0.3
3581, 0.1
3582, -0.2
3583, 0.1
3584, 0.2
3585, 0.2
3586, 0.1
3587, -0.1
3588, -0.1
3589, 0.2
3590, -0.1
3591, 0.2
3592, 0.2
3593, 0.2
3594, -0.3
3595, 0.5
3596, -0.1
3597, 0.0
3598, -0.4
3599, -0.1
3600, -0.1
3601, 0.1
3602, 0.0
3603, 0.0
3604, 0.2
3605, 0.4
3606, 0.1
3607, -0.1
3608, -0.2
3609, -0.6
3610, -0.2
3611, 0.3
3612, -0.1
3613, 0.1
3614, 0.1
3615, 0.2
3616, -0.5
3617, 0.0
3618, -0.1
3619, -0.3
3620, 0.1
3621, -0.2
3622, 0.1
3623, -0.4
3624, 0.1
3625, 0.1
3626, -0.3
3627, -0.3
3628, 0.1
3629, 0.0
3630, -0.1
3631, -0.3
3632, 0.0
3633, -0.2
3634, -0.2
3635, 0.0
3636, 0.0
3637, 0.3
3638, -0.4
3639, 0.1
3640, 0.2
3641, -0.1
3642, 0.2
3643, 0.2
3644, 0.1
3645, 0.3
3646, 0.2
3647, 0.1
3648, 0.0
3649, -0.2
3650, 0.3
3651, 0.2
3652, 0.2
3653, -0.2
3654, -0.4
3655, 0.0
3656, 0.0
3657, -0.5
3658, -0.1
3659, 0.1
3660, 0.0
3661, -0.1
3662, 0.1
3663, 0.0
3664, 0.1
3665, 0.0
3666, 0.1
3667, -0.2
3668, 0.1
3669, 0.0
3670, -0.2
3671, -0.1
3672, 0.0
3673, -0.2
3674, 0.0
3675, -0.3
3676, -0.5
3677, 0.1
3678, 0.2
3679, 0.2
3680, -0.3
3681, 0.0
3682, -0.5
3683, 0.3
3684, 0.0
3685, -0.1
3686, 0.0
3687, -0.3
3688, -0.4
3689, 0.0
3690, -0.3
3691, 0.4
3692, -0.4
3693, 0.2
3694, 0.3
3695, 0.3
3696, 0.4
3697, 0.1
3698, -0.3
3699, 0.3
3700, 0.2
3701, 0.3
3702, 0.3
3703, 0.0
3704, 0.2
3705, -0.1
3706, 0.1
3707, -0.1
3708, 0.1
3709, -0.2
3710, 0.1
3711, 0.0
3712, 0.0
3713, -0.1
3714, -0.2
3715, 0.0
3716, 0.1
3717, 0.4
3718, 0.0
3719, 0.1
3720, 0.2
3721, 0.0
3722, -0.2
3723, -0.2
3724, 0.0
3725, 0.1
3726, 0.1
3727, -0.5
3728, -0.1
3729, 0.2
3730, 0.3
3731, -0.2
3732, 0.3
3733, 0.3
3734, 0.0
3735, -0.3
3736, -0.5
3737, 0.0
3738, 0.1
3739, 0.2
3740, 0.2
3741, 0.2
3742, -0.2
3743, -0.1
3744, 0.0
3745, 0.3
3746, 0.0
3747, -0.1
3748, 0.0
3749, -0.5
3750, -0.3
3751, 0.0
3752, 0.0
3753, 0.2
3754, 0.0
3755, 0.0
3756, 0.1
3757, -0.1
3758, 0.3
3759, 0.3
3760, 0.0
3761, -0.4
3762, -0.2
3763, -0.1
3764, 0.0
3765, 0.1
3766, -0.1
3767, -0.3
3768, -0.3
3769, 0.0
3770, -0.2
3771, 0.4
3772, 0.0
3773, -0.1
3774, 0.3
3775, 0.0
3776, 0.1
3777, 0.2
3778, 0.0
3779, 0.2
3780, -0.4
3781, 0.1
3782, -0.3
3783, 0.2
3784, 0.4
3785, 0.3
3786, 0.1
3787, 0.2
3788, 0.4
3789, -0.2
3790, -0.2
3791, -0.1
3792, -0.4
3793, 0.1
3794, 0.0
3795, 0.1
3796, -0.1
3797, 0.1
3798, 0.3
3799, 0.0
3800, 0.2
3801, 0.4
3802, -0.1
3803, 0.3
3804, 0.3
3805, -0.1
3806, -0.3
3807, 0.2
3808, 0.1
3809, 0.2
3810, -0.1
3811, -0.3
3812, 0.3
3813, 0.0
3814, 0.1
3815, -0.4
3816, 0.2
3817, -0.1
3818, 0.2
3819, -0.1
3820, 0.2
3821, -0.1
3822, 0.1
3823, 0.1
3824, 0.0
3825, 0.1
3826, 0.1
3827, 0.0
3828, 0.0
3829, 0.3
3830, 0.2
3831, 0.2
3832, -0.2
3833, -0.1
3834, -0.3
3835, 0.1
3836, 0.1
3837, 0.2
3838, 0.3
3839, 0.3
3840, 0.2
3841, 0.1
3842, 0.2
3843, -0.2
3844, -0.2
3845, -0.5
3846, 0.1
3847, -0.6
3848, -0.3
3849, 0.3
3850, 0.0
3851, 0.1
3852, -0.5
3853, 0.2
3854, 0.0
3855, -0.1
3856, 0.3
3857, 0.3
3858, 0.0
3859, 0.3
3860, -0.2
3861, 0.2
3862, 0.1
3863, -0.1
3864, -0.2
3865, 0.4
3866, 0.1
3867, -0.3
3868, -0.1
3869, 0.4
3870, -0.2
3871, -0.1
3872, 0.2
3873, 0.3
3874, -0.2
3875, 0.2
3876, -0.4
3877, 0.1
3878, 0.2
3879, 0.1
3880, 0.1
3881, 0.0
3882, -0.2
3883, 0.1
3884, -0.1
3885, 0.3
3886, -0.2
3887, 0.1
3888, 0.4
3889, -0.5
3890, 0.3
3891, 0.4
3892, 0.3
3893, 0.0
3894, -0.2
3895, -0.1
3896, 0.3
3897, -0.3
3898, -0.1
3899, -0.2
3900, 0.0
3901, -0.3
3902, 0.1
3903, 0.1
3904, -0.1
3905, 0.5
3906, -0.4
3907, 0.1
3908, -0.1
3909, -0.1
3910, 0.2
3911, 0.0
3912, 0.0
3913, -0.2
3914, 0.3
3915, 0.1
3916, 0.4
3917, -0.1
3918, -0.3
3919, 0.1
3920, -0.2
3921, 0.0
3922, -0.2
3923, -0.2
3924, -0.1
3925, 0.3
3926, 0.1
3927, 0.2
3928, -0.4
3929, 0.3
3930, 0.1
3931, -0.1
3932, 0.0
3933, -0.1
3934, 0.1
3935, 0.1
3936, 0.3
3937, 0.0
3938, 0.0
3939, -0.3
3940, -0.4
3941, 0.0
3942, 0.1
3943, 0.1
3944, 0.2
3945, 0.2
3946, -0.1
3947, 0.2
3948, -0.2
3949, 0.0
3950, 0.2
3951, -0.2
3952, 0.1
3953, -0.1
3954, 0.2
3955, 0.2
3956, 0.1
3957, -0.3
3958, -0.3
3959, 0.2
3960, -0.4
3961, 0.1
3962, 0.1
3963, 0.2
3964, -0.2
3965, -0.2
3966, -0.1
3967, 0.2
3968, 0.0
3969, 0.2
3970, 0.2
3971, -0.2
3972, 0.3
3973, 0.2
3974, -0.3
3975, -0.1
3976, -0.4
3977, 0.2
3978, 0.2
3979, 0.2
3980, 0.0
3981, 0.0
3982, 0.1
3983, -0.1
3984, 0.2
3985, -0.5
3986, 0.1
3987, 0.3
3988, -0.2
3989, 0.1
3990, -0.1
3991, 0.2
3992, -0.4
3993, -0.1
3994, -0.4
3995, -0.2
3996, -0.4
3997, -0.1
3998, 0.2
3999, -0.1
