0, 0.1
1, -0.6
2, 0.1
3, -0.4
4, 0.1
5, -0.2
6, -0.1
7, 0.1
8, -0.3
9, -0.3
10, 0.0
11, 0.3
12, 0.0
13, -0.3
14, 0.3
15, 0.1
16, 0.0
17, 0.1
18, 0.1
19, -0.3
20, -0.1
21, 0.1
22, 0.1
23, -0.3
24, 0.1
25, -0.1
26, 0.2
27, 0.4
28, 0.3
29, 0.0
30, -0.1
31, 0.1
32, -0.6
33, -0.2
34, 0.2
35, -0.5
36, -0.2
37, 0.2
38, -0.1
39, 0.2
40, 0.0
41, -0.2
42, 0.0
43, 0.1
44, 0.0
45, -0.4
46, -0.2
47, 0.3
48, 0.3
49, 0.2
50, -0.1
51, 0.3
52, 0.4
53, -0.4
54, -0.4
55, 0.1
56, 0.1
57, -0.5
58, 0.0
59, 0.1
60, -0.1
61, 0.3
62, 0.0
63, 0.1
64, -0.2
65, -0.1
66, -0.4
67, 0.0
68, -0.1
69, 0.1
70, -0.1
71, -0.2
72, -0.3
73, 0.0
74, 0.3
75, 0.5
76, 0.0
77, -0.3
78, -0.2
79, -0.4
80, -0.3
81, 0.1
82, 0.1
83, 0.1
84, 0.2
85, -0.2
86, 0.2
87, 0.4
88, 0.2
89, -0.1
90, 0.1
91, -0.2
92, 0.4
93, -0.5
94, 0.2
95, -0.5
96, 0.4
97, 0.1
98, -0.1
99, 0.5
100, -0.4
101, 0.0
102, 0.1
103, 0.2
104, -0.2
105, 0.1
106, -0.3
107, -0.1
108, 0.1
109, 0.3
110, -0.1
111, 0.3
112, 0.1
113, -0.1
114, -0.2
115, 0.2
116, -0.3
117, 0.1
118, -0.3
119, 0.1
120, 0.3
121, -0.5
122, 0.3
123, -0.1
124, -0.1
125, -0.3
126, 0.1
127, 0.0
128, 0.2
129, 0.2
130, 0.0
131, 0.2
132, -0.3
133, 0.0
134, -0.2
135, 0.1
136, -0.3
137, -0.4
138, -0.1
139, -0.1
140, -0.1
141, 0.2
142, 0.1
143, 0.1
144, -0.2
145, 0.1
146, -0.2
147, -0.3
148, -0.1
149, -0.2
150, 0.3
151, -0.2
152, -0.8
153, 0.2
154, 0.0
155, -0.1
156, 0.2
157, -0.1
158, 0.1
159, 0.2
160, -0.2
161, -0.2
162, -0.3
163, -0.1
164, -0.1
165, 0.5
166, 0.1
167, 0.1
168, 0.4
169, 0.4
170, 0.2
171, -0.2
172, 0.3
173, 0.1
174, 0.3
175, -0.4
176, -0.4
177, -0.2
178, 0.4
179, 0.1
180, 0.1
181, 0.1
182, 0.1
183, 0.0
184, -0.1
185, 0.4
186, -0.2
187, 0.0
188, 0.2
189, -0.3
190, 0.0
191, 0.2
192, 0.1
193, -0.6
194, 0.2
195, 0.0
196, -0.1
197, -0.1
198, -0.1
199, 0.0
200, -0.1
201, 0.0
202, 0.0
203, 0.1
204, -0.2
205, 0.3
206, 0.0
207, 0.1
208, 0.3
209, 0.1
210, 0.2
211, 0.2
212, 0.1
213, 0.1
214, 0.3
215, -0.5
216, -0.2
217, -0.3
218, 0.0
219, 0.4
220, 0.1
221, -0.4
222, -0.2
223, 0.2
224, 0.1
225, 0.3
226, 0.0
227, -0.1
228, 0.0
229, 0.4
230, 0.0
231, -0.4
232, 0.0
233, 0.0
234, 0.1
235, -0.2
236, 0.0
237, 0.0
238, -0.1
239, -0.2
240, 0.0
241, 0.1
242, 0.0
243, -0.3
244, 0.0
245, -0.3
246, -0.3
247, -0.5
248, -0.5
249, -0.2
250, -0.1
251, 0.0
252, 0.2
253, -0.1
254, 0.0
255, 0.3
256, -0.1
257, -0.1
258, -0.2
259, 0.2
260, -0.3
261, -0.2
262, 0.1
263, 0.2
264, 0.3
265, -0.5
266, 0.3
267, 0.3
268, -0.1
269, -0.2
270, -0.3
271, 0.2
272, 0.2
273, 0.4
274, 0.2
275, 0.0
276, -0.1
277, -0.3
278, 0.2
279, -0.1
280, -0.2
281, 0.0
282, 0.2
283, -0.5
284, 0.0
285, 0.4
286, -0.1
287, -0.1
288, 0.1
289, 0.1
290, -0.4
291, 0.3
292, -0.1
293, -0.3
294, -0.2
295, 0.1
296, 0.1
297, 0.0
298, 0.0
299, 0.1
300, 0.0
301, 0.5
302, 0.2
303, 0.0
304, 0.1
305, -0.1
306, -0.3
307, 0.0
308, -0.3
309, -0.4
310, -0.2
311, 0.2
312, 0.0
313, 0.1
314, 0.0
315, 0.4
316, -0.2
317, 0.1
318, -0.3
319, 0.0
320, 0.2
321, -0.4
322, -0.2
323, 0.2
324, -0.2
325, 0.1
326, 0.2
327, 0.0
328, 0.0
329, -0.2
330, -0.4
331, 0.3
332, 0.4
333, -0.2
334, 0.3
335, -0.5
336, 0.0
337, -0.4
338, 0.1
339, 0.1
340, 0.1
341, 0.2
342, -0.1
343, -0.1
344, -0.4
345, -0.3
346, 0.4
347, 0.3
348, 0.3
349, 0.2
350, 0.1
351, -0.2
352, -0.1
353, 0.1
354, 0.3
355, -0.3
356, 0.1
357, 0.2
358, -0.1
359, -0.1
360, 0.1
361, 0.0
362, -0.3
363, -0.4
364, -0.2
365, -0.4
366, -0.2
367, 0.2
368, 0.4
369, 0.0
370, -0.1
371, -0.2
372, 0.3
373, -0.1
374, -0.1
375, -0.1
376, 0.1
377, 0.0
378, -0.2
379, 0.0
380, 0.3
381, 0.2
382, -0.2
383, -0.1
384, 0.1
385, -0.2
386, 0.0
387, 0.1
388, 0.0
389, 0.0
390, 0.2
391, 0.2
392, 0.1
393, 0.0
394, -0.1
395, -0.2
396, 0.3
397, -0.3
398, -0.8
399, 0.0
400, -0.1
401, -0.1
402, -0.1
403, -0.1
404, 0.3
405, 0.1
406, 0.0
407, -0.3
408, 0.3
409, 0.1
410, -0.3
411, 0.2
412, -0.2
413, 0.0
414, -0.1
415, 0.0
416, -0.2
417, -0.2
418, 0.2
419, 0.2
420, 0.4
421, -0.3
422, -0.2
423, 0.2
424, 0.0
425, 0.4
426, -0.1
427, 0.4
428, 0.4
429, -0.3
430, -0.2
431, 0.2
432, -0.1
433, 0.1
434, 0.2
435, 0.2
436, 0.1
437, 0.1
438, 0.2
439, -0.2
440, -0.2
441, 0.1
442, 0.1
443, 0.2
444, -0.3
445, -0.2
446, 0.0
447, 0.1
448, -0.2
449, 0.2
450, -0.4
451, -0.1
452, 0.0
453, -0.3
454, -0.2
455, 0.2
456, -0.1
457, 0.2
458, -0.4
459, -0.1
460, 0.0
461, 0.2
462, 0.1
463, 0.2
464, 0.0
465, 0.0
466, -0.4
467, -0.1
468, 0.2
469, -0.5
470, -0.1
471, -0.4
472, 0.0
473, -0.2
474, 0.4
475, -0.1
476, 0.3
477, -0.3
478, -0.2
479, 0.3
480, 0.2
481, -0.5
482, 0.2
483, 0.0
484, -0.3
485, 0.2
486, 0.4
487, 0.1
488, 0.0
489, -0.3
490, 0.0
491, -0.2
492, 0.0
493, -0.1
494, 0.3
495, 0.1
496, -0.4
497, -0.2
498, -0.1
499, -0.3
500, 0.2
501, -0.2
502, 0.4
503, -0.2
504, 0.4
505, -0.1
506, 0.2
507, 0.3
508, 0.2
509, -0.2
510, 0.1
511, -0.2
512, 0.4
513, 0.3
514, 0.0
515, 0.0
516, 0.1
517, 0.2
518, 0.0
519, 0.1
520, 0.0
521, -0.1
522, 0.0
523, -0.3
524, 0.0
525, 0.3
526, -0.2
527, 0.2
528, -0.4
529, -0.2
530, 0.4
531, -0.4
532, -0.2
533, -0.6
534, -0.1
535, 0.1
536, 0.1
537, -0.1
538, -0.3
539, 0.1
540, 0.2
541, 0.1
542, -0.1
543, 0.0
544, -0.4
545, -0.1
546, 0.2
547, -0.5
548, 0.0
549, 0.1
550, 0.2
551, 0.0
552, -0.1
553, 0.1
554, -0.1
555, 0.3
556, -0.2
557, 0.3
558, 0.0
559, -0.1
560, 0.2
561, -0.2
562, 0.1
563, -0.2
564, -0.2
565, -0.1
566, 0.2
567, -0.2
568, 0.2
569, -0.2
570, 0.0
571, 0.0
572, 0.3
573, -0.1
574, -0.1
575, 0.0
576, -0.2
577, -0.3
578, -0.1
579, 0.1
580, -0.5
581, -0.2
582, -0.2
583, -0.2
584, -0.3
585, 0.2
586, 0.0
587, 0.4
588, 0.2
589, 0.1
590, -0.3
591, 0.1
592, -0.2
593, -0.3
594, 0.3
595, 0.2
596, -0.2
597, -0.2
598, 0.1
599, 0.1
600, 0.2
601, 0.2
602, -0.1
603, -0.3
604, 0.3
605, 0.3
606, 0.1
607, 0.3
608, -0.7
609, 0.3
610, 0.1
611, -0.4
612, 0.1
613, 0.0
614, -0.3
615, -0.3
616, 0.2
617, -0.1
618, 0.2
619, -0.1
620, -0.2
621, -0.3
622, -0.2
623, 0.0
624, 0.5
625, 0.3
626, 0.6
627, 0.1
628, 0.0
629, -0.2
630, 0.2
631, 0.0
632, 0.0
633, 0.0
634, 0.1
635, -0.3
636, 0.1
637, 0.3
638, 0.1
639, 0.0
640, 0.1
641, 0.4
642, 0.1
643, 0.0
644, 0.1
645, 0.1
646, 0.0
647, -0.1
648, -0.1
649, 0.0
650, 0.0
651, 0.1
652, 0.2
653, -0.3
654, -0.1
655, 0.0
656, 0.4
657, -0.1
658, 0.1
659, 0.0
660, 0.0
661, 0.3
662, -0.5
663, 0.3
664, -0.1
665, -0.2
666, 0.1
667, 0.3
668, 0.1
669, 0.3
670, 0.2
671, -0.3
672, 0.1
673, 0.0
674, 0.0
675, 0.3
676, 0.0
677, 0.3
678, 0.0
679, -0.3
680, -0.1
681, 0.2
682, 0.0
683, -0.2
684, -0.2
685, -0.3
686, -0.6
687, 0.0
688, -0.2
689, -0.3
690, 0.0
691, 0.2
692, -0.3
693, -0.1
694, 0.3
695, 0.1
696, 0.2
697, 0.1
698, 0.0
699, 0.0
700, 0.3
701, 0.0
702, 0.1
703, 0.1
704, 0.2
705, -0.3
706, 0.2
707, 0.0
708, 0.0
709, -0.2
710, 0.1
711, 0.1
712, 0.0
713, 0.0
714, 0.2
715, -0.1
716, 0.0
717, 0.3
718, -0.2
719, -0.4
720, -0.2
721, -0.3
722, 0.3
723, 0.4
724, -0.6
725, 0.2
726, 0.0
727, -0.1
728, -0.4
729, 0.4
730, -0.3
731, 0.3
732, -0.1
733, -0.3
734, 0.1
735, 0.5
736, 0.2
737, 0.2
738, 0.0
739, 0.0
740, -0.4
741, -0.4
742, -0.4
743, -0.1
744, 0.3
745, -0.1
746, -0.1
747, -0.4
748, -0.1
749, 0.0
750, 0.0
751, 0.2
752, -0.4
753, 0.4
754, 0.2
755, 0.5
756, -0.1
757, 0.0
758, -0.1
759, -0.1
760, 0.4
761, 0.2
762, 0.0
763, 0.0
764, 0.1
765, 0.3
766, -0.1
767, -0.1
768, -0.4
769, 0.0
770, -0.1
771, -0.1
772, -0.2
773, 0.2
774, 0.1
775, 0.1
776, -0.1
777, 0.1
778, 0.4
779, -0.3
780, -0.2
781, -0.2
782, -0.3
783, 0.0
784, 0.3
785, 0.2
786, 0.3
787, -0.3
788, -0.2
789, 0.0
790, 0.1
791, 0.0
792, 0.1
793, 0.2
794, -0.2
795, 0.1
796, -0.3
797, -0.2
798, -0.1
799, 0.1
800, 0.0
801, 0.2
802, 0.0
803, -0.6
804, 0.0
805, 0.0
806, 0.1
807, -0.2
808, 0.3
809, 0.1
810, 0.4
811, 0.0
812, 0.0
813, 0.3
814, 0.3
815, -0.1
816, 0.2
817, -0.1
818, 0.0
819, 0.1
820, -0.1
821, -0.1
822, 0.3
823, -0.1
824, 0.1
825, 0.3
826, 0.4
827, 0.2
828, 0.2
829, 0.2
830, 0.2
831, -0.2
832, 0.2
833, 0.1
834, 0.0
835, 0.0
836, 0.1
837, 0.1
838, -0.1
839, 0.1
840, -0.1
841, 0.2
842, 0.3
843, 0.2
844, -0.4
845, 0.2
846, -0.3
847, -0.1
848, 0.1
849, 0.0
850, 0.4
851, 0.0
852, 0.0
853, 0.1
854, 0.2
855, 0.1
856, -0.2
857, 0.4
858, 0.1
859, 0.3
860, 0.3
861, 0.0
862, -0.1
863, 0.2
864, 0.0
865, -0.2
866, -0.2
867, 0.3
868, 0.2
869, 0.0
870, 0.3
871, 0.2
872, 0.2
873, 0.0
874, -0.6
875, -0.1
876, -0.2
877, -0.2
878, -0.1
879, 0.0
880, 0.3
881, -0.1
882, 0.2
883, -0.2
884, 0.1
885, -0.1
886, 0.0
887, 0.0
888, -0.1
889, 0.1
890, 0.0
891, 0.4
892, -0.2
893, -0.2
894, 0.2
895, 0.0
896, -0.3
897, -0.5
898, 0.2
899, 0.1
900, -0.3
901, 0.1
902, 0.3
903, 0.5
904, -0.3
905, -0.5
906, -0.1
907, -0.4
908, -0.7
909, 0.3
910, 0.1
911, 0.0
912, 0.3
913, -0.1
914, -0.2
915, -0.2
916, 0.1
917, -0.3
918, -0.1
919, -0.1
920, -0.2
921, -0.1
922, 0.1
923, 0.1
924, 0.0
925, 0.2
926, 0.4
927, 0.0
928, 0.2
929, -0.2
930, -0.2
931, -0.2
932, 0.2
933, 0.1
934, -0.1
935, 0.2
936, 0.0
937, 0.0
938, 0.0
939, 0.1
940, 0.0
941, -0.2
942, 0.2
943, 0.1
944, 0.3
945, 0.2
946, -0.5
947, 0.0
948, 0.0
949, 0.1
950, -0.3
951, -0.1
952, 0.2
953, -0.4
954, 0.0
955, 0.0
956, -0.3
957, -0.4
958, -0.1
959, 0.5
960, -0.3
961, 0.4
962, 0.1
963, 0.2
964, 0.0
965, 0.1
966, -0.1
967, -0.1
968, 0.1
969, -0.3
970, -0.5
971, 0.2
972, 0.0
973, -0.1
974, 0.2
975, 0.1
976, -0.2
977, 0.0
978, -0.1
979, 0.2
980, 0.3
981, 0.1
982, -0.1
983, -0.3
984, -0.3
985, 0.0
986, 0.2
987, -0.1
988, 0.0
989, -0.1
990, -0.5
991, -0.1
992, -0.3
993, 0.1
994, 0.0
995, 0.1
996, -0.2
997, 0.0
998, -0.2
999, 0.1
1000, 0.1
1001, -0.3
1002, 0.2
1003, -0.5
1004, -0.5
1005, -0.1
1006, 0.1
1007, 0.1
1008, 0.1
1009, 0.5
1010, 0.4
1011, -0.2
1012, -0.5
1013, 0.2
1014, 0.1
1015, 0.2
1016, 0.0
1017, 0.3
1018, -0.5
1019, -0.3
1020, -0.2
1021, -0.4
1022, 0.0
1023, -0.2
1024, -0.1
1025, 0.1
1026, 0.0
1027, 0.1
1028, 0.3
1029, 0.2
1030, 0.0
1031, -0.2
1032, -0.7
1033, 0.0
1034, 0.1
1035, 0.0
1036, 0.1
1037, 0.2
1038, 0.1
1039, 0.2
1040, -0.2
1041, 0.2
1042, -0.2
1043, -0.1
1044, 0.0
1045, -0.4
1046, 0.4
1047, -0.2
1048, 0.2
1049, -0.2
1050, 0.3
1051, 0.1
1052, 0.1
1053, 0.4
1054, 0.0
1055, -0.2
1056, 0.1
1057, -0.1
1058, 0.2
1059, 0.1
1060, 0.1
1061, 0.2
1062, -0.4
1063, 0.1
1064, -0.2
1065, 0.0
1066, 0.1
1067, -0.5
1068, 0.0
1069, -0.1
1070, -0.3
1071, 0.1
1072, 0.1
1073, 0.3
1074, 0.5
1075, -0.2
1076, -0.1
1077, 0.5
1078, 0.0
1079, 0.3
1080, 0.0
1081, -0.1
1082, -0.1
1083, 0.0
1084, -0.2
1085, 0.1
1086, -0.3
1087, -0.5
1088, 0.4
1089, 0.4
1090, 0.2
1091, -0.2
1092, 0.0
1093, -0.3
1094, 0.0
1095, -0.1
1096, 0.0
1097, -0.5
1098, -0.1
1099, -0.1
1100, 0.0
1101, -0.1
1102, -0.2
1103, 0.1
1104, -0.2
1105, -0.3
1106, -0.1
1107, 0.1
1108, -0.1
1109, 0.3
1110, -0.2
1111, 0.5
1112, -0.6
1113, 0.1
1114, 0.0
1115, 0.1
1116, -0.2
1117, -0.3
1118, 0.4
1119, 0.0
1120, -0.1
1121, 0.1
1122, -0.3
1123, 0.1
1124, -0.3
1125, 0.4
1126, -0.2
1127, -0.1
1128, -0.2
1129, 0.2
1130, -0.2
1131, 0.2
1132, -0.1
1133, -0.1
1134, 0.1
1135, 0.0
1136, -0.3
1137, -0.3
1138, 0.2
1139, 0.1
1140, 0.0
1141, 0.3
1142, -0.4
1143, 0.1
1144, 0.1
1145, -0.5
1146, -0.5
1147, 0.2
1148, 0.3
1149, 0.1
1150, 0.0
1151, 0.0
1152, 0.0
1153, 0.1
1154, 0.3
1155, 0.0
1156, -0.5
1157, 0.1
1158, 0.1
1159, 0.0
1160, -0.1
1161, 0.0
1162, 0.0
1163, 0.3
1164, -0.2
1165, 0.1
1166, -0.2
1167, -0.2
1168, 0.0
1169, 0.0
1170, 0.2
1171, -0.2
1172, -0.1
1173, -0.4
1174, -0.3
1175, 0.1
1176, 0.1
1177, 0.4
1178, -0.3
1179, 0.2
1180, -0.1
1181, 0.4
1182, -0.1
1183, -0.1
1184, -0.5
1185, -0.1
1186, 0.0
1187, -0.5
1188, 0.3
1189, 0.2
1190, 0.0
1191, 0.4
1192, 0.0
1193, 0.2
1194, 0.3
1195, 0.3
1196, 0.3
1197, 0.5
1198, 0.0
1199, 0.2
1200, -0.1
1201, 0.0
1202, -0.1
1203, 0.3
1204, -0.1
1205, -0.1
1206, 0.3
1207, 0.0
1208, -0.2
1209, 0.0
1210, -0.7
1211, 0.0
1212, 0.3
1213, 0.1
1214, -0.2
1215, -0.1
1216, -0.1
1217, 0.3
1218, 0.0
1219, 0.1
1220, 0.0
1221, 0.1
1222, -0.4
1223, 0.3
1224, 0.1
1225, -0.3
1226, -0.2
1227, 0.0
1228, 0.2
1229, 0.1
1230, 0.2
1231, 0.4
1232, 0.0
1233, 0.0
1234, 0.3
1235, -0.1
1236, 0.2
1237, -0.1
1238, -0.1
1239, -0.3
1240, 0.3
1241, 0.2
1242, 0.2
1243, 0.3
1244, 0.3
1245, 0.0
1246, 0.0
1247, 0.3
1248, -0.5
1249, 0.4
1250, 0.2
1251, 0.1
1252, -0.5
1253, 0.1
1254, -0.2
1255, 0.1
1256, 0.1
1257, -0.2
1258, 0.2
1259, -0.4
1260, 0.3
1261, 0.4
1262, 0.3
1263, -0.7
1264, -0.2
1265, -0.1
1266, -0.1
1267, -0.3
1268, 0.1
1269, 0.3
1270, 0.2
1271, 0.2
1272, 0.1
1273, -0.3
1274, 0.0
1275, -0.2
1276, 0.2
1277, 0.2
1278, 0.1
1279, 0.0
1280, 0.0
1281, 0.2
1282, -0.3
1283, -0.2
1284, 0.1
1285, 0.1
1286, 0.1
1287, 0.0
1288, 0.2
1289, 0.1
1290, 0.0
1291, 0.0
1292, 0.3
1293, 0.3
1294, -0.3
1295, 0.1
1296, -0.3
1297, 0.1
1298, 0.2
1299, 0.4
1300, 0.1
1301, -0.1
1302, -0.2
1303, 0.2
1304, 0.2
1305, -0.4
1306, 0.4
1307, -0.4
1308, 0.4
1309, -0.2
1310, 0.1
1311, 0.0
1312, 0.1
1313, 0.0
1314, 0.1
1315, -0.4
1316, 0.1
1317, 0.1
1318, 0.1
1319, 0.3
1320, 0.2
1321, -0.3
1322, -0.2
1323, -0.1
1324, 0.1
1325, 0.2
1326, 0.3
1327, 0.3
1328, -0.3
1329, 0.2
1330, 0.1
1331, -0.1
1332, 0.3
1333, -0.1
1334, 0.2
1335, -0.3
1336, -0.1
1337, -0.1
1338, 0.1
1339, -0.4
1340, 0.1
1341, 0.1
1342, 0.4
1343, 0.1
1344, 0.1
1345, 0.0
1346, -0.1
1347, -0.1
1348, -0.4
1349, -0.4
1350, -0.3
1351, 0.3
1352, 0.2
1353, 0.1
1354, 0.3
1355, 0.2
1356, -0.4
1357, 0.1
1358, -0.4
1359, 0.0
1360, 0.2
1361, -0.2
1362, 0.0
1363, -0.1
1364, 0.3
1365, 0.2
1366, -0.1
1367, 0.2
1368, -0.4
1369, 0.0
1370, 0.2
1371, 0.1
1372, -0.2
1373, 0.3
1374, 0.2
1375, -0.1
1376, -0.1
1377, 0.1
1378, -0.2
1379, 0.2
1380, 0.4
1381, -0.1
1382, -0.4
1383, -0.6
1384, 0.2
1385, 0.3
1386, -0.6
1387, 0.2
1388, -0.2
1389, 0.3
1390, -0.4
1391, 0.3
1392, 0.0
1393, 0.1
1394, -0.1
1395, 0.0
1396, -0.2
1397, -0.1
1398, 0.3
1399, -0.2
1400, -0.1
1401, -0.2
1402, 0.2
1403, 0.1
1404, 0.2
1405, 0.3
1406, 0.0
1407, 0.0
1408, 0.4
1409, 0.3
1410, 0.2
1411, 0.0
1412, 0.1
1413, -0.1
1414, 0.2
1415, 0.3
1416, 0.1
1417, -0.2
1418, 0.1
1419, 0.1
1420, 0.0
1421, -0.1
1422, -0.1
1423, 0.3
1424, -0.3
1425, -0.3
1426, 0.1
1427, 0.2
1428, 0.0
1429, 0.2
1430, -0.3
1431, 0.0
1432, 0.1
1433, -0.3
1434, 0.2
1435, 0.4
1436, 0.0
1437, 0.3
1438, 0.3
1439, 0.2
1440, -0.3
1441, 0.3
1442, 0.1
1443, 0.0
1444, 0.0
1445, 0.2
1446, 0.0
1447, 0.2
1448, 0.3
1449, 0.1
1450, 0.0
1451, 0.0
1452, 0.3
1453, -0.1
1454, 0.4
1455, 0.2
1456, 0.0
1457, 0.0
1458, 0.0
1459, 0.1
1460, 0.2
1461, -0.6
1462, 0.2
1463, 0.0
1464, -0.4
1465, 0.0
1466, -0.2
1467, -0.1
1468, -0.1
1469, 0.0
1470, 0.1
1471, -0.1
1472, -0.1
1473, -0.2
1474, -0.3
1475, -0.4
1476, 0.2
1477, 0.2
1478, -0.2
1479, 0.1
1480, -0.4
1481, 0.3
1482, 0.1
1483, 0.5
1484, -0.1
1485, 0.1
1486, -0.3
1487, 0.1
1488, 0.3
1489, 0.0
1490, 0.1
1491, -0.3
1492, 0.4
1493, 0.3
1494, -0.3
1495, 0.1
1496, -0.3
1497, -0.5
1498, 0.0
1499, 0.3
1500, -0.2
1501, -0.1
1502, -0.1
1503, 0.2
1504, -0.2
1505, 0.1
1506, 0.0
1507, 0.4
1508, 0.3
1509, 0.5
1510, 0.0
1511, 0.2
1512, 0.1
1513, -0.2
1514, 0.1
1515, -0.2
1516, -0.3
1517, 0.2
1518, 0.2
1519, 0.2
1520, -0.3
1521, -0.1
1522, 0.1
1523, 0.1
1524, 0.0
1525, -0.3
1526, -0.1
1527, -0.6
1528, -0.1
1529, 0.2
1530, 0.2
1531, 0.0
1532, 0.0
1533, 0.2
1534, 0.3
1535, 0.2
1536, -0.1
1537, 0.1
1538, 0.0
1539, 0.0
1540, 0.1
1541, -0.3
1542, -0.1
1543, 0.0
1544, -0.3
1545, -0.1
1546, -0.1
1547, -0.2
1548, -0.6
1549, -0.2
1550, 0.1
1551, 0.2
1552, 0.1
1553, -0.1
1554, 0.2
1555, -0.4
1556, 0.1
1557, -0.2
1558, 0.1
1559, -0.5
1560, 0.3
1561, -0.2
1562, 0.2
1563, -0.1
1564, -0.1
1565, 0.1
1566, -0.3
1567, -0.3
1568, 0.3
1569, 0.2
1570, 0.3
1571, 0.2
1572, -0.1
1573, 0.0
1574, -0.2
1575, -0.3
1576, -0.1
1577, 0.0
1578, 0.2
1579, 0.2
1580, 0.3
1581, -0.2
1582, 0.1
1583, -0.1
1584, 0.1
1585, 0.1
1586, 0.1
1587, -0.4
1588, -0.2
1589, -0.1
1590, 0.4
1591, -0.1
1592, 0.0
1593, 0.5
1594, -0.1
1595, 0.2
1596, 0.1
1597, -0.1
1598, 0.1
1599, 0.2
1600, 0.1
1601, -0.3
1602, 0.3
1603, -0.1
1604, -0.1
1605, -0.7
1606, -0.2
1607, 0.3
1608, 0.0
1609, -0.1
1610, 0.1
1611, 0.1
1612, 0.2
1613, 0.3
1614, -0.1
1615, -0.3
1616, -0.1
1617, -0.2
1618, 0.2
1619, -0.1
1620, 0.2
1621, -0.1
1622, 0.0
1623, 0.0
1624, 0.1
1625, 0.1
1626, -0.1
1627, 0.3
1628, 0.0
1629, 0.2
1630, 0.3
1631, -0.4
1632, 0.2
1633, 0.2
1634, 0.2
1635, 0.1
1636, 0.2
1637, -0.3
1638, -0.1
1639, 0.0
1640, -0.1
1641, -0.1
1642, 0.4
1643, -0.5
1644, -0.1
1645, 0.2
1646, 0.5
1647, -0.1
1648, 0.2
1649, -0.3
1650, -0.4
1651, -0.1
1652, 0.0
1653, 0.0
1654, 0.3
1655, 0.1
1656, 0.0
1657, 0.2
1658, 0.0
1659, 0.4
1660, -0.1
1661, 0.3
1662, -0.2
1663, 0.2
1664, -0.2
1665, -0.2
1666, 0.1
1667, -0.1
1668, -0.3
1669, -0.1
1670, 0.0
1671, -0.1
1672, -0.2
1673, -0.1
1674, -0.3
1675, -0.2
1676, -0.2
1677, -0.2
1678, 0.0
1679, 0.2
1680, -0.1
1681, -0.2
1682, 0.3
1683, -0.3
1684, 0.2
1685, 0.2
1686, 0.0
1687, 0.4
1688, -0.3
1689, -0.2
1690, -0.1
1691, 0.1
1692, 0.1
1693, 0.1
1694, -0.1
1695, 0.1
1696, 0.1
1697, -0.4
1698, 0.0
1699, 0.1
1700, 0.1
1701, -0.2
1702, -0.3
1703, -0.2
1704, 0.2
1705, 0.2
1706, 0.4
1707, 0.2
1708, 0.1
1709, -0.1
1710, -0.2
1711, 0.0
1712, 0.0
1713, 0.1
1714, -0.3
1715, 0.2
1716, 0.0
1717, 0.0
1718, 0.1
1719, 0.1
1720, -0.2
1721, -0.2
1722, -0.1
1723, -0.3
1724, 0.3
1725, 0.2
1726, 0.1
1727, 0.0
1728, 0.1
1729, -0.1
1730, -0.1
1731, 0.2
1732, -0.2
1733, -0.1
1734, 0.4
1735, -0.6
1736, -0.2
1737, 0.2
1738, 0.2
1739, -0.1
1740, -0.2
1741, 0.0
1742, 0.0
1743, 0.3
1744, 0.2
1745, -0.1
1746, 0.2
1747, 0.2
1748, -0.2
1749, -0.3
1750, 0.0
1751, -0.3
1752, 0.0
1753, 0.3
1754, 0.3
1755, 0.3
1756, 0.2
1757, 0.1
1758, -0.1
1759, -0.2
1760, -0.2
1761, 0.0
1762, 0.0
1763, 0.2
1764, -0.1
1765, -0.1
1766, 0.3
1767, 0.3
1768, 0.1
1769, -0.4
1770, 0.1
1771, -0.3
1772, 0.0
1773, 0.0
1774, 0.1
1775, 0.0
1776, 0.5
1777, -0.1
1778, -0.3
1779, 0.0
1780, 0.4
1781, 0.3
1782, 0.2
1783, 0.1
1784, -0.2
1785, 0.0
1786, 0.3
1787, -0.1
1788, 0.3
1789, 0.2
1790, 0.3
1791, 0.1
1792, -0.1
1793, -0.2
1794, 0.0
1795, 0.0
1796, -0.1
1797, 0.1
1798, -0.3
1799, -0.3
1800, 0.3
1801, -0.3
1802, -0.1
1803, 0.0
1804, -0.4
1805, 0.1
1806, 0.3
1807, 0.2
1808, 0.4
1809, 0.0
1810, 0.0
1811, 0.0
1812, 0.0
1813, -0.3
1814, 0.1
1815, 0.2
1816, 0.2
1817, -0.2
1818, -0.4
1819, -0.4
1820, -0.3
1821, 0.2
1822, 0.4
1823, -0.3
1824, 0.0
1825, 0.2
1826, 0.1
1827, 0.0
1828, 0.0
1829, -0.1
1830, 0.2
1831, 0.1
1832, 0.0
1833, -0.1
1834, 0.0
1835, -0.1
1836, -0.2
1837, -0.1
1838, -0.5
1839, 0.4
1840, -0.1
1841, 0.1
1842, -0.1
1843, -0.3
1844, 0.0
1845, 0.1
1846, 0.0
1847, 0.3
1848, -0.3
1849, 0.0
1850, 0.3
1851, 0.2
1852, 0.1
1853, -0.2
1854, -0.7
1855, -0.4
1856, -0.2
1857, -0.1
1858, 0.4
1859, 0.0
1860, 0.2
1861, 0.3
1862, 0.2
1863, 0.0
1864, 0.2
1865, 0.1
1866, 0.2
1867, -0.2
1868, -0.1
1869, 0.2
1870, -0.1
1871, 0.0
1872, 0.0
1873, -0.4
1874, -0.1
1875, 0.3
1876, 0.0
1877, -0.1
1878, 0.1
1879, 0.2
1880, -0.3
1881, -0.4
1882, -0.1
1883, 0.0
1884, -0.1
1885, -0.2
1886, 0.3
1887, -0.2
1888, -0.1
1889, -0.3
1890, 0.4
1891, -0.1
1892, 0.1
1893, 0.1
1894, 0.5
1895, -0.2
1896, -0.2
1897, 0.1
1898, -0.1
1899, 0.3
1900, 0.0
1901, 0.0
1902, 0.0
1903, 0.1
1904, -0.1
1905, 0.2
1906, -0.1
1907, 0.2
1908, 0.0
1909, 0.3
1910, -0.2
1911, 0.3
1912, -0.2
1913, -0.4
1914, 0.2
1915, -0.1
1916, 0.0
1917, 0.0
1918, 0.0
1919, 0.1
1920, 0.1
1921, 0.1
1922, 0.0
1923, 0.1
1924, 0.0
1925, 0.4
1926, -0.1
1927, -0.5
1928, 0.1
1929, 0.1
1930, -0.1
1931, -0.1
1932, 0.0
1933, 0.0
1934, -0.3
1935, 0.2
1936, 0.0
1937, -0.3
1938, 0.0
1939, 0.4
1940, 0.2
1941, 0.0
1942, 0.2
1943, -0.1
1944, 0.0
1945, 0.0
1946, 0.4
1947, -0.3
1948, -0.3
1949, -0.1
1950, -0.2
1951, -0.3
1952, 0.1
1953, 0.2
1954, 0.0
1955, 0.1
1956, 0.0
1957, 0.0
1958, 0.1
1959, 0.1
1960, -0.1
1961, -0.5
1962, -0.5
1963, 0.1
1964, -0.2
1965, 0.0
1966, 0.3
1967, 0.3
1968, -0.5
1969, 0.0
1970, 0.3
1971, 0.2
1972, -0.2
1973, 0.2
1974, 0.2
1975, 0.2
1976, 0.0
1977, -0.2
1978, -0.3
1979, -0.1
1980, -0.4
1981, 0.1
1982, 0.2
1983, 0.3
1984, -0.4
1985, -0.1
1986, 0.1
1987, 0.2
1988, 0.1
1989, 0.2
1990, 0.2
1991, -0.3
1992, -0.1
1993, -0.1
1994, 0.4
1995, 0.4
1996, 0.0
1997, 0.0
1998, -0.3
1999, -0.3
2000, 0.0
2001, 0.2
2002, -0.2
2003, 0.0
2004, 0.0
2005, -0.3
2006, -0.1
2007, 0.0
2008, -0.2
2009, 0.1
2010, -0.3
2011, -0.1
2012, 0.3
2013, 0.0
2014, 0.0
2015, 0.1
2016, 0.1
2017, -0.5
2018, 0.0
2019, -0.2
2020, 0.0
2021, -0.2
2022, -0.2
2023, -0.1
2024, 0.4
2025, -0.1
2026, 0.0
2027, 0.0
2028, 0.3
2029, 0.2
2030, 0.0
2031, -0.3
2032, -0.1
2033, -0.1
2034, -0.1
2035, -0.3
2036, 0.3
2037, 0.1
2038, 0.1
2039, 0.2
2040, 0.2
2041, -0.1
2042, 0.1
2043, -0.4
2044, -0.1
2045, -0.2
2046, -0.1
2047, -0.1
2048, -0.3
2049, 0.3
2050, 0.1
2051, -0.2
2052, 0.4
2053, -0.3
2054, 0.2
2055, 0.2
2056, 0.0
2057, 0.3
2058, 0.0
2059, 0.3
2060, 0.0
2061, 0.1
2062, -0.2
2063, 0.1
2064, 0.1
2065, -0.2
2066, -0.3
2067, -0.1
2068, -0.3
2069, 0.0
2070, 0.0
2071, 0.1
2072, 0.2
2073, -0.3
2074, -0.2
2075, 0.1
2076, -0.1
2077, 0.1
2078, 0.2
2079, 0.0
2080, 0.0
2081, 0.1
2082, 0.2
2083, -0.1
2084, 0.0
2085, -0.2
2086, 0.2
2087, -0.2
2088, -0.1
2089, -0.2
2090, 0.1
2091, 0.0
2092, 0.3
2093, 0.0
2094, 0.1
2095, 0.5
2096, -0.3
2097, 0.3
2098, 0.0
2099, 0.3
2100, -0.2
2101, 0.5
2102, 0.1
2103, -0.1
2104, 0.4
2105, 0.0
2106, 0.2
2107, 0.0
2108, 0.1
2109, 0.1
2110, -0.2
2111, -0.1
2112, 0.3
2113, 0.1
2114, -0.4
2115, -0.1
2116, 0.3
2117, -0.1
2118, -0.1
2119, -0.1
2120, -0.2
2121, -0.1
2122, 0.0
2123, 0.2
2124, 0.2
2125, -0.4
2126, 0.0
2127, -0.2
2128, -0.2
2129, 0.4
2130, -0.1
2131, 0.0
2132, 0.3
2133, 0.1
2134, -0.2
2135, 0.4
2136, -0.1
2137, -0.1
2138, 0.0
2139, 0.3
2140, 0.2
2141, 0.0
2142, 0.2
2143, -0.2
2144, 0.2
2145, 0.1
2146, -0.1
2147, 0.3
2148, -0.3
2149, 0.3
2150, 0.5
2151, -0.4
2152, 0.0
2153, -0.2
2154, 0.1
2155, -0.1
2156, 0.1
2157, -0.1
2158, -0.3
2159, -0.2
2160, -0.1
2161, 0.0
2162, 0.1
2163, -0.3
2164, 0.2
2165, -0.1
2166, 0.0
2167, -0.1
2168, 0.3
2169, -0.4
2170, -0.3
2171, 0.2
2172, -0.1
2173, 0.0
2174, 0.0
2175, 0.1
2176, -0.2
2177, 0.3
2178, 0.2
2179, 0.0
2180, 0.1
2181, -0.3
2182, -0.2
2183, -0.3
2184, -0.3
2185, -0.4
2186, 0.3
2187, -0.4
2188, 0.0
2189, 0.0
2190, 0.3
2191, 0.0
2192, 0.1
2193, 0.5
2194, 0.3
2195, 0.2
2196, 0.3
2197, 0.1
2198, 0.3
2199, 0.4
2200, -0.2
2201, 0.1
2202, -0.1
2203, 0.0
2204, -0.1
2205, 0.1
2206, 0.0
2207, -0.4
2208, 0.0
2209, 0.0
2210, -0.2
2211, 0.2
2212, 0.2
2213, 0.3
2214, -0.5
2215, 0.1
2216, 0.2
2217, -0.1
2218, -0.1
2219, 0.0
2220, -0.2
2221, -0.3
2222, 0.2
2223, 0.3
2224, -0.3
2225, -0.1
2226, 0.3
2227, 0.4
2228, 0.2
2229, 0.0
2230, 0.4
2231, 0.1
2232, 0.1
2233, 0.0
2234, 0.3
2235, 0.2
2236, -0.3
2237, 0.0
2238, 0.1
2239, 0.2
2240, -0.2
2241, -0.2
2242, -0.1
2243, 0.0
2244, 0.1
2245, 0.1
2246, 0.0
2247, 0.1
2248, 0.3
2249, 0.1
2250, -0.1
2251, 0.0
2252, -0.3
2253, -0.4
2254, 0.0
2255, 0.0
2256, -0.2
2257, -0.2
2258, -0.1
2259, 0.1
2260, 0.0
2261, 0.0
2262, -0.2
2263, 0.1
2264, 0.0
2265, -0.2
2266, 0.1
2267, 0.0
2268, -0.3
2269, 0.2
2270, 0.2
2271, -0.3
2272, 0.0
2273, 0.4
2274, -0.4
2275, 0.0
2276, 0.2
2277, -0.1
2278, 0.3
2279, 0.2
2280, -0.2
2281, 0.4
2282, 0.2
2283, -0.2
2284, -0.1
2285, -0.2
2286, -0.2
2287, 0.2
2288, -0.4
2289, 0.2
2290, 0.4
2291, -0.2
2292, 0.0
2293, 0.2
2294, 0.0
2295, 0.2
2296, 0.0
2297, 0.1
2298, -0.2
2299, 0.3
2300, 0.0
2301, 0.2
2302, 0.2
2303, 0.0
2304, -0.1
2305, 0.0
2306, 0.1
2307, 0.1
2308, 0.0
2309, 0.2
2310, 0.2
2311, -0.2
2312, 0.2
2313, 0.2
2314, -0.6
2315, -0.4
2316, -0.2
2317, 0.2
2318, 0.2
2319, 0.0
2320, -0.5
2321, -0.2
2322, -0.1
2323, -0.3
2324, -0.1
2325, -0.2
2326, -0.1
2327, 0.0
2328, 0.1
2329, -0.1
2330, 0.1
2331, -0.6
2332, -0.2
2333, 0.1
2334, -0.4
2335, -0.2
2336, -0.4
2337, -0.1
2338, 0.0
2339, -0.1
2340, 0.3
2341, 0.1
2342, 0.4
2343, 0.3
2344, -0.1
2345, 0.2
2346, 0.1
2347, 0.0
2348, -0.4
2349, 0.0
2350, 0.4
2351, 0.0
2352, 0.0
2353, -0.5
2354, -0.1
2355, 0.2
2356, -0.2
2357, 0.2
2358, 0.3
2359, 0.3
2360, 0.1
2361, 0.0
2362, 0.0
2363, 0.4
2364, 0.4
2365, 0.0
2366, -0.2
2367, -0.2
2368, -0.1
2369, 0.2
2370, 0.4
2371, -0.3
2372, 0.0
2373, -0.3
2374, 0.1
2375, -0.2
2376, 0.0
2377, -0.1
2378, 0.3
2379, 0.0
2380, -0.2
2381, 0.0
2382, 0.4
2383, -0.1
2384, 0.3
2385, -0.1
2386, 0.4
2387, -0.1
2388, 0.1
2389, -0.4
2390, 0.2
2391, 0.3
2392, -0.2
2393, -0.1
2394, 0.0
2395, -0.1
2396, 0.2
2397, 0.1
2398, 0.0
2399, 0.1
2400, -0.2
2401, -0.1
2402, -0.1
2403, 0.1
2404, -0.6
2405, 0.2
2406, -0.2
2407, 0.2
2408, -0.1
2409, -0.2
2410, -0.2
2411, 0.4
2412, 0.3
2413, -0.1
2414, -0.1
2415, -0.5
2416, 0.0
2417, 0.3
2418, 0.2
2419, 0.0
2420, 0.3
2421, 0.1
2422, 0.0
2423, -0.3
2424, -0.3
2425, -0.1
2426, -0.3
2427, 0.3
2428, 0.0
2429, 0.0
2430, 0.2
2431, -0.1
2432, -0.2
2433, 0.1
2434, 0.3
2435, 0.0
2436, 0.2
2437, -0.2
2438, -0.5
2439, 0.0
2440, -0.2
2441, 0.4
2442, -0.2
2443, -0.5
2444, -0.4
2445, -0.3
2446, 0.2
2447, 0.1
2448, -0.1
2449, -0.3
2450, 0.1
2451, 0.2
2452, -0.2
2453, -0.3
2454, 0.4
2455, -0.5
2456, 0.0
2457, 0.2
2458, 0.0
2459, -0.3
2460, -0.1
2461, -0.2
2462, 0.0
2463, -0.3
2464, 0.0
2465, 0.1
2466, -0.3
2467, 0.0
2468, -0.3
2469, 0.1
2470, -0.1
2471, 0.1
2472, 0.2
2473, 0.0
2474, -0.4
2475, 0.0
2476, -0.2
2477, -0.2
2478, 0.1
2479, 0.1
2480, -0.1
2481, -0.1
2482, 0.3
2483, -0.1
2484, -0.3
2485, -0.1
2486, -0.3
2487, 0.2
2488, 0.3
2489, -0.1
2490, -0.2
2491, 0.1
2492, -0.1
2493, 0.4
2494, 0.0
2495, -0.2
2496, -0.1
2497, -0.2
2498, 0.3
2499, 0.0
2500, -0.2
2501, 0.3
2502, -0.4
2503, -0.3
2504, 0.1
2505, 0.1
2506, -0.1
2507, 0.3
2508, -0.1
2509, 0.0
2510, 0.0
2511, 0.4
2512, 0.0
2513, 0.0
2514, 0.2
2515, 0.2
2516, 0.1
2517, -0.2
2518, 0.3
2519, 0.1
2520, -0.2
2521, -0.4
2522, 0.2
2523, -0.3
2524, -0.3
2525, 0.3
2526, 0.0
2527, 0.0
2528, 0.0
2529, 0.0
2530, -0.2
2531, -0.1
2532, 0.4
2533, -0.1
2534, -0.1
2535, -0.2
2536, 0.2
2537, 0.0
2538, 0.2
2539, 0.3
2540, 0.3
2541, 0.1
2542, 0.0
2543, 0.1
2544, -0.1
2545, 0.2
2546, -0.4
2547, 0.2
2548, 0.1
2549, 0.2
2550, 0.0
2551, 0.1
2552, 0.1
2553, -0.1
2554, -0.3
2555, 0.3
2556, 0.2
2557, -0.5
2558, -0.2
2559, 0.0
2560, -0.1
2561, 0.1
2562, -0.1
2563, -0.1
2564, 0.3
2565, -0.4
2566, -0.1
2567, 0.1
2568, -0.1
2569, 0.0
2570, 0.0
2571, -0.1
2572, -0.4
2573, 0.1
2574, -0.1
2575, 0.0
2576, -0.2
2577, -0.1
2578, -0.5
2579, 0.0
2580, 0.1
2581, -0.2
2582, -0.2
2583, 0.2
2584, -0.1
2585, 0.0
2586, -0.1
2587, 0.0
2588, 0.0
2589, 0.3
2590, 0.3
2591, -0.1
2592, -0.1
2593, -0.1
2594, 0.3
2595, 0.1
2596, 0.3
2597, -0.2
2598, -0.3
2599, 0.2
2600, 0.0
2601, -0.3
2602, 0.1
2603, -0.1
2604, 0.4
2605, 0.1
2606, 0.1
2607, -0.2
2608, 0.2
2609, 0.1
2610, 0.1
2611, 0.2
2612, -0.3
2613, -0.1
2614, -0.2
2615, 0.2
2616, 0.0
2617, 0.1
2618, 0.0
2619, -0.3
2620, 0.1
2621, -0.1
2622, 0.0
2623, 0.1
2624, -0.3
2625, -0.2
2626, 0.3
2627, 0.1
2628, -0.3
2629, 0.2
2630, -0.1
2631, -0.2
2632, -0.1
2633, 0.3
2634, 0.2
2635, -0.5
2636, 0.3
2637, -0.2
2638, 0.0
2639, 0.0
2640, 0.1
2641, -0.1
2642, -0.3
2643, -0.2
2644, 0.2
2645, -0.2
2646, 0.1
2647, 0.1
2648, 0.3
2649, 0.3
2650, 0.3
2651, -0.2
2652, -0.2
2653, -0.1
2654, 0.4
2655, 0.1
2656, 0.3
2657, -0.1
2658, 0.3
2659, 0.1
2660, 0.2
2661, 0.4
2662, -0.3
2663, 0.0
2664, 0.1
2665, -0.3
2666, 0.0
2667, 0.0
2668, 0.3
2669, -0.2
2670, 0.5
2671, 0.3
2672, -0.3
2673, -0.6
2674, -0.2
2675, 0.1
2676, -0.2
2677, 0.0
2678, 0.2
2679, -0.4
2680, 0.2
2681, 0.2
2682, -0.4
2683, -0.3
2684, 0.0
2685, -0.1
2686, -0.1
2687, -0.1
2688, 0.1
2689, 0.3
2690, 0.4
2691, 0.0
2692, -0.3
2693, 0.3
2694, 0.0
2695, 0.0
2696, -0.2
2697, 0.0
2698, 0.0
2699, -0.1
2700, 0.3
2701, 0.3
2702, 0.3
2703, -0.4
2704, 0.0
2705, 0.1
2706, 0.2
2707, 0.1
2708, 0.0
2709, -0.1
2710, 0.5
2711, 0.1
2712, -0.4
2713, -0.2
2714, -0.1
2715, -0.3
2716, 0.2
2717, -0.1
2718, -0.2
2719, -0.2
2720, 0.2
2721, 0.1
2722, -0.2
2723, 0.2
2724, -0.4
2725, -0.1
2726, -0.2
2727, 0.0
2728, 0.2
2729, -0.4
2730, 0.0
2731, 0.3
2732, -0.1
2733, -0.1
2734, -0.1
2735, -0.4
2736, -0.2
2737, 0.1
2738, 0.1
2739, -0.1
2740, -0.1
2741, -0.5
2742, 0.4
2743, 0.1
2744, 0.2
2745, 0.1
2746, 0.1
2747, 0.2
2748, -0.3
2749, -0.1
2750, 0.1
2751, -0.2
2752, -0.1
2753, 0.3
2754, 0.1
2755, -0.3
2756, 0.1
2757, 0.0
2758, 0.5
2759, 0.2
2760, 0.0
2761, 0.1
2762, -0.3
2763, 0.3
2764, -0.1
2765, -0.3
2766, 0.3
2767, 0.5
2768, 0.2
2769, -0.1
2770, -0.2
2771, 0.1
2772, -0.2
2773, -0.1
2774, 0.0
2775, -0.1
2776, 0.3
2777, 0.1
2778, 0.1
2779, 0.2
2780, 0.0
2781, -0.1
2782, -0.1
2783, -0.4
2784, 0.0
2785, -0.1
2786, -0.6
2787, 0.1
2788, -0.2
2789, 0.1
2790, -0.1
2791, 0.2
2792, -0.1
2793, -0.3
2794, 0.1
2795, 0.0
2796, -0.3
2797, 0.0
2798, 0.4
2799, 0.2
2800, 0.2
2801, -0.1
2802, -0.3
2803, 0.0
2804, -0.2
2805, -0.1
2806, 0.4
2807, 0.1
2808, 0.3
2809, -0.5
2810, -0.2
2811, 0.0
2812, 0.5
2813, 0.1
2814, -0.2
2815, -0.3
2816, 0.0
2817, 0.3
2818, -0.2
2819, -0.3
2820, 0.0
2821, 0.0
2822, 0.0
2823, -0.2
2824, 0.1
2825, -0.1
2826, 0.1
2827, 0.0
2828, 0.1
2829, 0.3
2830, -0.2
2831, -0.1
2832, 0.2
2833, 0.1
2834, 0.0
2835, 0.5
2836, 0.3
2837, -0.2
2838, 0.2
2839, 0.2
2840, -0.2
2841, 0.0
2842, 0.3
2843, 0.0
2844, -0.1
2845, -0.2
2846, 0.0
2847, 0.0
2848, -0.1
2849, 0.1
2850, 0.2
2851, -0.4
2852, 0.0
2853, 0.1
2854, -0.3
2855, 0.0
2856, -0.1
2857, -0.5
2858, 0.0
2859, -0.1
2860, -0.2
2861, 0.0
2862, 0.2
2863, -0.2
2864, -0.2
2865, -0.2
2866, 0.1
2867, 0.2
2868, 0.2
2869, 0.0
2870, 0.0
2871, -0.3
2872, 0.2
2873, 0.0
2874, 0.2
2875, 0.1
2876, -0.6
2877, -0.4
2878, 0.0
2879, 0.1
2880, 0.0
2881, 0.3
2882, -0.3
2883, 0.1
2884, 0.1
2885, -0.1
2886, -0.2
2887, 0.0
2888, -0.2
2889, 0.0
2890, -0.1
2891, 0.0
2892, 0.1
2893, 0.2
2894, -0.1
2895, 0.3
2896, 0.1
2897, -0.4
2898, -0.3
2899, 0.2
2900, -0.2
2901, -0.1
2902, -0.2
2903, -0.2
2904, 0.1
2905, 0.1
2906, -0.2
2907, 0.1
2908, 0.0
2909, 0.0
2910, 0.1
2911, 0.0
2912, -0.1
2913, 0.0
2914, -0.1
2915, -0.1
2916, 0.0
2917, 0.2
2918, -0.1
2919, 0.4
2920, 0.1
2921, 0.1
2922, 0.1
2923, 0.0
2924, 0.1
2925, 0.0
2926, -0.4
2927, -0.1
2928, 0.1
2929, 0.0
2930, 0.0
2931, -0.4
2932, 0.1
2933, 0.2
2934, -0.4
2935, 0.4
2936, -0.1
2937, -0.2
2938, 0.1
2939, -0.2
2940, 0.2
2941, 0.1
2942, 0.0
2943, 0.1
2944, 0.2
2945, 0.0
2946, 0.3
2947, -0.5
2948, 0.1
2949, 0.2
2950, -0.2
2951, 0.2
2952, 0.1
2953, 0.0
2954, -0.2
2955, 0.3
2956, 0.1
2957, -0.2
2958, 0.1
2959, 0.3
2960, 0.0
2961, 0.0
2962, 0.0
2963, 0.4
2964, 0.2
2965, 0.0
2966, 0.5
2967, 0.3
2968, 0.0
2969, 0.3
2970, 0.0
2971, 0.0
2972, -0.2
2973, -0.1
2974, 0.2
2975, 0.0
2976, -0.1
2977, 0.4
2978, -0.4
2979, 0.0
2980, -0.1
2981, 0.0
2982, -0.1
2983, 0.0
2984, -0.2
2985, 0.1
2986, 0.1
2987, -0.3
2988, 0.1
2989, -0.1
2990, 0.0
2991, 0.2
2992, -0.1
2993, -0.4
2994, 0.1
2995, 0.0
2996, 0.3
2997, 0.2
2998, 0.1
2999, 0.3
3000, -0.2
3001, 0.2
3002, 0.2
3003, 0.0
3004, 0.1
3005, -0.1
3006, 0.2
3007, -0.2
3008, -0.3
3009, -0.2
3010, 0.0
3011, -0.2
3012, 0.0
3013, 0.1
3014, 0.3
3015, 0.1
3016, 0.2
3017, 0.0
3018, 0.2
3019, -0.1
3020, -0.2
3021, 0.3
3022, 0.1
3023, 0.2
3024, 0.1
3025, 0.1
3026, -0.1
3027, 0.0
3028, -0.1
3029, 0.2
3030, -0.2
3031, -0.5
3032, -0.1
3033, -0.2
3034, 0.3
3035, 0.3
3036, 0.1
3037, 0.0
3038, -0.1
3039, -0.6
3040, 0.3
3041, 0.3
3042, 0.0
3043, 0.1
3044, -0.6
3045, 0.1
3046, -0.3
3047, 0.1
3048, 0.2
3049, 0.0
3050, -0.3
3051, -0.2
3052, -0.2
3053, 0.0
3054, -0.1
3055, 0.1
3056, 0.0
3057, 0.1
3058, -0.1
3059, -0.1
3060, -0.5
3061, -0.1
3062, -0.2
3063, 0.1
3064, -0.1
3065, -0.1
3066, 0.1
3067, 0.0
3068, -0.1
3069, 0.3
3070, -0.1
3071, 0.1
3072, -0.1
3073, 0.2
3074, -0.2
3075, 0.3
3076, 0.0
3077, -0.1
3078, -0.1
3079, -0.4
3080, -0.2
3081, 0.0
3082, -0.3
3083, -0.2
3084, -0.2
3085, 0.1
3086, -0.5
3087, 0.3
3088, 0.0
3089, 0.0
3090, -0.3
3091, 0.0
3092, 0.3
3093, 0.1
3094, 0.0
3095, -0.2
3096, 0.0
3097, 0.0
3098, -0.4
3099, 0.3
3100, -0.1
3101, 0.1
3102, 0.4
3103, 0.0
3104, -0.7
3105, 0.4
3106, 0.1
3107, -0.2
3108, -0.1
3109, 0.4
3110, 0.2
3111, -0.1
3112, -0.1
3113, -0.1
3114, -0.1
3115, 0.3
3116, -0.3
3117, 0.4
3118, -0.2
3119, 0.2
3120, -0.2
3121, 0.1
3122, 0.3
3123, -0.1
3124, -0.1
3125, 0.1
3126, 0.3
3127, -0.7
3128, 0.5
3129, -0.5
3130, 0.1
3131, 0.3
3132, 0.2
3133, -0.2
3134, 0.0
3135, 0.2
3136, 0.2
3137, 0.3
3138, 0.0
3139, -0.1
3140, -0.2
3141, 0.1
3142, 0.0
3143, 0.0
3144, -0.2
3145, -0.1
3146, -0.3
3147, 0.0
3148, 0.4
3149, 0.4
3150, 0.2
3151, -0.2
3152, 0.4
3153, -0.3
3154, -0.2
3155, 0.2
3156, 0.5
3157, -0.2
3158, -0.5
3159, 0.0
3160, 0.0
3161, 0.4
3162, 0.0
3163, 0.2
3164, 0.0
3165, 0.1
3166, 0.3
3167, -0.3
3168, 0.1
3169, 0.2
3170, -0.1
3171, -0.2
3172, -0.2
3173, -0.3
3174, -0.1
3175, -0.5
3176, 0.0
3177, -0.1
3178, -0.3
3179, 0.0
3180, 0.2
3181, -0.3
3182, 0.1
3183, -0.1
3184, -0.2
3185, -0.2
3186, 0.1
3187, 0.1
3188, 0.0
3189, 0.5
3190, 0.0
3191, 0.5
3192, 0.2
3193, 0.0
3194, 0.1
3195, 0.0
3196, 0.1
3197, -0.2
3198, 0.3
3199, 0.1
3200, 0.1
3201, 0.0
3202, -0.2
3203, 0.1
3204, 0.0
3205, 0.2
3206, -0.2
3207, 0.2
3208, 0.1
3209, 0.4
3210, 0.2
3211, 0.0
3212, -0.1
3213, 0.0
3214, 0.2
3215, 0.1
3216, -0.2
3217, 0.0
3218, -0.1
3219, 0.1
3220, -0.2
3221, -0.2
3222, 0.3
3223, 0.2
3224, -0.3
3225, 0.0
3226, 0.0
3227, -0.2
3228, -0.3
3229, 0.5
3230, 0.3
3231, -0.1
3232, 0.0
3233, 0.4
3234, 0.1
3235, 0.0
3236, 0.2
3237, 0.1
3238, -0.1
3239, -0.3
3240, -0.1
3241, 0.1
3242, 0.0
3243, 0.0
3244, 0.0
3245, 0.2
3246, 0.2
3247, 0.1
3248, -0.2
3249, 0.1
3250, -0.3
3251, 0.1
3252, -0.3
3253, 0.2
3254, 0.2
3255, -0.1
3256, -0.3
3257, -0.1
3258, -0.3
3259, 0.2
3260, -0.1
3261, -0.2
3262, 0.4
3263, -0.4
3264, 0.1
3265, 0.4
3266, 0.2
3267, -0.3
3268, 0.0
3269, 0.2
3270, -0.1
3271, 0.0
3272, -0.2
3273, 0.0
3274, 0.1
3275, -0.6
3276, 0.2
3277, -0.2
3278, 0.2
3279, -0.1
3280, -0.4
3281, -0.3
3282, 0.0
3283, 0.3
3284, -0.2
3285, 0.2
3286, 0.2
3287, -0.3
3288, -0.1
3289, 0.0
3290, -0.4
3291, 0.0
3292, -0.2
3293, -0.2
3294, 0.2
3295, 0.3
3296, 0.0
3297, 0.4
3298, 0.5
3299, 0.1
3300, 0.0
3301, -0.2
3302, 0.0
3303, -0.2
3304, 0.2
3305, 0.1
3306, -0.3
3307, 0.1
3308, 0.1
3309, 0.5
3310, -0.3
3311, 0.2
3312, 0.0
3313, 0.1
3314, -0.3
3315, 0.0
3316, 0.3
3317, 0.2
3318, -0.2
3319, -0.1
3320, 0.0
3321, 0.1
3322, 0.2
3323, 0.4
3324, 0.0
3325, 0.3
3326, 0.2
3327, 0.2
3328, 0.1
3329, 0.1
3330, 0.5
3331, 0.0
3332, 0.0
3333, 0.4
3334, 0.0
3335, 0.1
3336, 0.2
3337, 0.0
3338, -0.1
3339, 0.1
3340, -0.2
3341, -0.4
3342, 0.2
3343, 0.3
3344, 0.3
3345, 0.0
3346, -0.3
3347, -0.4
3348, 0.1
3349, -0.3
3350, -0.5
3351, 0.3
3352, 0.4
3353, 0.3
3354, 0.0
3355, -0.1
3356, 0.5
3357, -0.3
3358, -0.2
3359, 0.0
3360, 0.0
3361, -0.3
3362, 0.5
3363, 0.0
3364, 0.0
3365, 0.2
3366, -0.5
3367, 0.2
3368, -0.3
3369, -0.1
3370, 0.2
3371, 0.6
3372, 0.3
3373, 0.0
3374, 0.5
3375, 0.0
3376, -0.1
3377, 0.1
3378, -0.1
3379, 0.0
3380, -0.2
3381, -0.2
3382, 0.3
3383, 0.2
3384, 0.2
3385, 0.1
3386, -0.4
3387, -0.1
3388, 0.2
3389, -0.3
3390, -0.2
3391, 0.3
3392, 0.2
3393, -0.5
3394, 0.2
3395, 0.1
3396, 0.3
3397, -0.1
3398, 0.0
3399, 0.2
3400, 0.3
3401, 0.2
3402, 0.2
3403, 0.2
3404, -0.1
3405, 0.1
3406, 0.0
3407, 0.0
3408, 0.0
3409, 0.0
3410, 0.1
3411, -0.3
3412, -0.5
3413, 0.3
3414, -0.1
3415, 0.3
3416, 0.0
3417, 0.4
3418, 0.1
3419, -0.4
3420, -0.2
3421, -0.1
3422, -0.1
3423, -0.4
3424, -0.2
3425, -0.1
3426, -0.2
3427, 0.1
3428, 0.4
3429, 0.1
3430, 0.2
3431, -0.1
3432, 0.0
3433, -0.6
3434, 0.1
3435, -0.5
3436, 0.1
3437, 0.2
3438, -0.2
3439, -0.2
3440, -0.2
3441, -0.3
3442, 0.1
3443, 0.3
3444, 0.0
3445, 0.0
3446, 0.0
3447, 0.1
3448, 0.2
3449, 0.1
3450, 0.2
3451, -0.1
3452, -0.1
3453, -0.2
3454, 0.0
3455, 0.3
3456, 0.2
3457, 0.1
3458, 0.1
3459, 0.1
3460, 0.3
3461, -0.1
3462, 0.2
3463, 0.0
3464, 0.0
3465, 0.2
3466, 0.1
3467, 0.2
3468, 0.0
3469, -0.1
3470, -0.1
3471, 0.1
3472, -0.1
3473, 0.0
3474, -0.1
3475, 0.0
3476, -0.1
3477, 0.0
3478, -0.2
3479, 0.2
3480, 0.2
3481, -0.4
3482, -0.3
3483, -0.2
3484, -0.1
3485, 0.1
3486, -0.3
3487, 0.0
3488, -0.1
3489, -0.4
3490, -0.5
3491, 0.0
3492, 0.3
3493, -0.1
3494, 0.0
3495, 0.2
3496, 0.0
3497, 0.1
3498, 0.0
3499, 0.0
3500, -0.3
3501, 0.0
3502, -0.5
3503, 0.2
3504, 0.0
3505, 0.2
3506, -0.2
3507, 0.1
3508, -0.1
3509, 0.0
3510, 0.0
3511, 0.1
3512, -0.5
3513, -0.4
3514, 0.1
3515, 0.0
3516, -0.1
3517, -0.2
3518, -0.3
3519, 0.0
3520, 0.1
3521, 0.1
3522, -0.1
3523, 0.0
3524, 0.2
3525, 0.5
3526, 0.0
3527, 0.4
3528, -0.1
3529, 0.0
3530, 0.4
3531, -0.2
3532, -0.2
3533, 0.2
3534, 0.2
3535, -0.5
3536, -0.2
3537, -0.2
3538, 0.1
3539, 0.1
3540, 0.0
3541, 0.1
3542, 0.0
3543, -0.2
3544, 0.1
3545, 0.0
3546, -0.1
3547, 0.2
3548, 0.2
3549, 0.0
3550, 0.0
3551, -0.4
3552, -0.2
3553, 0.0
3554, 0.0
3555, 0.0
3556, 0.4
3557, -0.4
3558, 0.3
3559, 0.1
3560, 0.1
3561, 0.3
3562, -0.1
3563, 0.1
3564, 0.1
3565, 0.1
3566, -0.5
3567, 0.2
3568, -0.3
3569, -0.1
3570, 0.2
3571, -0.2
3572, -0.1
3573, -0.1
3574, -0.2
3575, 0.2
3576, 0.2
3577, -0.1
3578, -0.1
3579, 0.2
3580, 0.0
3581, 0.1
3582, 0.4
3583, 0.0
3584, -0.1
3585, 0.0
3586, 0.1
3587, 0.1
3588, 0.0
3589, 0.2
3590, -0.2
3591, 0.3
3592, 0.1
3593, -0.3
3594, -0.1
3595, -0.2
3596, 0.3
3597, -0.1
3598, 0.2
3599, 0.0
3600, -0.3
3601, 0.1
3602, -0.3
3603, 0.1
3604, 0.3
3605, 0.1
3606, 0.1
3607, 0.4
3608, -0.2
3609, -0.3
3610, 0.0
3611, 0.0
3612, -0.5
3613, 0.1
3614, 0.4
3615, -0.4
3616, 0.0
3617, 0.1
3618, -0.1
3619, 0.0
3620, -0.1
3621, 0.0
3622, -0.2
3623, -0.6
3624, 0.0
3625, -0.1
3626, 0.4
3627, 0.4
3628, 0.2
3629, -0.5
3630, 0.2
3631, -0.1
3632, 0.3
3633, -0.1
3634, 0.1
3635, -0.3
3636, -0.2
3637, -0.1
3638, 0.1
3639, -0.2
3640, 0.1
3641, -0.2
3642, 0.0
3643, -0.1
3644, 0.3
3645, 0.2
3646, -0.2
3647, 0.1
3648, 0.2
3649, -0.2
3650, 0.1
3651, 0.1
3652, 0.0
3653, -0.6
3654, -0.2
3655, 0.2
3656, -0.3
3657, -0.2
3658, 0.0
3659, 0.2
3660, 0.2
3661, 0.0
3662, 0.2
3663, 0.1
3664, 0.1
3665, 0.0
3666, -0.2
3667, -0.4
3668, -0.1
3669, 0.2
3670, 0.0
3671, 0.0
3672, -0.1
3673, 0.3
3674, -0.1
3675, 0.2
3676, -0.3
3677, 0.0
3678, -0.7
3679, 0.1
3680, 0.2
3681, 0.1
3682, 0.2
3683, 0.2
3684, 0.0
3685, 0.1
3686, -0.2
3687, 0.1
3688, -0.1
3689, 0.3
3690, 0.2
3691, -0.1
3692, -0.1
3693, -0.2
3694, 0.0
3695, 0.0
3696, 0.4
3697, 0.0
3698, 0.2
3699, 0.1
3700, 0.0
3701, -0.4
3702, 0.3
3703, 0.0
3704, 0.3
3705, 0.3
3706, -0.4
3707, 0.4
3708, 0.1
3709, -0.3
3710, -0.7
3711, 0.2
3712, 0.0
3713, 0.0
3714, 0.1
3715, 0.3
3716, 0.1
3717, 0.3
3718, 0.4
3719, -0.1
3720, 0.0
3721, 0.1
3722, 0.0
3723, -0.4
3724, 0.0
3725, 0.4
3726, 0.2
3727, -0.1
3728, -0.2
3729, -0.2
3730, 0.3
3731, 0.3
3732, -0.1
3733, 0.3
3734, -0.1
3735, 0.1
3736, 0.0
3737, -0.1
3738, 0.1
3739, 0.1
3740, -0.2
3741, 0.2
3742, -0.1
3743, 0.3
3744, 0.1
3745, 0.0
3746, 0.0
3747, 0.1
3748, 0.3
3749, -0.2
3750, 0.0
3751, 0.0
3752, 0.0
3753, 0.1
3754, 0.0
3755, -0.4
3756, -0.3
3757, 0.4
3758, -0.1
3759, -0.4
3760, -0.3
3761, 0.0
3762, 0.0
3763, 0.3
3764, 0.1
3765, -0.2
3766, -0.1
3767, 0.1
3768, 0.2
3769, -0.1
3770, 0.1
3771, 0.1
3772, -0.4
3773, -0.2
3774, 0.2
3775, 0.2
3776, 0.1
3777, 0.2
3778, -0.2
3779, 0.0
3780, 0.2
3781, -0.3
3782, -0.1
3783, -0.2
3784, 0.3
3785, 0.1
3786, -0.1
3787, 0.3
3788, -0.2
3789, 0.1
3790, 0.3
3791, 0.2
3792, -0.5
3793, 0.3
3794, 0.1
3795, 0.1
3796, -0.2
3797, 0.1
3798, 0.1
3799, 0.1
3800, 0.3
3801, 0.4
3802, 0.1
3803, -0.1
3804, 0.1
3805, 0.1
3806, -0.2
3807, 0.2
3808, 0.2
3809, 0.1
3810, 0.1
3811, 0.0
3812, 0.1
3813, -0.2
3814, 0.0
3815, -0.3
3816, -0.7
3817, 0.2
3818, -0.3
3819, 0.5
3820, 0.1
3821, 0.1
3822, 0.1
3823, 0.1
3824, 0.0
3825, -0.2
3826, 0.1
3827, -0.1
3828, -0.5
3829, 0.0
3830, 0.2
3831, -0.4
3832, -0.1
3833, 0.2
3834, 0.0
3835, -0.2
3836, -0.2
3837, 0.2
3838, 0.1
3839, 0.2
3840, 0.1
3841, 0.3
3842, -0.3
3843, -0.1
3844, 0.3
3845, 0.3
3846, -0.4
3847, 0.0
3848, 0.2
3849, -0.4
3850, 0.1
3851, 0.0
3852, 0.3
3853, -0.3
3854, 0.3
3855, 0.2
3856, -0.1
3857, 0.1
3858, -0.4
3859, -0.3
3860, -0.1
3861, 0.2
3862, 0.1
3863, 0.2
3864, 0.1
3865, -0.1
3866, 0.1
3867, 0.0
3868, 0.4
3869, 0.4
3870, 0.0
3871, 0.0
3872, 0.3
3873, 0.1
3874, -0.2
3875, -0.2
3876, -0.3
3877, -0.1
3878, 0.2
3879, 0.1
3880, 0.1
3881, -0.1
3882, -0.4
3883, 0.3
3884, -0.1
3885, -0.1
3886, -0.2
3887, -0.2
3888, 0.0
3889, 0.0
3890, -0.2
3891, 0.3
3892, 0.0
3893, -0.1
3894, 0.3
3895, 0.1
3896, -0.2
3897, 0.2
3898, -0.1
3899, 0.1
3900, 0.4
3901, -0.1
3902, 0.0
3903, -0.1
3904, -0.1
3905, 0.2
3906, 0.0
3907, 0.0
3908, -0.1
3909, -0.2
3910, -0.2
3911, -0.3
3912, 0.3
3913, 0.0
3914, -0.1
3915, -0.1
3916, -0.1
3917, 0.2
3918, 0.2
3919, 0.0
3920, 0.2
3921, 0.2
3922, 0.3
3923, -0.1
3924, 0.0
3925, -0.3
3926, -0.2
3927, 0.0
3928, 0.0
3929, 0.1
3930, -0.1
3931, -0.2
3932, 0.0
3933, -0.4
3934, 0.4
3935, -0.2
3936, 0.0
3937, 0.1
3938, -0.1
3939, 0.0
3940, -0.3
3941, -0.4
3942, 0.3
3943, 0.3
3944, 0.3
3945, 0.1
3946, -0.1
3947, -0.2
3948, -0.3
3949, 0.2
3950, 0.5
3951, -0.5
3952, -0.1
3953, -0.1
3954, -0.2
3955, 0.4
3956, -0.3
3957, -0.2
3958, 0.3
3959, 0.2
3960, 0.2
3961, -0.2
3962, 0.0
3963, 0.1
3964, 0.2
3965, -0.1
3966, 0.4
3967, -0.4
3968, -0.1
3969, -0.2
3970, -0.6
3971, 0.2
3972, -0.3
3973, 0.3
3974, -0.2
3975, 0.1
3976, 0.1
3977, 0.1
3978, -0.4
3979, 0.0
3980, -0.2
3981, -0.1
3982, 0.2
3983, 0.2
3984, -0.2
3985, 0.2
3986, 0.2
3987, -0.3
3988, 0.0
3989, -0.2
3990, 0.2
3991, -0.1
3992, -0.1
3993, 0.4
3994, 0.0
3995, 0.0
3996, -0.2
3997, 0.0
3998, 0.0
3999, 0.1
