0, -0.1
1, 0.4
2, 0.0
3, -0.1
4, 0.1
5, 0.5
6, 0.0
7, -0.2
8, -0.2
9, 0.5
10, 0.3
11, -0.2
12, 0.0
13, -0.4
14, -0.2
15, -0.1
16, -0.3
17, -0.1
18, 0.2
19, 0.0
20, -0.3
21, 0.0
22, 0.4
23, 0.0
24, -0.2
25, -0.3
26, -0.2
27, -0.2
28, -0.2
29, 0.0
30, 0.2
31, -0.2
32, 0.1
33, 0.4
34, -0.3
35, 0.4
36, -0.1
37, -0.1
38, -0.1
39, 0.2
40, 0.4
41, -0.2
42, -0.2
43, 0.4
44, 0.1
45, 0.1
46, 0.1
47, -0.1
48, -0.1
49, 0.2
50, -0.2
51, 0.1
52, 0.2
53, -0.1
54, 0.1
55, -0.2
56, 0.4
57, -0.2
58, 0.3
59, -0.6
60, 0.1
61, -0.2
62, -0.4
63, -0.2
64, -0.1
65, 0.2
66, -0.3
67, -0.3
68, 0.1
69, 0.3
70, -0.4
71, 0.0
72, -0.1
73, -0.2
74, -0.1
75, 0.2
76, 0.4
77, -0.2
78, 0.3
79, 0.2
80, -0.4
81, -0.2
82, -0.1
83, -0.1
84, 0.0
85, -0.1
86, -0.1
87, -0.1
88, 0.4
89, -0.4
90, 0.2
91, 0.0
92, 0.2
93, 0.1
94, 0.0
95, 0.3
96, 0.0
97, 0.2
98, 0.0
99, -0.5
100, -0.1
101, -0.1
102, 0.1
103, 0.1
104, -0.4
105, -0.1
106, 0.3
107, 0.2
108, -0.1
109, 0.3
110, 0.4
111, 0.4
112, 0.1
113, 0.2
114, 0.3
115, 0.3
116, 0.2
117, 0.3
118, 0.0
119, 0.2
120, 0.1
121, -0.3
122, 0.3
123, -0.1
124, -0.3
125, -0.2
126, -0.2
127, 0.2
128, -0.3
129, -0.2
130, -0.1
131, 0.0
132, 0.1
133, 0.2
134, 0.0
135, 0.3
136, -0.2
137, -0.3
138, -0.2
139, 0.1
140, -0.1
141, 0.4
142, -0.3
143, -0.1
144, 0.2
145, 0.1
146, 0.4
147, 0.1
148, -0.1
149, -0.3
150, 0.4
151, -0.2
152, 0.1
153, 0.3
154, -0.6
155, -0.1
156, 0.3
157, 0.2
158, -0.2
159, 0.0
160, -0.5
161, -0.6
162, 0.0
163, 0.0
164, 0.1
165, -0.1
166, 0.3
167, 0.2
168, -0.2
169, 0.2
170, -0.1
171, 0.4
172, -0.1
173, -0.4
174, 0.0
175, 0.0
176, 0.2
177, -0.2
178, -0.4
179, 0.2
180, -0.1
181, 0.0
182, -0.2
183, 0.3
184, 0.0
185, 0.0
186, -0.4
187, 0.1
188, 0.1
189, 0.0
190, -0.1
191, 0.0
192, -0.1
193, 0.0
194, -0.1
195, 0.0
196, 0.1
197, -0.5
198, 0.0
199, -0.4
200, 0.0
201, 0.4
202, 0.2
203, 0.5
204, -0.2
205, 0.1
206, -0.5
207, -0.2
208, 0.0
209, 0.3
210, -0.1
211, 0.1
212, 0.5
213, -0.2
214, 0.0
215, -0.1
216, 0.0
217, 0.0
218, 0.0
219, 0.1
220, 0.3
221, 0.2
222, 0.1
223, 0.3
224, -0.2
225, -0.3
226, -0.5
227, 0.3
228, -0.1
229, 0.1
230, 0.4
231, 0.1
232, -0.3
233, -0.1
234, -0.2
235, -0.1
236, -0.3
237, 0.3
238, -0.2
239, 0.0
240, -0.1
241, 0.2
242, -0.2
243, 0.2
244, 0.2
245, 0.0
246, -0.4
247, -0.6
248, -0.2
249, 0.1
250, 0.2
251, -0.1
252, 0.0
253, 0.4
254, -0.1
255, 0.1
256, 0.4
257, 0.2
258, -0.1
259, 0.1
260, 0.0
261, -0.5
262, -0.1
263, 0.4
264, -0.2
265, -0.1
266, 0.2
267, 0.3
268, -0.1
269, -0.3
270, 0.3
271, -0.6
272, 0.0
273, 0.1
274, 0.2
275, 0.4
276, -0.4
277, -0.2
278, 0.1
279, -0.1
280, 0.0
281, 0.0
282, -0.2
283, 0.1
284, 0.4
285, -0.2
286, 0.3
287, 0.0
288, -0.4
289, -0.1
290, -0.3
291, 0.3
292, 0.1
293, -0.2
294, 0.2
295, 0.0
296, -0.2
297, -0.3
298, 0.5
299, -0.3
300, -0.1
301, -0.2
302, 0.0
303, 0.1
304, -0.1
305, 0.3
306, -0.2
307, 0.1
308, -0.1
309, 0.2
310, 0.1
311, 0.0
312, 0.2
313, 0.5
314, -0.1
315, 0.0
316, -0.2
317, 0.5
318, 0.0
319, 0.0
320, 0.0
321, 0.3
322, 0.2
323, 0.1
324, 0.1
325, -0.2
326, 0.0
327, 0.0
328, -0.1
329, -0.2
330, -0.1
331, -0.4
332, -0.5
333, 0.1
334, 0.0
335, -0.2
336, -0.4
337, -0.6
338, -0.1
339, 0.1
340, 0.0
341, 0.2
342, 0.1
343, 0.2
344, 0.2
345, -0.2
346, -0.2
347, -0.2
348, -0.1
349, 0.1
350, 0.0
351, 0.2
352, 0.1
353, 0.1
354, 0.0
355, 0.3
356, 0.3
357, -0.1
358, -0.6
359, -0.1
360, 0.4
361, 0.1
362, 0.1
363, -0.1
364, 0.4
365, -0.1
366, 0.2
367, 0.3
368, -0.3
369, -0.5
370, -0.3
371, 0.0
372, 0.1
373, -0.2
374, -0.4
375, 0.0
376, -0.3
377, -0.3
378, 0.0
379, -0.2
380, 0.0
381, -0.2
382, -0.4
383, 0.1
384, 0.1
385, 0.4
386, -0.2
387, -0.2
388, 0.1
389, 0.2
390, 0.4
391, 0.0
392, 0.0
393, -0.3
394, 0.0
395, 0.0
396, -0.1
397, 0.4
398, 0.1
399, -0.3
400, -0.4
401, -0.2
402, 0.2
403, -0.3
404, -0.2
405, 0.1
406, 0.1
407, 0.1
408, -0.3
409, 0.1
410, 0.1
411, 0.1
412, -0.2
413, 0.2
414, 0.5
415, -0.3
416, 0.0
417, -0.1
418, 0.0
419, 0.1
420, 0.3
421, 0.3
422, -0.4
423, 0.2
424, -0.3
425, -0.1
426, 0.0
427, 0.0
428, 0.2
429, 0.1
430, 0.0
431, -0.4
432, 0.3
433, 0.1
434, 0.0
435, 0.1
436, 0.2
437, -0.1
438, 0.0
439, -0.2
440, 0.4
441, 0.5
442, 0.1
443, -0.2
444, -0.1
445, 0.1
446, 0.0
447, 0.3
448, 0.2
449, -0.2
450, -0.5
451, -0.1
452, 0.3
453, -0.5
454, -0.5
455, 0.2
456, 0.1
457, -0.1
458, -0.1
459, -0.2
460, -0.2
461, 0.1
462, 0.0
463, -0.2
464, 0.0
465, -0.3
466, 0.2
467, -0.3
468, -0.4
469, 0.1
470, 0.0
471, 0.0
472, 0.4
473, -0.1
474, 0.1
475, 0.2
476, -0.1
477, 0.0
478, 0.1
479, 0.5
480, 0.4
481, -0.4
482, 0.2
483, 0.2
484, 0.2
485, 0.0
486, 0.3
487, -0.1
488, 0.1
489, 0.2
490, -0.1
491, 0.1
492, -0.4
493, 0.2
494, 0.2
495, 0.0
496, 0.2
497, -0.3
498, -0.1
499, 0.0
500, 0.1
501, 0.0
502, 0.2
503, -0.2
504, 0.0
505, -0.2
506, 0.2
507, 0.0
508, 0.1
509, 0.1
510, 0.4
511, -0.3
512, 0.3
513, 0.4
514, 0.4
515, -0.2
516, -0.6
517, -0.3
518, 0.0
519, -0.4
520, 0.0
521, -0.5
522, -0.3
523, -0.2
524, 0.2
525, 0.3
526, -0.3
527, 0.1
528, -0.3
529, 0.0
530, 0.0
531, 0.2
532, 0.1
533, 0.3
534, 0.0
535, -0.1
536, -0.1
537, 0.3
538, 0.0
539, 0.2
540, 0.0
541, 0.4
542, 0.3
543, -0.2
544, -0.1
545, -0.1
546, -0.4
547, 0.1
548, 0.3
549, 0.0
550, -0.6
551, -0.1
552, -0.1
553, 0.2
554, 0.0
555, 0.0
556, 0.1
557, 0.1
558, -0.1
559, -0.2
560, -0.1
561, -0.3
562, 0.1
563, 0.1
564, 0.3
565, -0.2
566, 0.0
567, 0.2
568, 0.1
569, -0.1
570, 0.3
571, -0.1
572, -0.4
573, 0.2
574, 0.2
575, 0.2
576, -0.1
577, -0.1
578, 0.1
579, 0.0
580, -0.2
581, 0.2
582, 0.2
583, 0.3
584, 0.3
585, -0.3
586, -0.4
587, 0.3
588, 0.0
589, 0.2
590, 0.2
591, 0.1
592, -0.4
593, -0.1
594, 0.0
595, 0.2
596, 0.4
597, -0.1
598, 0.0
599, 0.2
600, 0.0
601, 0.0
602, -0.2
603, 0.2
604, 0.0
605, 0.1
606, 0.4
607, 0.0
608, 0.5
609, -0.2
610, 0.0
611, 0.0
612, 0.2
613, 0.2
614, 0.0
615, -0.1
616, 0.0
617, -0.2
618, 0.3
619, -0.1
620, 0.1
621, -0.1
622, -0.1
623, -0.3
624, -0.3
625, 0.2
626, -0.2
627, -0.1
628, -0.4
629, 0.0
630, 0.5
631, -0.3
632, -0.3
633, 0.0
634, -0.1
635, -0.2
636, 0.1
637, -0.3
638, 0.1
639, 0.1
640, 0.3
641, -0.3
642, 0.0
643, 0.1
644, 0.2
645, 0.1
646, 0.0
647, -0.2
648, 0.0
649, 0.0
650, -0.5
651, 0.0
652, -0.1
653, -0.1
654, -0.1
655, -0.6
656, 0.2
657, 0.0
658, -0.1
659, 0.2
660, -0.1
661, -0.1
662, 0.1
663, -0.1
664, -0.3
665, -0.2
666, 0.3
667, 0.1
668, 0.2
669, -0.1
670, -0.4
671, 0.1
672, -0.1
673, 0.2
674, -0.5
675, -0.3
676, -0.3
677, 0.2
678, 0.1
679, -0.2
680, 0.1
681, -0.3
682, -0.4
683, -0.3
684, -0.3
685, 0.1
686, 0.3
687, 0.0
688, -0.1
689, -0.2
690, 0.0
691, 0.1
692, 0.1
693, 0.2
694, -0.3
695, -0.1
696, 0.2
697, -0.2
698, -0.2
699, 0.1
700, 0.1
701, 0.0
702, -0.1
703, 0.1
704, 0.0
705, 0.0
706, -0.2
707, 0.1
708, 0.3
709, 0.1
710, 0.0
711, -0.3
712, 0.1
713, -0.4
714, 0.0
715, 0.2
716, 0.0
717, 0.0
718, -0.4
719, 0.0
720, -0.3
721, 0.2
722, 0.3
723, -0.1
724, -0.2
725, 0.1
726, 0.3
727, 0.2
728, 0.2
729, 0.2
730, 0.1
731, 0.2
732, -0.3
733, 0.1
734, -0.3
735, -0.1
736, 0.0
737, -0.2
738, 0.1
739, -0.1
740, -0.2
741, -0.2
742, -0.1
743, 0.4
744, -0.2
745, 0.0
746, -0.2
747, 0.1
748, 0.3
749, 0.1
750, -0.3
751, -0.1
752, -0.2
753, 0.0
754, -0.1
755, -0.1
756, -0.5
757, 0.2
758, -0.2
759, -0.2
760, -0.3
761, -0.2
762, -0.1
763, -0.2
764, 0.3
765, 0.3
766, -0.4
767, 0.1
768, -0.1
769, 0.4
770, -0.1
771, 0.4
772, -0.4
773, -0.1
774, -0.4
775, 0.0
776, 0.1
777, -0.1
778, -0.2
779, -0.5
780, 0.1
781, 0.2
782, -0.2
783, 0.1
784, -0.3
785, 0.0
786, 0.2
787, 0.2
788, -0.3
789, 0.2
790, -0.1
791, 0.0
792, -0.2
793, -0.2
794, 0.5
795, -0.3
796, 0.1
797, -0.2
798, -0.3
799, -0.2
800, -0.3
801, 0.0
802, -0.1
803, 0.2
804, -0.1
805, 0.3
806, 0.1
807, 0.0
808, 0.1
809, 0.4
810, 0.3
811, -0.1
812, 0.1
813, 0.0
814, -0.4
815, 0.0
816, 0.3
817, -0.1
818, -0.2
819, 0.1
820, 0.3
821, 0.1
822, 0.0
823, 0.1
824, 0.0
825, -0.4
826, 0.0
827, 0.0
828, 0.2
829, -0.2
830, 0.1
831, -0.5
832, 0.2
833, 0.2
834, -0.4
835, 0.2
836, -0.3
837, -0.1
838, -0.5
839, 0.1
840, -0.6
841, 0.3
842, 0.1
843, -0.7
844, -0.2
845, 0.3
846, -0.1
847, -0.4
848, 0.2
849, 0.0
850, 0.1
851, 0.2
852, -0.3
853, 0.4
854, -0.1
855, -0.3
856, -0.1
857, -0.6
858, -0.1
859, 0.0
860, -0.4
861, 0.3
862, -0.3
863, 0.4
864, 0.2
865, 0.2
866, 0.4
867, 0.1
868, 0.2
869, 0.0
870, 0.0
871, 0.4
872, 0.1
873, -0.5
874, 0.5
875, -0.2
876, 0.3
877, 0.0
878, -0.2
879, 0.0
880, -0.3
881, 0.2
882, -0.2
883, -0.3
884, 0.1
885, 0.3
886, 0.3
887, 0.1
888, 0.2
889, 0.1
890, -0.3
891, -0.1
892, 0.0
893, 0.1
894, 0.2
895, 0.1
896, -0.1
897, -0.3
898, -0.2
899, 0.1
900, -0.4
901, 0.0
902, 0.2
903, -0.2
904, 0.1
905, 0.2
906, 0.1
907, -0.4
908, 0.4
909, 0.0
910, 0.2
911, 0.0
912, 0.1
913, 0.0
914, 0.0
915, -0.2
916, 0.4
917, -0.3
918, -0.2
919, -0.4
920, -0.2
921, -0.1
922, 0.4
923, 0.0
924, 0.2
925, -0.5
926, -0.5
927, 0.2
928, 0.3
929, -0.1
930, -0.1
931, -0.1
932, 0.0
933, 0.1
934, -0.2
935, 0.1
936, -0.2
937, -0.1
938, -0.3
939, 0.0
940, 0.1
941, -0.2
942, -0.1
943, -0.2
944, -0.4
945, -0.1
946, 0.2
947, 0.2
948, -0.3
949, -0.1
950, 0.2
951, -0.2
952, -0.3
953, -0.1
954, 0.1
955, 0.0
956, -0.3
957, 0.1
958, 0.0
959, 0.0
960, 0.0
961, 0.1
962, 0.2
963, 0.1
964, 0.1
965, -0.2
966, -0.2
967, 0.0
968, -0.3
969, 0.3
970, 0.2
971, 0.1
972, -0.3
973, 0.1
974, 0.3
975, -0.1
976, -0.1
977, 0.0
978, 0.0
979, 0.0
980, -0.3
981, 0.4
982, 0.1
983, 0.4
984, -0.1
985, 0.0
986, -0.2
987, -0.2
988, -0.5
989, 0.3
990, 0.3
991, 0.3
992, 0.0
993, 0.3
994, -0.3
995, 0.4
996, -0.3
997, -0.2
998, 0.1
999, -0.1
1000, 0.2
1001, 0.1
1002, -0.3
1003, 0.3
1004, 0.1
1005, -0.2
1006, -0.2
1007, 0.3
1008, 0.1
1009, 0.3
1010, 0.4
1011, -0.2
1012, 0.1
1013, -0.2
1014, 0.0
1015, -0.5
1016, 0.0
1017, 0.2
1018, -0.1
1019, -0.5
1020, -0.1
1021, 0.0
1022, 0.0
1023, 0.3
1024, 0.2
1025, 0.1
1026, -0.1
1027, -0.1
1028, 0.1
1029, -0.2
1030, -0.1
1031, -0.3
1032, 0.1
1033, 0.2
1034, 0.1
1035, 0.0
1036, 0.1
1037, 0.2
1038, -0.1
1039, -0.1
1040, -0.1
1041, 0.1
1042, 0.4
1043, 0.2
1044, 0.0
1045, 0.2
1046, 0.0
1047, 0.0
1048, -0.2
1049, 0.5
1050, -0.1
1051, 0.3
1052, -0.4
1053, 0.0
1054, 0.0
1055, -0.3
1056, 0.2
1057, -0.4
1058, -0.2
1059, 0.3
1060, 0.0
1061, 0.0
1062, 0.3
1063, -0.3
1064, 0.1
1065, -0.2
1066, 0.2
1067, -0.2
1068, -0.1
1069, -0.2
1070, 0.0
1071, -0.4
1072, 0.0
1073, -0.2
1074, -0.2
1075, 0.1
1076, 0.1
1077, -0.2
1078, -0.3
1079, -0.2
1080, -0.1
1081, 0.0
1082, -0.4
1083, -0.1
1084, 0.1
1085, -0.1
1086, 0.1
1087, 0.0
1088, 0.2
1089, 0.0
1090, -0.1
1091, -0.1
1092, -0.2
1093, -0.3
1094, -0.1
1095, 0.0
1096, 0.3
1097, 0.1
1098, 0.5
1099, -0.4
1100, 0.3
1101, -0.2
1102, -0.3
1103, -0.1
1104, 0.1
1105, 0.0
1106, -0.1
1107, 0.1
1108, -0.1
1109, 0.1
1110, 0.0
1111, -0.3
1112, -0.1
1113, -0.1
1114, -0.1
1115, 0.2
1116, 0.4
1117, 0.1
1118, 0.1
1119, 0.1
1120, 0.3
1121, 0.0
1122, 0.1
1123, 0.1
1124, 0.2
1125, 0.3
1126, -0.2
1127, 0.1
1128, 0.1
1129, 0.1
1130, 0.1
1131, 0.0
1132, -0.1
1133, -0.4
1134, 0.4
1135, -0.1
1136, -0.1
1137, 0.4
1138, -0.1
1139, 0.2
1140, 0.3
1141, 0.2
1142, 0.0
1143, 0.3
1144, 0.2
1145, -0.1
1146, 0.2
1147, 0.4
1148, -0.1
1149, 0.2
1150, -0.3
1151, -0.4
1152, 0.0
1153, -0.1
1154, -0.1
1155, 0.0
1156, 0.5
1157, -0.5
1158, 0.2
1159, -0.3
1160, 0.3
1161, 0.1
1162, -0.3
1163, 0.2
1164, 0.2
1165, -0.3
1166, 0.2
1167, -0.2
1168, 0.4
1169, 0.2
1170, 0.1
1171, 0.1
1172, 0.2
1173, 0.0
1174, -0.1
1175, 0.0
1176, 0.1
1177, -0.4
1178, 0.2
1179, -0.2
1180, -0.4
1181, -0.1
1182, 0.0
1183, -0.1
1184, -0.5
1185, 0.2
1186, 0.2
1187, 0.1
1188, 0.1
1189, 0.4
1190, 0.0
1191, 0.0
1192, 0.2
1193, 0.1
1194, 0.1
1195, -0.3
1196, -0.5
1197, 0.0
1198, 0.3
1199, 0.2
1200, -0.1
1201, 0.1
1202, 0.2
1203, -0.2
1204, 0.2
1205, 0.1
1206, 0.1
1207, 0.1
1208, -0.3
1209, 0.0
1210, -0.1
1211, -0.6
1212, 0.0
1213, -0.2
1214, 0.3
1215, 0.3
1216, -0.2
1217, -0.2
1218, 0.3
1219, -0.2
1220, -0.3
1221, -0.1
1222, 0.1
1223, 0.0
1224, 0.3
1225, -0.2
1226, -0.3
1227, 0.0
1228, -0.3
1229, 0.1
1230, -0.2
1231, -0.1
1232, -0.1
1233, 0.3
1234, 0.0
1235, 0.1
1236, -0.2
1237, 0.2
1238, -0.2
1239, -0.3
1240, 0.3
1241, -0.1
1242, 0.1
1243, 0.5
1244, -0.5
1245, -0.2
1246, -0.4
1247, 0.0
1248, 0.1
1249, 0.1
1250, 0.1
1251, 0.4
1252, -0.3
1253, 0.0
1254, 0.0
1255, -0.4
1256, 0.1
1257, 0.3
1258, -0.4
1259, 0.1
1260, -0.1
1261, 0.3
1262, -0.3
1263, 0.5
1264, 0.0
1265, 0.3
1266, -0.4
1267, 0.0
1268, -0.2
1269, 0.2
1270, 0.1
1271, 0.2
1272, -0.1
1273, 0.0
1274, 0.3
1275, 0.1
1276, -0.2
1277, 0.2
1278, 0.0
1279, 0.2
1280, 0.2
1281, 0.4
1282, 0.3
1283, 0.1
1284, 0.2
1285, 0.1
1286, -0.2
1287, 0.1
1288, 0.2
1289, 0.3
1290, 0.1
1291, 0.4
1292, -0.2
1293, 0.1
1294, 0.0
1295, 0.4
1296, -0.3
1297, -0.1
1298, -0.1
1299, 0.4
1300, 0.2
1301, 0.1
1302, 0.1
1303, 0.0
1304, 0.0
1305, 0.0
1306, 0.4
1307, 0.1
1308, 0.1
1309, -0.3
1310, 0.1
1311, 0.0
1312, 0.3
1313, 0.0
1314, 0.1
1315, 0.2
1316, 0.0
1317, 0.3
1318, 0.0
1319, -0.3
1320, 0.4
1321, -0.5
1322, 0.1
1323, 0.0
1324, 0.3
1325, 0.1
1326, 0.1
1327, 0.0
1328, -0.2
1329, 0.0
1330, -0.5
1331, 0.5
1332, -0.1
1333, -0.1
1334, -0.1
1335, 0.0
1336, 0.1
1337, -0.4
1338, -0.3
1339, 0.2
1340, -0.1
1341, 0.2
1342, -0.1
1343, -0.6
1344, -0.1
1345, 0.0
1346, 0.2
1347, 0.0
1348, -0.2
1349, 0.1
1350, 0.2
1351, 0.0
1352, 0.1
1353, -0.2
1354, 0.2
1355, 0.2
1356, 0.3
1357, 0.2
1358, 0.0
1359, 0.1
1360, 0.1
1361, 0.2
1362, 0.2
1363, 0.1
1364, 0.0
1365, 0.2
1366, -0.4
1367, 0.0
1368, -0.2
1369, 0.0
1370, 0.0
1371, 0.3
1372, 0.1
1373, 0.1
1374, -0.4
1375, -0.1
1376, 0.5
1377, -0.5
1378, -0.3
1379, -0.4
1380, 0.2
1381, 0.0
1382, 0.2
1383, 0.2
1384, -0.2
1385, -0.3
1386, 0.2
1387, -0.3
1388, 0.0
1389, -0.1
1390, -0.4
1391, -0.2
1392, -0.2
1393, 0.1
1394, -0.4
1395, 0.0
1396, 0.1
1397, 0.3
1398, 0.0
1399, 0.1
1400, 0.1
1401, -0.1
1402, -0.2
1403, -0.1
1404, 0.0
1405, -0.3
1406, 0.0
1407, 0.0
1408, -0.3
1409, 0.0
1410, -0.3
1411, 0.3
1412, 0.0
1413, 0.1
1414, -0.3
1415, -0.1
1416, 0.3
1417, 0.2
1418, -0.3
1419, 0.0
1420, 0.2
1421, 0.3
1422, 0.3
1423, 0.1
1424, -0.1
1425, -0.3
1426, -0.2
1427, 0.0
1428, -0.1
1429, -0.2
1430, -0.2
1431, 0.2
1432, -0.4
1433, 0.0
1434, -0.1
1435, 0.1
1436, 0.2
1437, -0.2
1438, 0.1
1439, -0.1
1440, -0.1
1441, 0.0
1442, -0.3
1443, 0.0
1444, -0.3
1445, -0.3
1446, -0.2
1447, 0.0
1448, -0.1
1449, 0.3
1450, 0.1
1451, 0.2
1452, 0.2
1453, -0.4
1454, 0.1
1455, 0.0
1456, 0.1
1457, 0.2
1458, 0.2
1459, -0.2
1460, 0.1
1461, 0.3
1462, 0.0
1463, -0.3
1464, -0.2
1465, 0.0
1466, 0.3
1467, -0.3
1468, 0.0
1469, 0.2
1470, -0.3
1471, 0.2
1472, 0.0
1473, 0.1
1474, 0.0
1475, 0.0
1476, -0.2
1477, 0.2
1478, 0.3
1479, 0.2
1480, 0.2
1481, 0.3
1482, -0.2
1483, -0.1
1484, -0.3
1485, -0.1
1486, -0.2
1487, 0.0
1488, 0.0
1489, 0.0
1490, 0.4
1491, 0.1
1492, 0.1
1493, -0.3
1494, 0.3
1495, -0.4
1496, -0.1
1497, 0.2
1498, 0.2
1499, -0.2
1500, 0.2
1501, -0.1
1502, -0.4
1503, 0.0
1504, 0.0
1505, -0.5
1506, 0.1
1507, 0.1
1508, -0.2
1509, -0.3
1510, 0.0
1511, 0.0
1512, 0.1
1513, 0.2
1514, 0.2
1515, -0.4
1516, -0.1
1517, -0.1
1518, -0.2
1519, 0.3
1520, -0.3
1521, 0.2
1522, -0.1
1523, -0.2
1524, 0.2
1525, 0.3
1526, 0.2
1527, -0.3
1528, 0.0
1529, 0.1
1530, -0.2
1531, 0.2
1532, 0.3
1533, 0.1
1534, -0.1
1535, 0.1
1536, 0.1
1537, -0.2
1538, 0.2
1539, -0.5
1540, -0.3
1541, 0.0
1542, -0.3
1543, 0.2
1544, 0.2
1545, 0.0
1546, 0.1
1547, 0.2
1548, -0.2
1549, 0.1
1550, -0.2
1551, 0.0
1552, -0.4
1553, 0.1
1554, 0.0
1555, 0.3
1556, 0.2
1557, 0.2
1558, 0.2
1559, 0.1
1560, 0.0
1561, 0.3
1562, -0.4
1563, 0.3
1564, -0.1
1565, -0.1
1566, 0.0
1567, -0.4
1568, 0.3
1569, 0.2
1570, 0.0
1571, -0.2
1572, -0.2
1573, 0.2
1574, 0.1
1575, 0.4
1576, 0.1
1577, -0.3
1578, 0.4
1579, 0.0
1580, -0.1
1581, 0.1
1582, 0.1
1583, -0.2
1584, 0.2
1585, -0.3
1586, 0.3
1587, 0.0
1588, -0.4
1589, -0.2
1590, 0.0
1591, -0.4
1592, 0.0
1593, 0.2
1594, 0.0
1595, 0.2
1596, -0.1
1597, 0.4
1598, -0.3
1599, 0.2
1600, 0.2
1601, -0.4
1602, 0.0
1603, 0.0
1604, 0.0
1605, -0.2
1606, -0.3
1607, 0.0
1608, 0.2
1609, 0.0
1610, 0.0
1611, 0.2
1612, 0.0
1613, 0.3
1614, 0.1
1615, -0.2
1616, 0.1
1617, -0.2
1618, 0.0
1619, 0.0
1620, 0.0
1621, -0.2
1622, 0.2
1623, 0.1
1624, -0.2
1625, -0.6
1626, 0.3
1627, 0.1
1628, 0.3
1629, -0.3
1630, 0.1
1631, -0.1
1632, -0.1
1633, -0.6
1634, -0.2
1635, 0.1
1636, 0.3
1637, 0.1
1638, -0.1
1639, 0.0
1640, -0.3
1641, -0.2
1642, -0.2
1643, -0.3
1644, -0.1
1645, 0.0
1646, 0.0
1647, 0.0
1648, -0.1
1649, -0.1
1650, -0.1
1651, 0.0
1652, -0.2
1653, 0.1
1654, -0.1
1655, -0.1
1656, 0.1
1657, -0.3
1658, -0.1
1659, 0.1
1660, -0.1
1661, 0.2
1662, 0.4
1663, -0.1
1664, 0.1
1665, 0.1
1666, -0.3
1667, -0.1
1668, 0.0
1669, 0.3
1670, -0.2
1671, 0.2
1672, 0.0
1673, -0.3
1674, -0.3
1675, 0.4
1676, 0.0
1677, -0.3
1678, -0.6
1679, 0.1
1680, 0.1
1681, 0.1
1682, -0.2
1683, 0.2
1684, 0.2
1685, 0.2
1686, -0.2
1687, 0.3
1688, -0.1
1689, 0.2
1690, 0.3
1691, -0.1
1692, 0.0
1693, -0.2
1694, 0.3
1695, 0.2
1696, -0.1
1697, 0.1
1698, 0.3
1699, -0.2
1700, -0.2
1701, 0.1
1702, -0.3
1703, -0.1
1704, -0.2
1705, 0.1
1706, 0.1
1707, -0.1
1708, 0.5
1709, 0.1
1710, 0.0
1711, -0.2
1712, 0.5
1713, 0.2
1714, -0.2
1715, 0.2
1716, -0.2
1717, -0.4
1718, 0.5
1719, 0.5
1720, 0.1
1721, -0.3
1722, -0.1
1723, 0.0
1724, -0.3
1725, 0.1
1726, -0.2
1727, -0.2
1728, 0.4
1729, -0.3
1730, 0.2
1731, 0.1
1732, 0.2
1733, 0.0
1734, -0.4
1735, -0.5
1736, -0.1
1737, 0.1
1738, -0.2
1739, -0.2
1740, 0.1
1741, -0.3
1742, -0.4
1743, 0.3
1744, 0.3
1745, -0.3
1746, -0.3
1747, 0.5
1748, 0.0
1749, -0.3
1750, -0.2
1751, -0.3
1752, -0.3
1753, 0.0
1754, -0.1
1755, 0.0
1756, -0.1
1757, 0.0
1758, -0.1
1759, 0.3
1760, -0.1
1761, 0.1
1762, 0.1
1763, 0.1
1764, 0.1
1765, 0.1
1766, -0.2
1767, -0.2
1768, 0.5
1769, -0.1
1770, -0.1
1771, -0.2
1772, 0.0
1773, 0.1
1774, 0.1
1775, 0.0
1776, 0.2
1777, -0.2
1778, 0.0
1779, -0.1
1780, 0.1
1781, -0.1
1782, 0.1
1783, 0.3
1784, -0.1
1785, 0.3
1786, -0.2
1787, 0.3
1788, 0.1
1789, 0.0
1790, -0.3
1791, 0.0
1792, 0.1
1793, -0.1
1794, 0.0
1795, 0.2
1796, -0.1
1797, -0.1
1798, -0.4
1799, 0.3
1800, 0.0
1801, 0.2
1802, 0.2
1803, 0.1
1804, 0.4
1805, -0.1
1806, -0.3
1807, 0.2
1808, 0.0
1809, 0.4
1810, 0.0
1811, -0.2
1812, 0.2
1813, 0.1
1814, 0.0
1815, -0.2
1816, -0.5
1817, -0.2
1818, 0.1
1819, -0.2
1820, -0.2
1821, 0.1
1822, 0.0
1823, -0.1
1824, -0.3
1825, 0.2
1826, -0.1
1827, 0.1
1828, -0.4
1829, 0.1
1830, 0.1
1831, -0.1
1832, -0.3
1833, -0.1
1834, 0.1
1835, -0.3
1836, 0.1
1837, 0.0
1838, -0.2
1839, 0.1
1840, 0.2
1841, -0.2
1842, 0.0
1843, 0.0
1844, -0.1
1845, 0.0
1846, 0.2
1847, 0.0
1848, 0.5
1849, 0.2
1850, -0.4
1851, 0.1
1852, 0.1
1853, -0.2
1854, -0.2
1855, 0.0
1856, -0.3
1857, 0.3
1858, -0.1
1859, 0.3
1860, -0.3
1861, -0.4
1862, -0.1
1863, 0.1
1864, -0.2
1865, -0.4
1866, 0.3
1867, 0.1
1868, 0.1
1869, -0.1
1870, -0.1
1871, -0.2
1872, -0.1
1873, 0.0
1874, 0.1
1875, -0.2
1876, -0.2
1877, 0.4
1878, 0.4
1879, 0.4
1880, 0.0
1881, 0.0
1882, -0.2
1883, 0.2
1884, 0.0
1885, -0.1
1886, 0.1
1887, 0.2
1888, -0.2
1889, 0.3
1890, 0.0
1891, 0.1
1892, -0.2
1893, 0.1
1894, 0.0
1895, 0.3
1896, -0.1
1897, 0.0
1898, -0.1
1899, 0.1
1900, 0.0
1901, -0.4
1902, 0.0
1903, 0.1
1904, 0.0
1905, 0.3
1906, 0.0
1907, -0.4
1908, 0.2
1909, -0.2
1910, 0.3
1911, 0.3
1912, 0.0
1913, 0.2
1914, 0.3
1915, 0.3
1916, -0.1
1917, 0.2
1918, 0.3
1919, 0.2
1920, 0.1
1921, 0.0
1922, 0.2
1923, 0.4
1924, 0.2
1925, -0.1
1926, 0.1
1927, 0.2
1928, -0.1
1929, 0.2
1930, 0.1
1931, -0.1
1932, 0.0
1933, -0.2
1934, 0.3
1935, -0.5
1936, -0.2
1937, 0.1
1938, -0.6
1939, 0.3
1940, 0.0
1941, 0.1
1942, -0.4
1943, -0.3
1944, -0.1
1945, 0.0
1946, -0.4
1947, 0.1
1948, -0.3
1949, -0.1
1950, -0.3
1951, -0.2
1952, 0.1
1953, -0.2
1954, 0.0
1955, -0.1
1956, 0.0
1957, -0.5
1958, 0.2
1959, 0.1
1960, -0.2
1961, -0.3
1962, 0.0
1963, -0.4
1964, -0.3
1965, 0.1
1966, 0.3
1967, -0.4
1968, 0.0
1969, 0.2
1970, 0.0
1971, 0.1
1972, -0.1
1973, -0.1
1974, -0.2
1975, -0.5
1976, -0.2
1977, 0.0
1978, -0.1
1979, -0.2
1980, 0.4
1981, 0.2
1982, 0.2
1983, 0.1
1984, 0.3
1985, -0.1
1986, 0.0
1987, -0.1
1988, -0.3
1989, -0.2
1990, 0.2
1991, 0.2
1992, 0.0
1993, -0.2
1994, -0.3
1995, 0.2
1996, -0.1
1997, -0.7
1998, 0.3
1999, -0.3
2000, -0.1
2001, -0.3
2002, -0.2
2003, -0.2
2004, 0.0
2005, 0.0
2006, -0.6
2007, 0.1
2008, -0.1
2009, 0.1
2010, -0.1
2011, 0.2
2012, 0.1
2013, 0.2
2014, 0.1
2015, -0.3
2016, -0.1
2017, -0.1
2018, 0.2
2019, 0.1
2020, -0.1
2021, 0.1
2022, -0.1
2023, -0.1
2024, 0.2
2025, 0.3
2026, -0.1
2027, -0.2
2028, -0.3
2029, 0.3
2030, -0.3
2031, 0.0
2032, 0.0
2033, -0.1
2034, 0.4
2035, -0.1
2036, -0.6
2037, 0.2
2038, 0.1
2039, -0.2
2040, -0.1
2041, -0.1
2042, -0.3
2043, -0.2
2044, 0.2
2045, 0.2
2046, 0.2
2047, 0.2
2048, -0.1
2049, 0.0
2050, 0.0
2051, 0.2
2052, -0.4
2053, 0.1
2054, 0.2
2055, 0.1
2056, 0.3
2057, -0.3
2058, 0.0
2059, -0.4
2060, -0.5
2061, 0.1
2062, 0.3
2063, -0.4
2064, -0.3
2065, 0.1
2066, -0.4
2067, 0.4
2068, -0.1
2069, 0.0
2070, -0.2
2071, -0.6
2072, 0.2
2073, 0.2
2074, 0.2
2075, -0.2
2076, -0.3
2077, 0.3
2078, -0.1
2079, -0.8
2080, 0.0
2081, 0.1
2082, 0.3
2083, -0.1
2084, -0.4
2085, 0.0
2086, 0.2
2087, 0.2
2088, 0.3
2089, -0.1
2090, 0.1
2091, 0.0
2092, 0.0
2093, 0.1
2094, 0.3
2095, -0.1
2096, 0.0
2097, 0.3
2098, 0.0
2099, 0.4
2100, 0.1
2101, -0.3
2102, 0.1
2103, -0.3
2104, -0.1
2105, 0.0
2106, 0.2
2107, 0.1
2108, 0.3
2109, -0.1
2110, -0.2
2111, 0.0
2112, 0.1
2113, -0.4
2114, 0.1
2115, 0.1
2116, -0.5
2117, 0.0
2118, 0.0
2119, -0.3
2120, 0.0
2121, 0.2
2122, 0.0
2123, -0.2
2124, 0.1
2125, -0.4
2126, 0.0
2127, -0.2
2128, 0.2
2129, -0.3
2130, -0.1
2131, 0.0
2132, 0.3
2133, 0.2
2134, 0.5
2135, 0.1
2136, 0.2
2137, 0.0
2138, 0.3
2139, 0.1
2140, -0.1
2141, -0.2
2142, -0.2
2143, 0.2
2144, 0.0
2145, 0.0
2146, -0.4
2147, 0.2
2148, 0.4
2149, 0.0
2150, -0.5
2151, 0.2
2152, 0.0
2153, 0.2
2154, 0.3
2155, 0.4
2156, 0.3
2157, 0.3
2158, 0.1
2159, 0.3
2160, 0.0
2161, 0.0
2162, -0.3
2163, 0.0
2164, -0.1
2165, -0.3
2166, 0.1
2167, -0.4
2168, 0.2
2169, 0.1
2170, -0.5
2171, 0.0
2172, 0.0
2173, 0.0
2174, 0.2
2175, 0.2
2176, -0.3
2177, 0.1
2178, 0.0
2179, -0.3
2180, 0.0
2181, 0.4
2182, 0.3
2183, -0.4
2184, 0.0
2185, 0.0
2186, -0.4
2187, 0.2
2188, -0.1
2189, 0.1
2190, -0.1
2191, 0.1
2192, 0.0
2193, 0.1
2194, 0.1
2195, -0.5
2196, 0.0
2197, 0.0
2198, -0.2
2199, 0.1
2200, -0.2
2201, 0.1
2202, 0.1
2203, -0.4
2204, 0.3
2205, -0.1
2206, 0.2
2207, 0.1
2208, -0.2
2209, -0.4
2210, 0.2
2211, -0.4
2212, -0.1
2213, 0.0
2214, 0.0
2215, -0.4
2216, 0.1
2217, 0.2
2218, 0.1
2219, -0.4
2220, -0.1
2221, -0.4
2222, 0.1
2223, -0.1
2224, -0.2
2225, 0.1
2226, -0.2
2227, -0.2
2228, -0.4
2229, 0.2
2230, 0.1
2231, 0.0
2232, 0.3
2233, -0.1
2234, 0.3
2235, -0.2
2236, -0.4
2237, -0.2
2238, 0.2
2239, 0.1
2240, -0.4
2241, 0.2
2242, 0.0
2243, -0.3
2244, -0.3
2245, 0.0
2246, 0.3
2247, -0.1
2248, 0.1
2249, -0.4
2250, 0.1
2251, -0.1
2252, -0.2
2253, -0.1
2254, -0.1
2255, 0.2
2256, 0.0
2257, 0.1
2258, -0.1
2259, -0.2
2260, -0.2
2261, -0.2
2262, 0.1
2263, -0.2
2264, 0.0
2265, 0.0
2266, -0.4
2267, 0.1
2268, 0.1
2269, -0.2
2270, -0.2
2271, 0.2
2272, 0.1
2273, -0.4
2274, -0.2
2275, 0.3
2276, 0.3
2277, 0.0
2278, 0.1
2279, -0.2
2280, 0.0
2281, 0.1
2282, 0.1
2283, 0.2
2284, -0.1
2285, 0.0
2286, 0.2
2287, -0.4
2288, 0.3
2289, 0.1
2290, 0.2
2291, 0.1
2292, 0.5
2293, 0.3
2294, 0.1
2295, -0.1
2296, 0.3
2297, -0.1
2298, 0.0
2299, 0.0
2300, 0.0
2301, 0.0
2302, 0.1
2303, 0.3
2304, 0.2
2305, 0.0
2306, 0.5
2307, 0.2
2308, 0.1
2309, -0.1
2310, -0.2
2311, 0.2
2312, -0.1
2313, 0.1
2314, 0.1
2315, 0.3
2316, -0.1
2317, 0.0
2318, -0.4
2319, 0.0
2320, 0.1
2321, 0.3
2322, 0.3
2323, 0.3
2324, -0.5
2325, 0.0
2326, 0.3
2327, 0.0
2328, 0.0
2329, 0.1
2330, 0.0
2331, 0.2
2332, 0.1
2333, -0.1
2334, 0.1
2335, 0.1
2336, 0.1
2337, -0.1
2338, 0.3
2339, 0.1
2340, 0.1
2341, -0.3
2342, 0.0
2343, -0.1
2344, -0.1
2345, 0.3
2346, -0.1
2347, 0.3
2348, -0.1
2349, 0.2
2350, 0.3
2351, 0.0
2352, -0.2
2353, 0.0
2354, -0.3
2355, 0.1
2356, -0.1
2357, 0.0
2358, 0.1
2359, -0.3
2360, -0.3
2361, 0.2
2362, -0.2
2363, 0.0
2364, 0.0
2365, 0.2
2366, 0.1
2367, -0.3
2368, 0.1
2369, 0.1
2370, 0.3
2371, 0.3
2372, 0.1
2373, 0.1
2374, 0.2
2375, 0.2
2376, 0.3
2377, 0.2
2378, -0.2
2379, 0.2
2380, 0.1
2381, 0.1
2382, -0.2
2383, 0.0
2384, -0.4
2385, 0.1
2386, 0.4
2387, -0.2
2388, 0.0
2389, 0.0
2390, 0.3
2391, -0.1
2392, 0.4
2393, -0.2
2394, -0.1
2395, -0.1
2396, 0.0
2397, 0.2
2398, -0.1
2399, -0.3
2400, -0.3
2401, 0.0
2402, 0.4
2403, -0.1
2404, -0.4
2405, -0.2
2406, 0.2
2407, 0.4
2408, -0.1
2409, 0.0
2410, 0.0
2411, -0.1
2412, 0.5
2413, -0.2
2414, 0.2
2415, 0.0
2416, 0.2
2417, -0.1
2418, 0.1
2419, 0.0
2420, -0.2
2421, -0.1
2422, 0.1
2423, -0.2
2424, 0.1
2425, 0.3
2426, 0.2
2427, 0.3
2428, -0.4
2429, -0.2
2430, 0.0
2431, 0.1
2432, 0.1
2433, -0.1
2434, -0.1
2435, 0.2
2436, 0.2
2437, 0.1
2438, 0.0
2439, -0.4
2440, -0.3
2441, 0.1
2442, 0.1
2443, 0.1
2444, 0.1
2445, -0.1
2446, 0.5
2447, -0.3
2448, -0.2
2449, 0.3
2450, -0.4
2451, -0.1
2452, -0.3
2453, -0.4
2454, 0.0
2455, -0.8
2456, -0.2
2457, -0.1
2458, 0.1
2459, -0.4
2460, -0.2
2461, 0.1
2462, -0.2
2463, -0.3
2464, -0.2
2465, -0.1
2466, 0.2
2467, -0.2
2468, 0.2
2469, 0.3
2470, 0.1
2471, 0.3
2472, 0.1
2473, 0.1
2474, 0.2
2475, -0.2
2476, -0.2
2477, 0.0
2478, -0.1
2479, 0.0
2480, -0.1
2481, 0.2
2482, -0.1
2483, 0.5
2484, -0.2
2485, 0.0
2486, 0.1
2487, -0.1
2488, 0.2
2489, 0.0
2490, -0.2
2491, 0.0
2492, 0.3
2493, 0.2
2494, 0.2
2495, -0.4
2496, 0.2
2497, 0.3
2498, 0.3
2499, -0.2
2500, 0.0
2501, 0.0
2502, 0.1
2503, -0.4
2504, -0.1
2505, -0.1
2506, 0.0
2507, 0.2
2508, -0.1
2509, 0.3
2510, 0.0
2511, -0.5
2512, -0.2
2513, -0.1
2514, 0.4
2515, 0.2
2516, -0.1
2517, 0.2
2518, 0.1
2519, 0.2
2520, 0.0
2521, -0.4
2522, -0.2
2523, 0.1
2524, 0.1
2525, 0.1
2526, -0.1
2527, 0.0
2528, 0.4
2529, 0.1
2530, 0.2
2531, 0.0
2532, -0.1
2533, 0.4
2534, -0.1
2535, -0.1
2536, 0.2
2537, -0.1
2538, -0.5
2539, 0.0
2540, -0.1
2541, 0.2
2542, 0.1
2543, 0.0
2544, 0.0
2545, 0.1
2546, -0.3
2547, 0.0
2548, -0.7
2549, 0.1
2550, -0.2
2551, 0.0
2552, 0.1
2553, 0.0
2554, 0.3
2555, -0.2
2556, 0.0
2557, -0.1
2558, -0.4
2559, -0.2
2560, -0.1
2561, 0.1
2562, -0.3
2563, 0.2
2564, -0.1
2565, 0.1
2566, -0.2
2567, 0.1
2568, 0.0
2569, 0.1
2570, 0.0
2571, -0.1
2572, -0.1
2573, 0.2
2574, 0.1
2575, 0.3
2576, 0.0
2577, -0.1
2578, 0.0
2579, -0.1
2580, 0.0
2581, -0.3
2582, 0.2
2583, 0.3
2584, 0.1
2585, 0.4
2586, 0.1
2587, 0.2
2588, -0.2
2589, -0.3
2590, 0.1
2591, -0.2
2592, -0.4
2593, 0.1
2594, -0.1
2595, -0.1
2596, 0.1
2597, -0.1
2598, -0.2
2599, 0.0
2600, 0.1
2601, 0.1
2602, 0.2
2603, 0.2
2604, -0.1
2605, -0.1
2606, 0.0
2607, 0.2
2608, 0.2
2609, 0.0
2610, -0.2
2611, -0.2
2612, 0.1
2613, 0.0
2614, -0.2
2615, -0.2
2616, 0.2
2617, 0.0
2618, 0.1
2619, -0.3
2620, 0.4
2621, -0.1
2622, 0.2
2623, 0.1
2624, -0.2
2625, -0.1
2626, 0.2
2627, -0.1
2628, -0.3
2629, 0.0
2630, 0.4
2631, 0.0
2632, -0.1
2633, 0.0
2634, 0.1
2635, 0.2
2636, -0.3
2637, 0.4
2638, -0.1
2639, 0.2
2640, -0.2
2641, -0.1
2642, 0.4
2643, -0.6
2644, 0.1
2645, -0.1
2646, 0.0
2647, -0.5
2648, 0.3
2649, 0.0
2650, -0.1
2651, 0.0
2652, -0.1
2653, -0.5
2654, 0.0
2655, -0.1
2656, 0.3
2657, -0.1
2658, -0.4
2659, 0.0
2660, 0.1
2661, 0.3
2662, -0.5
2663, -0.3
2664, 0.0
2665, 0.1
2666, 0.1
2667, 0.0
2668, -0.1
2669, -0.5
2670, -0.1
2671, 0.1
2672, 0.1
2673, -0.2
2674, 0.3
2675, 0.1
2676, 0.2
2677, 0.0
2678, -0.3
2679, -0.5
2680, 0.2
2681, -0.1
2682, 0.2
2683, -0.1
2684, 0.0
2685, -0.2
2686, -0.1
2687, 0.1
2688, 0.1
2689, -0.1
2690, 0.4
2691, 0.3
2692, -0.3
2693, 0.1
2694, 0.1
2695, -0.2
2696, -0.2
2697, 0.0
2698, 0.0
2699, 0.0
2700, 0.1
2701, 0.3
2702, -0.3
2703, -0.2
2704, 0.0
2705, 0.2
2706, 0.1
2707, 0.0
2708, 0.4
2709, 0.2
2710, 0.1
2711, -0.3
2712, -0.2
2713, 0.0
2714, 0.1
2715, -0.2
2716, -0.2
2717, 0.1
2718, -0.1
2719, 0.5
2720, 0.1
2721, -0.1
2722, 0.3
2723, -0.4
2724, -0.3
2725, 0.2
2726, 0.1
2727, -0.1
2728, 0.0
2729, -0.2
2730, 0.1
2731, 0.1
2732, 0.3
2733, -0.1
2734, 0.3
2735, 0.2
2736, 0.0
2737, 0.0
2738, 0.3
2739, 0.1
2740, 0.0
2741, 0.0
2742, -0.2
2743, 0.1
2744, 0.0
2745, 0.0
2746, 0.3
2747, 0.1
2748, -0.2
2749, 0.0
2750, -0.2
2751, 0.2
2752, 0.2
2753, 0.4
2754, 0.2
2755, -0.1
2756, 0.3
2757, 0.4
2758, 0.0
2759, 0.0
2760, 0.1
2761, -0.3
2762, 0.3
2763, 0.0
2764, 0.2
2765, -0.2
2766, -0.1
2767, 0.2
2768, 0.1
2769, 0.3
2770, 0.0
2771, 0.3
2772, -0.3
2773, 0.1
2774, 0.0
2775, 0.5
2776, 0.2
2777, 0.1
2778, 0.0
2779, 0.4
2780, 0.4
2781, -0.5
2782, 0.4
2783, 0.0
2784, -0.4
2785, 0.0
2786, 0.2
2787, -0.2
2788, 0.0
2789, 0.2
2790, 0.2
2791, -0.1
2792, -0.1
2793, 0.1
2794, 0.2
2795, -0.2
2796, 0.2
2797, 0.1
2798, 0.2
2799, 0.4
2800, 0.0
2801, -0.3
2802, 0.2
2803, -0.2
2804, -0.1
2805, 0.2
2806, -0.1
2807, 0.0
2808, 0.0
2809, 0.0
2810, 0.1
2811, -0.2
2812, 0.0
2813, 0.2
2814, 0.1
2815, 0.0
2816, 0.2
2817, 0.2
2818, -0.3
2819, 0.0
2820, -0.1
2821, 0.0
2822, -0.1
2823, -0.1
2824, -0.3
2825, -0.3
2826, 0.0
2827, 0.0
2828, -0.3
2829, 0.1
2830, -0.1
2831, -0.2
2832, 0.0
2833, 0.3
2834, -0.1
2835, -0.1
2836, 0.0
2837, -0.5
2838, -0.5
2839, -0.2
2840, 0.3
2841, 0.1
2842, -0.1
2843, -0.4
2844, -0.6
2845, 0.3
2846, 0.5
2847, -0.2
2848, 0.0
2849, -0.5
2850, 0.1
2851, 0.1
2852, 0.3
2853, -0.2
2854, 0.1
2855, 0.3
2856, -0.2
2857, -0.1
2858, -0.2
2859, 0.0
2860, 0.2
2861, 0.2
2862, 0.3
2863, -0.2
2864, 0.0
2865, -0.5
2866, -0.4
2867, -0.1
2868, 0.3
2869, -0.4
2870, 0.1
2871, 0.4
2872, 0.0
2873, 0.2
2874, -0.1
2875, 0.2
2876, -0.1
2877, 0.2
2878, 0.1
2879, -0.1
2880, 0.2
2881, 0.1
2882, -0.2
2883, -0.1
2884, -0.2
2885, 0.2
2886, 0.0
2887, 0.2
2888, 0.1
2889, 0.3
2890, -0.2
2891, -0.3
2892, -0.5
2893, 0.0
2894, -0.3
2895, 0.1
2896, -0.2
2897, 0.2
2898, 0.0
2899, -0.4
2900, -0.2
2901, -0.3
2902, 0.3
2903, 0.1
2904, -0.3
2905, 0.1
2906, -0.3
2907, 0.2
2908, -0.3
2909, 0.0
2910, -0.1
2911, 0.3
2912, 0.2
2913, 0.1
2914, 0.0
2915, 0.0
2916, 0.3
2917, 0.3
2918, 0.2
2919, 0.2
2920, -0.2
2921, 0.0
2922, 0.0
2923, 0.3
2924, -0.2
2925, -0.3
2926, -0.2
2927, -0.1
2928, 0.0
2929, 0.1
2930, 0.2
2931, 0.0
2932, -0.4
2933, 0.0
2934, 0.1
2935, 0.1
2936, 0.2
2937, -0.2
2938, -0.3
2939, 0.0
2940, 0.1
2941, 0.0
2942, -0.1
2943, -0.1
2944, -0.1
2945, 0.2
2946, 0.1
2947, -0.2
2948, -0.1
2949, -0.3
2950, -0.2
2951, -0.4
2952, 0.1
2953, -0.1
2954, 0.1
2955, -0.1
2956, -0.1
2957, 0.1
2958, 0.3
2959, 0.2
2960, 0.1
2961, 0.3
2962, 0.3
2963, -0.2
2964, -0.3
2965, 0.0
2966, -0.2
2967, -0.1
2968, 0.2
2969, 0.0
2970, -0.4
2971, 0.0
2972, -0.2
2973, 0.0
2974, 0.3
2975, 0.0
2976, -0.3
2977, -0.1
2978, -0.4
2979, 0.2
2980, -0.1
2981, -0.4
2982, -0.1
2983, 0.2
2984, 0.2
2985, 0.1
2986, -0.1
2987, 0.1
2988, -0.3
2989, -0.1
2990, 0.0
2991, -0.2
2992, 0.0
2993, -0.2
2994, -0.2
2995, 0.3
2996, 0.0
2997, 0.2
2998, 0.0
2999, 0.2
3000, 0.3
3001, -0.3
3002, 0.3
3003, -0.1
3004, 0.1
3005, -0.1
3006, -0.1
3007, -0.5
3008, -0.2
3009, 0.0
3010, 0.1
3011, 0.0
3012, 0.5
3013, -0.2
3014, -0.1
3015, 0.0
3016, 0.0
3017, -0.3
3018, 0.1
3019, 0.0
3020, 0.1
3021, -0.1
3022, -0.1
3023, 0.2
3024, 0.2
3025, -0.1
3026, -0.2
3027, -0.2
3028, 0.2
3029, 0.1
3030, 0.0
3031, -0.2
3032, 0.2
3033, -0.2
3034, 0.0
3035, -0.1
3036, -0.3
3037, 0.1
3038, 0.0
3039, -0.2
3040, -0.4
3041, -0.2
3042, 0.0
3043, 0.3
3044, 0.3
3045, -0.2
3046, 0.2
3047, -0.2
3048, -0.4
3049, -0.1
3050, 0.1
3051, 0.0
3052, -0.3
3053, -0.1
3054, 0.5
3055, 0.1
3056, -0.1
3057, -0.2
3058, -0.1
3059, -0.3
3060, 0.3
3061, 0.3
3062, -0.3
3063, -0.1
3064, 0.0
3065, 0.1
3066, -0.4
3067, -0.2
3068, 0.2
3069, -0.2
3070, 0.4
3071, 0.5
3072, 0.2
3073, -0.2
3074, -0.1
3075, -0.1
3076, 0.1
3077, -0.3
3078, -0.1
3079, 0.0
3080, 0.1
3081, -0.1
3082, 0.4
3083, -0.3
3084, 0.3
3085, 0.1
3086, 0.5
3087, -0.2
3088, 0.3
3089, 0.1
3090, -0.1
3091, -0.2
3092, -0.1
3093, 0.2
3094, 0.4
3095, 0.0
3096, 0.0
3097, -0.3
3098, -0.2
3099, 0.1
3100, -0.1
3101, -0.4
3102, 0.0
3103, 0.1
3104, -0.2
3105, 0.0
3106, -0.1
3107, -0.4
3108, -0.1
3109, 0.2
3110, -0.2
3111, 0.0
3112, 0.5
3113, -0.3
3114, 0.3
3115, 0.1
3116, -0.3
3117, 0.1
3118, 0.2
3119, -0.2
3120, 0.0
3121, -0.1
3122, -0.1
3123, -0.1
3124, -0.1
3125, -0.1
3126, -0.3
3127, 0.0
3128, 0.2
3129, -0.2
3130, -0.1
3131, -0.1
3132, -0.6
3133, -0.1
3134, 0.1
3135, 0.0
3136, -0.4
3137, 0.0
3138, -0.2
3139, 0.2
3140, 0.0
3141, 0.0
3142, 0.2
3143, 0.2
3144, 0.0
3145, 0.2
3146, 0.0
3147, 0.2
3148, 0.4
3149, -0.1
3150, 0.4
3151, 0.0
3152, 0.1
3153, -0.2
3154, 0.2
3155, 0.0
3156, 0.0
3157, 0.0
3158, 0.2
3159, 0.0
3160, 0.2
3161, -0.3
3162, 0.1
3163, 0.2
3164, -0.2
3165, 0.1
3166, -0.1
3167, -0.3
3168, -0.1
3169, 0.0
3170, 0.1
3171, 0.1
3172, 0.3
3173, 0.2
3174, 0.0
3175, 0.2
3176, 0.2
3177, 0.1
3178, -0.3
3179, -0.1
3180, 0.1
3181, 0.3
3182, 0.3
3183, -0.4
3184, 0.0
3185, 0.1
3186, 0.4
3187, -0.4
3188, 0.0
3189, -0.3
3190, 0.3
3191, 0.0
3192, 0.1
3193, -0.2
3194, -0.4
3195, 0.2
3196, -0.1
3197, -0.2
3198, -0.3
3199, -0.1
3200, -0.2
3201, -0.3
3202, 0.0
3203, -0.1
3204, 0.2
3205, 0.1
3206, 0.2
3207, 0.2
3208, 0.2
3209, 0.0
3210, -0.3
3211, -0.4
3212, 0.1
3213, 0.0
3214, -0.4
3215, 0.0
3216, -0.2
3217, -0.1
3218, 0.0
3219, 0.1
3220, -0.3
3221, -0.1
3222, 0.1
3223, 0.1
3224, 0.3
3225, -0.3
3226, 0.0
3227, 0.1
3228, -0.1
3229, 0.1
3230, -0.1
3231, 0.3
3232, 0.3
3233, -0.2
3234, 0.1
3235, -0.3
3236, 0.2
3237, 0.0
3238, 0.0
3239, -0.3
3240, 0.0
3241, -0.1
3242, -0.2
3243, 0.1
3244, 0.0
3245, 0.3
3246, 0.1
3247, -0.1
3248, 0.1
3249, 0.0
3250, -0.3
3251, -0.1
3252, 0.2
3253, 0.2
3254, -0.3
3255, 0.0
3256, 0.1
3257, 0.4
3258, 0.1
3259, -0.1
3260, 0.1
3261, -0.1
3262, -0.2
3263, -0.1
3264, 0.0
3265, 0.0
3266, -0.2
3267, -0.3
3268, -0.2
3269, 0.2
3270, 0.1
3271, 0.0
3272, 0.2
3273, 0.0
3274, 0.2
3275, -0.2
3276, 0.1
3277, 0.2
3278, 0.1
3279, -0.3
3280, 0.3
3281, 0.4
3282, 0.2
3283, 0.0
3284, 0.2
3285, 0.2
3286, 0.1
3287, -0.3
3288, 0.1
3289, 0.1
3290, 0.3
3291, 0.0
3292, -0.2
3293, 0.1
3294, -0.1
3295, 0.3
3296, 0.0
3297, -0.2
3298, -0.2
3299, 0.1
3300, 0.1
3301, 0.0
3302, 0.1
3303, -0.2
3304, 0.1
3305, 0.1
3306, 0.2
3307, -0.1
3308, 0.1
3309, 0.3
3310, 0.0
3311, 0.2
3312, -0.1
3313, -0.2
3314, -0.2
3315, -0.1
3316, 0.1
3317, -0.3
3318, 0.2
3319, 0.1
3320, -0.1
3321, 0.0
3322, 0.0
3323, 0.1
3324, -0.1
3325, -0.4
3326, 0.2
3327, 0.3
3328, -0.2
3329, 0.0
3330, 0.3
3331, 0.3
3332, -0.1
3333, 0.2
3334, -0.3
3335, -0.1
3336, 0.0
3337, 0.0
3338, 0.1
3339, 0.0
3340, -0.1
3341, 0.0
3342, 0.1
3343, 0.1
3344, 0.5
3345, 0.1
3346, 0.0
3347, 0.0
3348, 0.0
3349, -0.3
3350, 0.3
3351, -0.4
3352, -0.1
3353, -0.1
3354, -0.1
3355, 0.0
3356, 0.4
3357, -0.5
3358, -0.1
3359, -0.3
3360, 0.0
3361, 0.2
3362, 0.2
3363, 0.1
3364, 0.3
3365, 0.0
3366, -0.1
3367, -0.2
3368, 0.0
3369, 0.0
3370, -0.1
3371, -0.6
3372, -0.4
3373, 0.2
3374, 0.0
3375, 0.2
3376, -0.1
3377, -0.1
3378, -0.1
3379, 0.3
3380, 0.0
3381, 0.2
3382, 0.1
3383, -0.1
3384, -0.4
3385, 0.0
3386, -0.2
3387, 0.0
3388, -0.3
3389, 0.0
3390, -0.1
3391, -0.2
3392, 0.3
3393, -0.3
3394, 0.0
3395, -0.1
3396, 0.1
3397, 0.0
3398, -0.1
3399, 0.1
3400, 0.0
3401, 0.2
3402, 0.2
3403, 0.1
3404, 0.3
3405, -0.2
3406, 0.2
3407, -0.1
3408, 0.1
3409, 0.0
3410, 0.0
3411, -0.1
3412, -0.5
3413, -0.1
3414, 0.3
3415, 0.1
3416, 0.1
3417, -0.3
3418, -0.4
3419, -0.4
3420, 0.0
3421, -0.3
3422, 0.0
3423, 0.1
3424, 0.1
3425, -0.3
3426, -0.3
3427, 0.0
3428, 0.0
3429, 0.3
3430, 0.1
3431, -0.3
3432, 0.2
3433, -0.2
3434, 0.2
3435, -0.1
3436, 0.1
3437, 0.1
3438, -0.2
3439, 0.0
3440, 0.0
3441, 0.0
3442, -0.1
3443, -0.1
3444, -0.2
3445, 0.4
3446, 0.1
3447, 0.5
3448, -0.1
3449, 0.2
3450, 0.0
3451, -0.3
3452, 0.2
3453, 0.3
3454, -0.2
3455, -0.1
3456, 0.4
3457, -0.5
3458, -0.2
3459, -0.2
3460, 0.4
3461, -0.1
3462, 0.1
3463, 0.0
3464, 0.1
3465, 0.1
3466, -0.5
3467, 0.3
3468, 0.0
3469, -0.2
3470, 0.0
3471, -0.1
3472, 0.1
3473, -0.2
3474, 0.1
3475, 0.0
3476, 0.1
3477, -0.5
3478, -0.4
3479, -0.2
3480, 0.1
3481, -0.3
3482, 0.2
3483, -0.3
3484, 0.1
3485, 0.3
3486, -0.5
3487, -0.3
3488, 0.2
3489, -0.4
3490, 0.0
3491, 0.2
3492, 0.4
3493, -0.2
3494, -0.2
3495, -0.2
3496, -0.2
3497, 0.4
3498, 0.3
3499, 0.1
3500, 0.3
3501, -0.1
3502, -0.1
3503, 0.4
3504, -0.4
3505, 0.2
3506, -0.2
3507, 0.0
3508, -0.1
3509, -0.4
3510, 0.4
3511, 0.3
3512, -0.1
3513, -0.1
3514, -0.5
3515, 0.0
3516, -0.4
3517, 0.0
3518, -0.3
3519, -0.3
3520, 0.0
3521, 0.5
3522, -0.1
3523, -0.1
3524, -0.2
3525, -0.3
3526, 0.0
3527, 0.3
3528, -0.1
3529, 0.0
3530, -0.2
3531, 0.0
3532, -0.1
3533, -0.4
3534, -0.4
3535, 0.1
3536, -0.2
3537, 0.1
3538, -0.1
3539, -0.1
3540, 0.1
3541, -0.4
3542, 0.1
3543, 0.3
3544, -0.1
3545, 0.1
3546, 0.2
3547, 0.2
3548, -0.4
3549, -0.7
3550, 0.1
3551, -0.1
3552, -0.1
3553, 0.1
3554, 0.3
3555, -0.2
3556, -0.2
3557, 0.2
3558, 0.0
3559, -0.1
3560, 0.1
3561, 0.1
3562, 0.3
3563, 0.4
3564, 0.0
3565, 0.0
3566, 0.1
3567, -0.1
3568, 0.1
3569, 0.4
3570, 0.5
3571, -0.1
3572, -0.1
3573, 0.0
3574, 0.1
3575, 0.1
3576, -0.1
3577, 0.1
3578, 0.0
3579, 0.1
3580, -0.2
3581, 0.2
3582, 0.2
3583, -0.1
3584, 0.0
3585, 0.4
3586, 0.2
3587, 0.3
3588, 0.0
3589, 0.0
3590, -0.3
3591, 0.3
3592, 0.1
3593, -0.4
3594, 0.4
3595, 0.0
3596, -0.1
3597, -0.1
3598, -0.1
3599, 0.0
3600, 0.3
3601, 0.0
3602, 0.1
3603, 0.1
3604, 0.1
3605, 0.0
3606, -0.1
3607, 0.2
3608, -0.1
3609, -0.4
3610, -0.2
3611, 0.0
3612, -0.2
3613, -0.4
3614, 0.1
3615, 0.3
3616, -0.3
3617, 0.3
3618, 0.0
3619, -0.2
3620, -0.3
3621, 0.1
3622, 0.1
3623, -0.1
3624, -0.1
3625, 0.4
3626, 0.2
3627, 0.4
3628, -0.3
3629, -0.4
3630, -0.1
3631, 0.2
3632, 0.2
3633, 0.2
3634, 0.3
3635, 0.4
3636, 0.0
3637, 0.0
3638, 0.1
3639, 0.2
3640, -0.3
3641, 0.4
3642, 0.2
3643, 0.1
3644, 0.0
3645, 0.3
3646, 0.1
3647, -0.3
3648, -0.3
3649, 0.4
3650, 0.1
3651, 0.3
3652, -0.4
3653, -0.3
3654, 0.4
3655, -0.1
3656, 0.2
3657, 0.3
3658, 0.1
3659, -0.3
3660, -0.1
3661, 0.2
3662, -0.2
3663, 0.0
3664, -0.1
3665, 0.2
3666, 0.0
3667, -0.2
3668, 0.2
3669, -0.1
3670, 0.1
3671, 0.2
3672, 0.0
3673, 0.1
3674, 0.0
3675, -0.2
3676, 0.0
3677, 0.1
3678, 0.2
3679, -0.1
3680, 0.0
3681, 0.1
3682, 0.0
3683, -0.1
3684, 0.1
3685, 0.0
3686, 0.1
3687, -0.2
3688, -0.4
3689, -0.3
3690, -0.3
3691, 0.0
3692, 0.4
3693, -0.2
3694, -0.2
3695, 0.0
3696, 0.0
3697, -0.1
3698, -0.6
3699, -0.2
3700, -0.1
3701, -0.2
3702, -0.1
3703, 0.0
3704, 0.4
3705, 0.5
3706, 0.1
3707, 0.3
3708, -0.5
3709, 0.4
3710, 0.0
3711, 0.4
3712, 0.3
3713, -0.5
3714, 0.0
3715, 0.1
3716, 0.0
3717, -0.5
3718, 0.3
3719, 0.2
3720, 0.0
3721, 0.0
3722, -0.1
3723, 0.1
3724, 0.4
3725, -0.1
3726, 0.0
3727, 0.1
3728, 0.1
3729, 0.0
3730, 0.3
3731, 0.2
3732, 0.0
3733, 0.0
3734, 0.1
3735, -0.3
3736, 0.1
3737, 0.2
3738, -0.1
3739, -0.2
3740, -0.1
3741, 0.0
3742, 0.0
3743, 0.1
3744, 0.4
3745, -0.3
3746, 0.1
3747, 0.0
3748, -0.4
3749, -0.1
3750, 0.2
3751, 0.0
3752, -0.1
3753, 0.0
3754, -0.2
3755, 0.4
3756, 0.2
3757, 0.2
3758, -0.1
3759, 0.1
3760, 0.4
3761, -0.3
3762, 0.0
3763, 0.3
3764, -0.2
3765, 0.0
3766, -0.2
3767, 0.0
3768, 0.0
3769, -0.1
3770, 0.1
3771, -0.1
3772, 0.1
3773, 0.1
3774, -0.2
3775, -0.5
3776, 0.0
3777, -0.1
3778, 0.0
3779, -0.4
3780, 0.4
3781, 0.1
3782, 0.4
3783, -0.3
3784, 0.0
3785, 0.1
3786, -0.1
3787, 0.2
3788, -0.2
3789, -0.1
3790, -0.1
3791, -0.1
3792, 0.2
3793, -0.2
3794, 0.3
3795, 0.0
3796, -0.3
3797, 0.1
3798, 0.0
3799, -0.1
3800, 0.2
3801, -0.3
3802, -0.2
3803, 0.2
3804, 0.2
3805, 0.3
3806, -0.1
3807, 0.1
3808, 0.1
3809, 0.4
3810, -0.5
3811, 0.5
3812, -0.1
3813, -0.2
3814, -0.2
3815, -0.3
3816, -0.2
3817, 0.0
3818, 0.2
3819, 0.1
3820, 0.3
3821, -0.4
3822, -0.3
3823, 0.2
3824, 0.0
3825, 0.2
3826, 0.2
3827, 0.0
3828, -0.2
3829, -0.1
3830, -0.1
3831, 0.0
3832, -0.3
3833, 0.1
3834, 0.2
3835, 0.0
3836, -0.3
3837, 0.0
3838, -0.1
3839, 0.0
3840, -0.3
3841, 0.0
3842, 0.2
3843, 0.2
3844, -0.1
3845, 0.1
3846, 0.1
3847, 0.2
3848, 0.2
3849, -0.1
3850, 0.3
3851, 0.0
3852, -0.2
3853, 0.0
3854, -0.2
3855, 0.1
3856, 0.0
3857, -0.2
3858, 0.1
3859, -0.2
3860, 0.0
3861, 0.3
3862, -0.3
3863, 0.3
3864, -0.2
3865, -0.1
3866, -0.1
3867, -0.3
3868, 0.2
3869, -0.2
3870, -0.3
3871, 0.2
3872, -0.2
3873, 0.3
3874, -0.1
3875, 0.0
3876, -0.1
3877, 0.1
3878, -0.2
3879, -0.1
3880, 0.3
3881, 0.3
3882, 0.1
3883, 0.3
3884, 0.1
3885, 0.2
3886, 0.1
3887, 0.0
3888, 0.3
3889, -0.2
3890, 0.1
3891, 0.2
3892, 0.1
3893, 0.2
3894, -0.2
3895, -0.3
3896, 0.0
3897, 0.1
3898, 0.0
3899, 0.0
3900, -0.2
3901, 0.0
3902, -0.2
3903, 0.4
3904, -0.2
3905, 0.0
3906, 0.2
3907, 0.1
3908, -0.2
3909, 0.0
3910, 0.2
3911, -0.2
3912, -0.2
3913, 0.1
3914, -0.3
3915, 0.1
3916, 0.0
3917, 0.2
3918, 0.2
3919, -0.4
3920, 0.3
3921, 0.3
3922, 0.0
3923, -0.1
3924, 0.0
3925, -0.3
3926, 0.2
3927, 0.1
3928, 0.2
3929, 0.2
3930, 0.2
3931, 0.1
3932, 0.0
3933, -0.2
3934, 0.2
3935, 0.2
3936, -0.2
3937, -0.2
3938, 0.0
3939, 0.2
3940, 0.0
3941, 0.2
3942, 0.2
3943, 0.1
3944, 0.0
3945, 0.1
3946, -0.1
3947, -0.2
3948, 0.0
3949, 0.0
3950, 0.2
3951, 0.3
3952, 0.1
3953, -0.3
3954, 0.3
3955, -0.4
3956, 0.0
3957, -0.2
3958, 0.0
3959, 0.2
3960, 0.1
3961, 0.2
3962, 0.4
3963, 0.0
3964, 0.2
3965, 0.4
3966, 0.1
3967, 0.1
3968, -0.2
3969, 0.1
3970, 0.1
3971, 0.0
3972, -0.1
3973, 0.0
3974, 0.2
3975, -0.1
3976, 0.1
3977, 0.1
3978, 0.0
3979, -0.3
3980, 0.0
3981, 0.3
3982, 0.1
3983, 0.4
3984, -0.2
3985, 0.0
3986, -0.5
3987, 0.3
3988, 0.2
3989, 0.3
3990, -0.1
3991, 0.4
3992, -0.1
3993, 0.2
3994, -0.5
3995, 0.5
3996, 0.2
3997, 0.1
3998, -0.1
3999, 0.1
