0, 0.1
1, 0.1
2, -0.1
3, 0.3
4, -0.1
5, 0.5
6, -0.1
7, 0.2
8, 0.0
9, -0.1
10, -0.5
11, -0.1
12, 0.1
13, 0.0
14, -0.1
15, -0.1
16, -0.2
17, -0.1
18, -0.1
19, 0.4
20, 0.2
21, -0.1
22, -0.2
23, 0.2
24, 0.0
25, 0.0
26, -0.3
27, -0.1
28, 0.0
29, -0.1
30, -0.2
31, 0.1
32, 0.2
33, 0.2
34, -0.3
35, 0.0
36, 0.2
37, -0.5
38, -0.3
39, -0.4
40, -0.1
41, -0.1
42, 0.2
43, -0.1
44, 0.3
45, -0.2
46, 0.1
47, -0.2
48, 0.1
49, 0.1
50, -0.3
51, -0.1
52, -0.1
53, 0.2
54, 0.0
55, 0.1
56, 0.1
57, -0.3
58, -0.3
59, -0.2
60, 0.1
61, 0.1
62, 0.2
63, 0.1
64, 0.1
65, -0.3
66, 0.1
67, 0.0
68, -0.2
69, -0.2
70, 0.1
71, 0.0
72, -0.1
73, 0.2
74, 0.5
75, 0.0
76, 0.0
77, -0.1
78, -0.3
79, 0.0
80, -0.2
81, 0.3
82, 0.3
83, -0.1
84, 0.2
85, 0.0
86, 0.2
87, 0.4
88, -0.4
89, 0.4
90, -0.2
91, 0.2
92, -0.1
93, -0.1
94, -0.2
95, 0.2
96, -0.3
97, -0.2
98, 0.1
99, 0.1
100, 0.0
101, 0.5
102, 0.1
103, 0.0
104, -0.3
105, 0.1
106, 0.4
107, 0.2
108, -0.3
109, 0.0
110, -0.3
111, -0.2
112, 0.2
113, 0.2
114, -0.3
115, -0.3
116, 0.1
117, 0.2
118, 0.2
119, 0.0
120, 0.4
121, 0.0
122, -0.2
123, 0.2
124, -0.1
125, -0.1
126, 0.1
127, -0.4
128, 0.0
129, -0.1
130, 0.0
131, -0.2
132, 0.1
133, 0.1
134, 0.0
135, 0.2
136, 0.3
137, -0.3
138, -0.3
139, 0.3
140, 0.3
141, -0.2
142, -0.6
143, 0.1
144, -0.1
145, 0.0
146, -0.1
147, 0.1
148, -0.3
149, 0.1
150, -0.1
151, -0.2
152, 0.4
153, 0.1
154, -0.2
155, 0.2
156, 0.0
157, 0.2
158, 0.3
159, 0.3
160, 0.1
161, 0.0
162, 0.1
163, -0.1
164, 0.5
165, -0.1
166, 0.1
167, 0.3
168, 0.2
169, 0.0
170, -0.1
171, -0.5
172, 0.2
173, -0.5
174, 0.4
175, 0.1
176, -0.3
177, 0.0
178, -0.4
179, -0.1
180, 0.3
181, 0.4
182, -0.4
183, 0.1
184, -0.1
185, -0.3
186, -0.5
187, 0.0
188, 0.3
189, 0.1
190, -0.2
191, -0.4
192, 0.2
193, -0.4
194, 0.1
195, 0.2
196, 0.3
197, -0.1
198, 0.2
199, 0.1
200, 0.0
201, 0.1
202, -0.4
203, -0.2
204, -0.1
205, 0.4
206, -0.5
207, 0.1
208, 0.0
209, 0.1
210, -0.1
211, -0.1
212, 0.3
213, -0.4
214, -0.1
215, 0.3
216, 0.0
217, -0.1
218, 0.5
219, -0.4
220, 0.1
221, 0.2
222, 0.1
223, 0.4
224, 0.1
225, 0.0
226, -0.4
227, -0.6
228, 0.1
229, -0.6
230, -0.1
231, -0.1
232, 0.1
233, 0.1
234, -0.1
235, 0.1
236, 0.3
237, 0.0
238, 0.2
239, 0.3
240, 0.0
241, 0.2
242, -0.2
243, -0.3
244, -0.6
245, -0.1
246, 0.1
247, 0.0
248, 0.3
249, -0.3
250, -0.3
251, 0.2
252, 0.0
253, 0.0
254, -0.4
255, -0.1
256, 0.2
257, -0.2
258, 0.0
259, 0.0
260, 0.1
261, -0.2
262, 0.2
263, 0.0
264, 0.3
265, 0.0
266, 0.3
267, -0.3
268, -0.3
269, 0.3
270, 0.1
271, 0.4
272, 0.0
273, -0.3
274, -0.4
275, -0.4
276, 0.0
277, -0.2
278, -0.2
279, 0.0
280, 0.0
281, 0.2
282, 0.0
283, 0.2
284, -0.1
285, -0.4
286, -0.3
287, -0.3
288, -0.2
289, 0.2
290, 0.3
291, 0.2
292, -0.4
293, -0.2
294, 0.1
295, 0.3
296, -0.2
297, 0.2
298, 0.2
299, 0.0
300, 0.2
301, -0.1
302, -0.4
303, 0.0
304, -0.2
305, 0.0
306, -0.2
307, -0.1
308, 0.2
309, 0.0
310, 0.3
311, -0.2
312, -0.3
313, 0.3
314, 0.3
315, 0.3
316, -0.2
317, 0.3
318, 0.1
319, 0.3
320, 0.1
321, -0.1
322, -0.5
323, 0.4
324, -0.2
325, -0.5
326, 0.1
327, -0.4
328, 0.0
329, -0.1
330, -0.3
331, 0.2
332, 0.3
333, 0.4
334, 0.2
335, -0.2
336, 0.0
337, -0.1
338, -0.4
339, -0.1
340, 0.2
341, -0.1
342, 0.1
343, 0.3
344, -0.1
345, -0.1
346, 0.0
347, -0.3
348, 0.2
349, -0.2
350, 0.1
351, -0.1
352, -0.1
353, -0.1
354, 0.2
355, -0.2
356, 0.0
357, 0.2
358, -0.1
359, 0.0
360, -0.4
361, 0.2
362, 0.1
363, -0.3
364, 0.2
365, 0.2
366, 0.5
367, 0.4
368, 0.2
369, -0.2
370, 0.0
371, -0.1
372, 0.1
373, 0.2
374, -0.1
375, -0.2
376, 0.1
377, -0.2
378, 0.5
379, -0.3
380, -0.1
381, -0.1
382, 0.0
383, 0.0
384, -0.2
385, -0.2
386, 0.1
387, 0.3
388, 0.3
389, -0.5
390, -0.1
391, 0.1
392, 0.2
393, 0.0
394, -0.2
395, -0.1
396, -0.3
397, -0.1
398, 0.0
399, -0.3
400, 0.0
401, 0.2
402, 0.0
403, 0.1
404, -0.1
405, -0.2
406, -0.3
407, 0.3
408, 0.0
409, -0.4
410, -0.1
411, -0.3
412, 0.2
413, 0.0
414, 0.1
415, -0.1
416, 0.2
417, 0.0
418, 0.0
419, 0.0
420, -0.3
421, 0.1
422, -0.2
423, 0.1
424, -0.1
425, -0.3
426, 0.0
427, 0.2
428, -0.4
429, 0.1
430, 0.1
431, 0.1
432, 0.2
433, -0.1
434, 0.2
435, -0.1
436, -0.1
437, 0.0
438, 0.1
439, -0.1
440, 0.0
441, 0.0
442, -0.1
443, 0.2
444, -0.2
445, 0.0
446, 0.3
447, -0.2
448, -0.2
449, 0.5
450, -0.2
451, 0.3
452, 0.1
453, -0.1
454, -0.1
455, -0.1
456, 0.2
457, 0.2
458, 0.2
459, 0.2
460, -0.2
461, 0.0
462, 0.2
463, 0.1
464, -0.2
465, -0.1
466, -0.2
467, -0.1
468, 0.0
469, -0.2
470, -0.2
471, 0.1
472, -0.3
473, 0.3
474, 0.3
475, 0.0
476, -0.6
477, 0.0
478, 0.3
479, -0.2
480, -0.1
481, -0.3
482, 0.4
483, 0.4
484, -0.5
485, 0.1
486, 0.1
487, 0.3
488, 0.3
489, 0.2
490, -0.2
491, -0.4
492, 0.3
493, 0.2
494, -0.1
495, -0.2
496, -0.1
497, -0.1
498, -0.1
499, -0.3
500, 0.3
501, 0.0
502, 0.1
503, 0.1
504, 0.3
505, 0.1
506, -0.1
507, 0.2
508, 0.3
509, 0.1
510, -0.2
511, -0.1
512, 0.0
513, -0.2
514, 0.0
515, 0.1
516, 0.3
517, 0.0
518, 0.2
519, 0.1
520, -0.1
521, 0.1
522, 0.2
523, -0.2
524, 0.1
525, 0.3
526, 0.0
527, -0.1
528, 0.3
529, 0.2
530, 0.1
531, 0.4
532, 0.0
533, 0.3
534, 0.0
535, -0.1
536, 0.0
537, -0.5
538, 0.3
539, -0.2
540, 0.2
541, 0.4
542, 0.4
543, 0.2
544, -0.1
545, -0.1
546, 0.4
547, -0.5
548, -0.2
549, -0.2
550, -0.6
551, -0.1
552, -0.1
553, -0.5
554, 0.0
555, -0.1
556, 0.3
557, -0.1
558, 0.4
559, 0.2
560, 0.0
561, -0.3
562, 0.4
563, 0.2
564, -0.2
565, -0.2
566, -0.2
567, 0.0
568, 0.0
569, 0.2
570, -0.1
571, 0.3
572, 0.3
573, -0.1
574, 0.2
575, -0.1
576, -0.2
577, 0.2
578, -0.4
579, -0.1
580, -0.4
581, -0.4
582, 0.2
583, -0.7
584, 0.3
585, 0.1
586, -0.4
587, 0.3
588, -0.3
589, -0.2
590, 0.0
591, -0.1
592, 0.6
593, 0.4
594, 0.1
595, 0.1
596, 0.1
597, 0.1
598, -0.1
599, 0.3
600, 0.0
601, -0.2
602, 0.0
603, -0.1
604, 0.0
605, -0.8
606, 0.4
607, 0.2
608, 0.0
609, -0.2
610, 0.1
611, 0.1
612, 0.3
613, 0.0
614, 0.0
615, 0.0
616, 0.1
617, 0.0
618, 0.0
619, 0.0
620, -0.1
621, 0.2
622, 0.4
623, 0.2
624, 0.3
625, 0.2
626, -0.1
627, 0.3
628, -0.2
629, 0.2
630, 0.2
631, -0.3
632, 0.2
633, 0.3
634, -0.2
635, 0.1
636, 0.1
637, 0.2
638, -0.3
639, -0.2
640, -0.1
641, -0.4
642, 0.0
643, 0.0
644, 0.1
645, -0.1
646, 0.0
647, -0.2
648, 0.1
649, 0.1
650, -0.1
651, -0.4
652, 0.3
653, 0.2
654, 0.0
655, 0.4
656, 0.0
657, 0.4
658, 0.5
659, -0.1
660, 0.2
661, -0.2
662, 0.2
663, 0.2
664, -0.4
665, 0.1
666, 0.3
667, 0.4
668, -0.3
669, 0.1
670, -0.1
671, -0.1
672, 0.0
673, 0.2
674, 0.0
675, 0.1
676, 0.1
677, -0.4
678, 0.2
679, -0.2
680, 0.3
681, 0.1
682, -0.1
683, -0.1
684, -0.4
685, 0.1
686, -0.4
687, -0.1
688, 0.0
689, 0.1
690, -0.4
691, 0.0
692, 0.0
693, -0.2
694, -0.1
695, 0.2
696, -0.2
697, 0.1
698, 0.0
699, 0.4
700, 0.2
701, 0.3
702, 0.1
703, 0.1
704, 0.0
705, -0.4
706, -0.2
707, 0.2
708, 0.4
709, 0.2
710, 0.0
711, -0.2
712, 0.2
713, 0.0
714, 0.3
715, 0.4
716, 0.0
717, 0.0
718, -0.3
719, -0.2
720, -0.1
721, 0.3
722, 0.1
723, 0.1
724, -0.3
725, 0.3
726, -0.2
727, 0.2
728, 0.1
729, 0.0
730, 0.0
731, -0.1
732, 0.0
733, 0.5
734, -0.1
735, 0.0
736, 0.3
737, 0.0
738, 0.3
739, 0.1
740, -0.3
741, 0.3
742, 0.1
743, 0.1
744, 0.1
745, 0.5
746, 0.0
747, -0.1
748, -0.1
749, 0.0
750, 0.0
751, 0.0
752, -0.1
753, -0.1
754, 0.2
755, -0.2
756, 0.1
757, 0.3
758, 0.1
759, -0.1
760, 0.0
761, -0.1
762, -0.4
763, 0.1
764, 0.0
765, 0.1
766, 0.2
767, -0.4
768, 0.3
769, -0.1
770, 0.1
771, -0.2
772, 0.2
773, 0.1
774, -0.5
775, 0.4
776, -0.4
777, 0.1
778, 0.0
779, 0.1
780, 0.4
781, 0.0
782, -0.1
783, 0.1
784, -0.1
785, 0.0
786, 0.1
787, 0.0
788, 0.2
789, 0.1
790, 0.2
791, -0.2
792, 0.1
793, -0.2
794, 0.2
795, -0.1
796, 0.2
797, 0.1
798, 0.2
799, -0.2
800, -0.2
801, 0.3
802, -0.1
803, -0.2
804, -0.1
805, 0.4
806, -0.4
807, 0.1
808, 0.4
809, -0.2
810, -0.3
811, -0.4
812, 0.0
813, 0.2
814, 0.3
815, 0.1
816, -0.2
817, 0.3
818, 0.3
819, -0.2
820, -0.2
821, 0.3
822, 0.3
823, -0.1
824, 0.2
825, -0.1
826, 0.0
827, -0.4
828, 0.2
829, 0.0
830, -0.2
831, -0.3
832, -0.1
833, -0.1
834, -0.1
835, -0.1
836, -0.4
837, 0.1
838, -0.2
839, 0.3
840, 0.0
841, 0.2
842, 0.3
843, 0.1
844, 0.1
845, 0.1
846, 0.2
847, 0.0
848, -0.3
849, -0.2
850, 0.1
851, 0.4
852, -0.3
853, 0.2
854, 0.0
855, 0.1
856, 0.4
857, -0.3
858, 0.3
859, 0.1
860, 0.0
861, -0.7
862, -0.1
863, 0.1
864, -0.2
865, 0.5
866, -0.1
867, -0.1
868, 0.2
869, 0.0
870, -0.2
871, 0.4
872, -0.2
873, 0.0
874, 0.2
875, -0.4
876, 0.1
877, 0.2
878, 0.1
879, 0.0
880, 0.1
881, -0.1
882, 0.1
883, 0.3
884, -0.2
885, -0.1
886, 0.0
887, 0.0
888, 0.1
889, 0.0
890, -0.1
891, 0.1
892, 0.2
893, 0.4
894, 0.1
895, -0.3
896, 0.3
897, 0.3
898, -0.2
899, -0.2
900, -0.4
901, 0.1
902, 0.0
903, -0.1
904, 0.2
905, 0.0
906, 0.0
907, -0.2
908, 0.1
909, 0.2
910, -0.3
911, 0.2
912, 0.3
913, 0.0
914, 0.3
915, 0.2
916, -0.2
917, -0.6
918, 0.1
919, -0.3
920, 0.0
921, -0.3
922, 0.2
923, 0.2
924, -0.1
925, 0.0
926, 0.1
927, 0.4
928, -0.4
929, -0.4
930, 0.1
931, 0.4
932, -0.1
933, 0.4
934, 0.0
935, -0.1
936, 0.5
937, 0.0
938, -0.2
939, 0.0
940, 0.1
941, -0.3
942, 0.1
943, 0.1
944, 0.0
945, -0.1
946, 0.2
947, -0.1
948, 0.1
949, -0.1
950, 0.1
951, -0.1
952, -0.3
953, -0.1
954, 0.1
955, 0.3
956, 0.3
957, 0.1
958, -0.1
959, 0.3
960, 0.0
961, 0.1
962, 0.3
963, 0.2
964, -0.3
965, -0.1
966, -0.4
967, 0.0
968, 0.2
969, -0.1
970, -0.1
971, 0.0
972, 0.3
973, 0.2
974, -0.2
975, -0.1
976, 0.1
977, -0.2
978, 0.1
979, 0.0
980, 0.2
981, -0.2
982, -0.2
983, 0.4
984, -0.3
985, 0.0
986, 0.1
987, 0.0
988, -0.1
989, 0.0
990, -0.6
991, 0.1
992, 0.5
993, -0.3
994, -0.1
995, -0.7
996, 0.2
997, -0.3
998, 0.2
999, 0.3
1000, 0.2
1001, -0.2
1002, 0.0
1003, 0.1
1004, 0.2
1005, 0.4
1006, -0.2
1007, 0.2
1008, 0.0
1009, -0.2
1010, 0.0
1011, -0.1
1012, 0.2
1013, -0.1
1014, 0.2
1015, 0.2
1016, 0.2
1017, 0.0
1018, -0.5
1019, 0.2
1020, 0.3
1021, 0.2
1022, 0.4
1023, 0.1
1024, 0.1
1025, 0.0
1026, -0.5
1027, 0.2
1028, -0.1
1029, 0.2
1030, 0.2
1031, 0.2
1032, 0.3
1033, -0.1
1034, 0.0
1035, -0.1
1036, -0.5
1037, 0.1
1038, 0.2
1039, -0.1
1040, 0.1
1041, -0.1
1042, -0.1
1043, 0.1
1044, 0.1
1045, 0.0
1046, -0.1
1047, 0.0
1048, 0.2
1049, -0.6
1050, -0.2
1051, 0.3
1052, 0.2
1053, 0.2
1054, 0.2
1055, 0.3
1056, 0.0
1057, 0.0
1058, 0.3
1059, -0.5
1060, 0.0
1061, 0.1
1062, 0.1
1063, 0.0
1064, 0.1
1065, 0.2
1066, 0.4
1067, -0.1
1068, 0.2
1069, 0.0
1070, 0.1
1071, -0.2
1072, 0.1
1073, -0.1
1074, 0.2
1075, 0.0
1076, 0.1
1077, -0.3
1078, 0.3
1079, -0.2
1080, -0.2
1081, -0.3
1082, -0.2
1083, -0.2
1084, 0.1
1085, -0.1
1086, -0.3
1087, -0.2
1088, -0.3
1089, -0.4
1090, 0.5
1091, -0.2
1092, 0.1
1093, 0.0
1094, 0.4
1095, 0.3
1096, -0.1
1097, -0.1
1098, 0.2
1099, -0.2
1100, 0.0
1101, 0.3
1102, 0.0
1103, -0.3
1104, 0.2
1105, 0.3
1106, 0.3
1107, -0.1
1108, 0.4
1109, -0.1
1110, 0.3
1111, -0.1
1112, -0.1
1113, 0.1
1114, 0.0
1115, 0.1
1116, 0.4
1117, -0.1
1118, 0.1
1119, 0.2
1120, 0.3
1121, 0.3
1122, -0.3
1123, 0.1
1124, 0.1
1125, 0.4
1126, 0.1
1127, 0.2
1128, 0.1
1129, -0.1
1130, 0.1
1131, 0.1
1132, 0.3
1133, 0.0
1134, 0.5
1135, -0.1
1136, -0.1
1137, 0.2
1138, 0.3
1139, 0.1
1140, 0.3
1141, 0.1
1142, 0.2
1143, -0.2
1144, 0.2
1145, 0.1
1146, 0.0
1147, 0.1
1148, -0.2
1149, 0.0
1150, -0.1
1151, -0.3
1152, -0.2
1153, 0.0
1154, 0.0
1155, -0.2
1156, -0.4
1157, 0.1
1158, -0.1
1159, 0.3
1160, 0.1
1161, 0.4
1162, -0.2
1163, -0.2
1164, 0.0
1165, -0.1
1166, -0.2
1167, -0.1
1168, 0.0
1169, -0.2
1170, -0.3
1171, -0.2
1172, 0.2
1173, 0.2
1174, 0.1
1175, 0.4
1176, 0.3
1177, 0.1
1178, -0.1
1179, -0.2
1180, -0.1
1181, 0.5
1182, 0.2
1183, 0.0
1184, -0.3
1185, -0.5
1186, 0.1
1187, -0.3
1188, 0.3
1189, 0.1
1190, 0.0
1191, 0.0
1192, 0.0
1193, -0.2
1194, -0.1
1195, -0.4
1196, 0.3
1197, -0.3
1198, -0.2
1199, -0.3
1200, -0.1
1201, -0.3
1202, 0.2
1203, -0.1
1204, -0.3
1205, -0.2
1206, 0.0
1207, -0.1
1208, 0.2
1209, -0.2
1210, -0.6
1211, 0.3
1212, 0.4
1213, -0.1
1214, -0.2
1215, -0.2
1216, 0.3
1217, -0.3
1218, 0.1
1219, -0.1
1220, 0.1
1221, -0.1
1222, 0.0
1223, 0.0
1224, 0.6
1225, 0.0
1226, -0.5
1227, 0.1
1228, 0.3
1229, 0.3
1230, -0.1
1231, 0.0
1232, -0.8
1233, 0.1
1234, 0.1
1235, 0.1
1236, 0.4
1237, 0.2
1238, 0.4
1239, 0.0
1240, -0.1
1241, 0.2
1242, -0.3
1243, 0.1
1244, 0.4
1245, -0.2
1246, 0.3
1247, 0.1
1248, -0.3
1249, -0.2
1250, 0.0
1251, -0.2
1252, 0.0
1253, 0.3
1254, -0.2
1255, 0.1
1256, 0.1
1257, -0.1
1258, -0.1
1259, -0.4
1260, 0.2
1261, 0.0
1262, -0.2
1263, 0.0
1264, 0.0
1265, 0.0
1266, -0.3
1267, 0.3
1268, 0.0
1269, 0.1
1270, -0.1
1271, 0.3
1272, -0.3
1273, 0.1
1274, 0.2
1275, 0.0
1276, -0.1
1277, 0.1
1278, 0.2
1279, -0.1
1280, 0.0
1281, -0.5
1282, 0.2
1283, 0.0
1284, 0.1
1285, 0.2
1286, 0.2
1287, 0.1
1288, 0.0
1289, 0.2
1290, -0.1
1291, 0.0
1292, 0.0
1293, 0.2
1294, -0.1
1295, -0.4
1296, -0.1
1297, 0.1
1298, -0.2
1299, -0.1
1300, -0.4
1301, 0.1
1302, 0.2
1303, 0.1
1304, -0.1
1305, 0.4
1306, -0.4
1307, 0.2
1308, -0.1
1309, -0.3
1310, 0.0
1311, 0.2
1312, -0.2
1313, -0.1
1314, -0.6
1315, -0.4
1316, 0.2
1317, -0.2
1318, -0.6
1319, 0.1
1320, 0.0
1321, 0.0
1322, -0.6
1323, -0.1
1324, 0.2
1325, 0.1
1326, 0.0
1327, 0.1
1328, -0.1
1329, -0.5
1330, 0.1
1331, 0.1
1332, -0.1
1333, 0.3
1334, 0.0
1335, 0.3
1336, 0.2
1337, 0.2
1338, 0.1
1339, -0.1
1340, 0.0
1341, -0.2
1342, -0.4
1343, 0.4
1344, -0.1
1345, -0.2
1346, -0.1
1347, 0.2
1348, -0.1
1349, -0.1
1350, 0.2
1351, 0.2
1352, -0.3
1353, -0.3
1354, 0.1
1355, 0.0
1356, -0.3
1357, 0.0
1358, 0.0
1359, 0.1
1360, -0.2
1361, -0.5
1362, 0.0
1363, -0.5
1364, 0.0
1365, 0.0
1366, -0.1
1367, 0.0
1368, -0.1
1369, -0.3
1370, 0.4
1371, -0.1
1372, 0.3
1373, 0.0
1374, 0.1
1375, -0.2
1376, -0.3
1377, -0.4
1378, -0.2
1379, -0.1
1380, -0.2
1381, 0.3
1382, -0.4
1383, 0.0
1384, -0.1
1385, -0.5
1386, 0.2
1387, 0.2
1388, 0.2
1389, 0.0
1390, -0.2
1391, -0.3
1392, 0.3
1393, -0.1
1394, 0.0
1395, 0.2
1396, 0.1
1397, 0.0
1398, 0.0
1399, -0.1
1400, -0.2
1401, 0.0
1402, 0.2
1403, 0.0
1404, -0.1
1405, 0.0
1406, 0.1
1407, -0.5
1408, 0.4
1409, 0.2
1410, -0.2
1411, -0.4
1412, 0.4
1413, 0.1
1414, 0.1
1415, 0.2
1416, -0.1
1417, 0.1
1418, 0.1
1419, -0.3
1420, -0.3
1421, 0.0
1422, -0.1
1423, 0.2
1424, 0.4
1425, -0.1
1426, 0.1
1427, 0.0
1428, -0.4
1429, 0.0
1430, 0.3
1431, 0.4
1432, -0.3
1433, 0.3
1434, 0.2
1435, 0.3
1436, 0.2
1437, -0.2
1438, -0.5
1439, -0.2
1440, 0.1
1441, -0.2
1442, 0.0
1443, 0.0
1444, 0.4
1445, -0.1
1446, 0.3
1447, -0.1
1448, -0.1
1449, -0.1
1450, 0.1
1451, 0.3
1452, 0.0
1453, 0.3
1454, -0.4
1455, -0.3
1456, 0.3
1457, -0.2
1458, -0.1
1459, 0.2
1460, 0.2
1461, 0.0
1462, 0.0
1463, 0.2
1464, -0.1
1465, 0.3
1466, 0.0
1467, -0.1
1468, 0.2
1469, -0.3
1470, 0.3
1471, 0.0
1472, 0.1
1473, 0.2
1474, -0.4
1475, 0.2
1476, 0.1
1477, -0.5
1478, 0.5
1479, 0.1
1480, -0.1
1481, 0.1
1482, 0.1
1483, 0.0
1484, 0.2
1485, -0.3
1486, 0.1
1487, 0.0
1488, -0.2
1489, -0.3
1490, 0.1
1491, 0.1
1492, -0.1
1493, 0.1
1494, 0.3
1495, 0.0
1496, -0.2
1497, -0.1
1498, 0.2
1499, -0.1
1500, 0.1
1501, 0.3
1502, 0.0
1503, 0.0
1504, 0.0
1505, 0.0
1506, -0.2
1507, -0.4
1508, 0.2
1509, 0.0
1510, 0.0
1511, 0.1
1512, 0.0
1513, -0.1
1514, 0.0
1515, 0.2
1516, -0.2
1517, 0.0
1518, -0.1
1519, -0.1
1520, -0.7
1521, 0.3
1522, -0.1
1523, 0.3
1524, 0.3
1525, -0.4
1526, 0.1
1527, -0.1
1528, 0.3
1529, 0.0
1530, 0.3
1531, 0.0
1532, 0.3
1533, 0.1
1534, 0.0
1535, -0.4
1536, -0.6
1537, 0.4
1538, 0.1
1539, 0.2
1540, -0.1
1541, -0.2
1542, -0.1
1543, 0.0
1544, -0.3
1545, 0.0
1546, -0.1
1547, 0.3
1548, -0.1
1549, -0.1
1550, 0.2
1551, -0.1
1552, -0.1
1553, 0.2
1554, 0.4
1555, -0.1
1556, 0.2
1557, -0.3
1558, 0.1
1559, 0.0
1560, -0.5
1561, 0.0
1562, -0.1
1563, 0.2
1564, 0.1
1565, 0.0
1566, 0.1
1567, 0.0
1568, -0.1
1569, 0.0
1570, -0.1
1571, 0.1
1572, 0.1
1573, 0.0
1574, 0.3
1575, -0.3
1576, 0.1
1577, -0.2
1578, 0.2
1579, -0.2
1580, 0.1
1581, -0.1
1582, -0.5
1583, 0.0
1584, 0.3
1585, -0.5
1586, -0.1
1587, 0.1
1588, -0.2
1589, 0.1
1590, -0.1
1591, 0.2
1592, -0.2
1593, 0.2
1594, 0.2
1595, 0.1
1596, 0.3
1597, -0.2
1598, -0.2
1599, 0.2
1600, -0.2
1601, 0.4
1602, -0.2
1603, 0.2
1604, 0.0
1605, 0.0
1606, -0.2
1607, -0.4
1608, 0.1
1609, -0.2
1610, -0.4
1611, 0.1
1612, 0.1
1613, -0.2
1614, -0.5
1615, 0.2
1616, 0.5
1617, -0.3
1618, 0.0
1619, -0.2
1620, 0.1
1621, -0.1
1622, 0.0
1623, -0.3
1624, 0.0
1625, 0.0
1626, -0.4
1627, -0.2
1628, 0.1
1629, -0.2
1630, -0.4
1631, 0.2
1632, -0.6
1633, -0.1
1634, -0.2
1635, 0.2
1636, 0.2
1637, 0.2
1638, -0.5
1639, 0.0
1640, 0.0
1641, -0.3
1642, -0.1
1643, 0.3
1644, 0.3
1645, -0.1
1646, 0.0
1647, -0.1
1648, -0.1
1649, -0.4
1650, 0.2
1651, 0.0
1652, 0.3
1653, 0.2
1654, 0.3
1655, 0.1
1656, -0.1
1657, -0.1
1658, 0.2
1659, -0.1
1660, -0.1
1661, 0.3
1662, 0.3
1663, -0.2
1664, -0.1
1665, 0.1
1666, 0.3
1667, -0.4
1668, 0.2
1669, -0.1
1670, 0.1
1671, -0.2
1672, 0.3
1673, -0.1
1674, 0.0
1675, 0.0
1676, -0.5
1677, -0.4
1678, 0.2
1679, 0.2
1680, -0.3
1681, 0.1
1682, -0.3
1683, 0.3
1684, 0.1
1685, -0.2
1686, 0.2
1687, 0.1
1688, 0.2
1689, 0.2
1690, -0.1
1691, -0.2
1692, -0.2
1693, 0.3
1694, 0.1
1695, -0.3
1696, 0.2
1697, 0.3
1698, 0.2
1699, 0.3
1700, -0.2
1701, 0.2
1702, -0.1
1703, -0.4
1704, 0.0
1705, -0.1
1706, 0.0
1707, 0.0
1708, -0.1
1709, 0.0
1710, 0.1
1711, -0.2
1712, 0.3
1713, 0.3
1714, -0.3
1715, 0.3
1716, 0.1
1717, 0.5
1718, -0.1
1719, 0.1
1720, -0.2
1721, 0.0
1722, 0.1
1723, -0.1
1724, 0.0
1725, 0.1
1726, 0.3
1727, 0.1
1728, 0.3
1729, 0.3
1730, -0.1
1731, 0.1
1732, 0.0
1733, 0.0
1734, 0.3
1735, -0.1
1736, -0.1
1737, 0.0
1738, 0.1
1739, -0.3
1740, 0.1
1741, -0.4
1742, 0.3
1743, 0.4
1744, 0.2
1745, -0.1
1746, 0.0
1747, 0.2
1748, 0.2
1749, -0.3
1750, 0.1
1751, 0.2
1752, 0.0
1753, -0.2
1754, 0.0
1755, 0.0
1756, 0.0
1757, -0.2
1758, -0.5
1759, 0.0
1760, 0.1
1761, -0.3
1762, 0.0
1763, -0.4
1764, -0.1
1765, -0.4
1766, 0.1
1767, -0.4
1768, -0.2
1769, 0.3
1770, 0.4
1771, 0.1
1772, 0.1
1773, 0.3
1774, -0.3
1775, 0.0
1776, 0.1
1777, 0.1
1778, 0.0
1779, -0.1
1780, 0.0
1781, 0.2
1782, -0.1
1783, 0.0
1784, -0.5
1785, -0.1
1786, -0.1
1787, -0.3
1788, 0.3
1789, 0.0
1790, -0.1
1791, 0.0
1792, -0.1
1793, -0.1
1794, 0.4
1795, -0.2
1796, -0.3
1797, -0.2
1798, 0.1
1799, 0.3
1800, 0.2
1801, -0.2
1802, -0.6
1803, 0.0
1804, 0.0
1805, 0.1
1806, -0.2
1807, 0.3
1808, -0.1
1809, -0.1
1810, 0.2
1811, -0.3
1812, -0.3
1813, 0.0
1814, -0.3
1815, 0.5
1816, -0.2
1817, 0.0
1818, 0.2
1819, -0.1
1820, -0.2
1821, -0.1
1822, -0.1
1823, -0.2
1824, -0.3
1825, 0.1
1826, 0.0
1827, -0.3
1828, 0.1
1829, -0.3
1830, 0.0
1831, -0.1
1832, -0.4
1833, 0.2
1834, 0.0
1835, -0.2
1836, 0.2
1837, 0.1
1838, 0.2
1839, 0.1
1840, -0.2
1841, 0.0
1842, 0.0
1843, -0.4
1844, -0.1
1845, -0.5
1846, -0.1
1847, 0.0
1848, 0.2
1849, -0.2
1850, 0.2
1851, -0.1
1852, -0.1
1853, 0.1
1854, -0.2
1855, -0.1
1856, 0.0
1857, 0.0
1858, 0.3
1859, 0.0
1860, -0.5
1861, -0.1
1862, -0.3
1863, 0.1
1864, 0.0
1865, 0.3
1866, 0.3
1867, -0.3
1868, -0.3
1869, 0.3
1870, -0.1
1871, -0.2
1872, 0.3
1873, -0.3
1874, -0.1
1875, -0.1
1876, -0.2
1877, 0.1
1878, -0.6
1879, -0.1
1880, 0.3
1881, 0.1
1882, 0.0
1883, 0.1
1884, -0.4
1885, -0.1
1886, -0.4
1887, -0.1
1888, 0.0
1889, -0.1
1890, -0.1
1891, 0.0
1892, 0.3
1893, 0.0
1894, -0.1
1895, 0.0
1896, 0.0
1897, 0.4
1898, 0.1
1899, 0.3
1900, 0.1
1901, -0.1
1902, 0.0
1903, -0.2
1904, -0.1
1905, 0.1
1906, -0.2
1907, 0.1
1908, 0.1
1909, 0.1
1910, -0.1
1911, 0.2
1912, -0.2
1913, 0.0
1914, 0.2
1915, 0.0
1916, -0.1
1917, 0.2
1918, 0.2
1919, 0.2
1920, 0.1
1921, -0.2
1922, 0.4
1923, -0.1
1924, 0.3
1925, -0.2
1926, 0.3
1927, 0.1
1928, 0.3
1929, 0.1
1930, -0.4
1931, 0.1
1932, -0.2
1933, -0.1
1934, -0.1
1935, -0.1
1936, 0.3
1937, 0.1
1938, 0.0
1939, -0.2
1940, 0.1
1941, 0.3
1942, 0.2
1943, 0.0
1944, -0.3
1945, -0.2
1946, -0.1
1947, -0.3
1948, -0.1
1949, 0.2
1950, -0.4
1951, -0.1
1952, 0.4
1953, 0.2
1954, 0.4
1955, 0.0
1956, 0.2
1957, 0.1
1958, 0.1
1959, 0.1
1960, 0.0
1961, -0.1
1962, -0.4
1963, -0.3
1964, 0.3
1965, 0.2
1966, 0.0
1967, 0.1
1968, 0.1
1969, 0.3
1970, 0.4
1971, 0.1
1972, -0.1
1973, 0.0
1974, 0.0
1975, -0.2
1976, 0.4
1977, 0.3
1978, -0.3
1979, -0.4
1980, 0.2
1981, 0.1
1982, 0.4
1983, -0.1
1984, 0.3
1985, 0.3
1986, 0.0
1987, -0.1
1988, 0.0
1989, -0.1
1990, 0.1
1991, -0.1
1992, 0.1
1993, 0.2
1994, 0.0
1995, -0.6
1996, -0.1
1997, -0.1
1998, -0.2
1999, -0.3
2000, 0.1
2001, -0.1
2002, -0.2
2003, -0.4
2004, 0.1
2005, -0.1
2006, 0.4
2007, 0.1
2008, -0.2
2009, 0.1
2010, 0.2
2011, 0.0
2012, 0.4
2013, -0.1
2014, -0.4
2015, 0.0
2016, -0.4
2017, -0.2
2018, -0.4
2019, -0.2
2020, -0.1
2021, 0.0
2022, 0.0
2023, 0.1
2024, 0.1
2025, 0.1
2026, -0.2
2027, -0.2
2028, 0.1
2029, -0.1
2030, -0.1
2031, -0.4
2032, 0.0
2033, 0.3
2034, -0.3
2035, 0.1
2036, 0.1
2037, -0.1
2038, -0.2
2039, 0.1
2040, 0.2
2041, 0.2
2042, 0.1
2043, 0.4
2044, 0.2
2045, -0.5
2046, 0.3
2047, -0.2
2048, 0.4
2049, 0.0
2050, 0.1
2051, 0.0
2052, 0.1
2053, 0.1
2054, 0.2
2055, -0.4
2056, 0.2
2057, 0.2
2058, -0.2
2059, 0.1
2060, -0.2
2061, 0.0
2062, 0.0
2063, 0.1
2064, -0.1
2065, -0.1
2066, -0.5
2067, 0.1
2068, 0.1
2069, -0.3
2070, -0.3
2071, 0.1
2072, -0.1
2073, 0.3
2074, 0.1
2075, 0.1
2076, -0.1
2077, 0.3
2078, 0.0
2079, 0.2
2080, -0.1
2081, 0.1
2082, 0.0
2083, 0.0
2084, 0.1
2085, 0.2
2086, -0.4
2087, 0.1
2088, 0.1
2089, -0.1
2090, 0.2
2091, 0.2
2092, 0.0
2093, 0.2
2094, -0.3
2095, 0.0
2096, 0.1
2097, 0.0
2098, 0.1
2099, 0.2
2100, -0.4
2101, -0.1
2102, 0.1
2103, 0.4
2104, 0.2
2105, 0.0
2106, 0.0
2107, -0.3
2108, 0.4
2109, 0.1
2110, -0.1
2111, 0.5
2112, 0.1
2113, 0.5
2114, 0.2
2115, 0.2
2116, -0.1
2117, -0.1
2118, 0.3
2119, 0.1
2120, 0.0
2121, -0.4
2122, 0.1
2123, 0.3
2124, -0.3
2125, 0.1
2126, -0.4
2127, 0.0
2128, 0.1
2129, -0.2
2130, 0.1
2131, -0.1
2132, -0.1
2133, 0.2
2134, 0.0
2135, 0.0
2136, -0.5
2137, 0.0
2138, 0.1
2139, 0.0
2140, 0.3
2141, -0.3
2142, -0.1
2143, 0.2
2144, -0.3
2145, 0.2
2146, -0.2
2147, 0.2
2148, 0.0
2149, 0.0
2150, 0.1
2151, -0.2
2152, 0.2
2153, -0.2
2154, 0.2
2155, 0.0
2156, 0.1
2157, -0.2
2158, 0.0
2159, 0.0
2160, 0.1
2161, 0.4
2162, 0.2
2163, 0.1
2164, 0.2
2165, 0.1
2166, -0.1
2167, -0.1
2168, 0.1
2169, 0.0
2170, 0.1
2171, 0.4
2172, 0.1
2173, 0.3
2174, -0.3
2175, 0.0
2176, 0.2
2177, -0.4
2178, 0.1
2179, 0.2
2180, 0.3
2181, -0.3
2182, -0.1
2183, 0.4
2184, 0.1
2185, -0.1
2186, 0.2
2187, 0.3
2188, 0.2
2189, 0.3
2190, 0.0
2191, -0.2
2192, 0.1
2193, 0.4
2194, 0.2
2195, 0.0
2196, 0.3
2197, -0.5
2198, 0.0
2199, -0.4
2200, 0.0
2201, -0.3
2202, -0.1
2203, -0.1
2204, 0.1
2205, -0.4
2206, 0.0
2207, 0.3
2208, -0.3
2209, 0.1
2210, -0.3
2211, -0.5
2212, 0.0
2213, -0.2
2214, -0.3
2215, -0.3
2216, 0.0
2217, -0.3
2218, -0.1
2219, -0.2
2220, -0.3
2221, 0.2
2222, 0.1
2223, -0.1
2224, 0.1
2225, 0.0
2226, -0.3
2227, 0.0
2228, 0.2
2229, 0.3
2230, -0.1
2231, -0.4
2232, -0.3
2233, 0.2
2234, 0.2
2235, -0.4
2236, 0.3
2237, 0.2
2238, 0.3
2239, -0.1
2240, 0.0
2241, -0.1
2242, -0.4
2243, -0.2
2244, 0.0
2245, -0.4
2246, 0.1
2247, 0.1
2248, 0.0
2249, 0.1
2250, -0.3
2251, 0.1
2252, -0.1
2253, 0.1
2254, 0.4
2255, -0.3
2256, 0.0
2257, 0.3
2258, 0.3
2259, 0.3
2260, 0.1
2261, 0.2
2262, 0.1
2263, 0.1
2264, 0.1
2265, 0.0
2266, 0.1
2267, 0.1
2268, 0.0
2269, -0.1
2270, -0.2
2271, 0.1
2272, 0.0
2273, -0.5
2274, 0.4
2275, -0.1
2276, -0.2
2277, -0.5
2278, 0.0
2279, 0.1
2280, 0.0
2281, 0.2
2282, 0.1
2283, 0.4
2284, -0.2
2285, 0.2
2286, 0.1
2287, 0.3
2288, -0.2
2289, 0.3
2290, 0.2
2291, -0.2
2292, -0.1
2293, 0.0
2294, 0.0
2295, 0.1
2296, 0.0
2297, -0.3
2298, 0.0
2299, -0.3
2300, 0.1
2301, 0.1
2302, -0.1
2303, 0.1
2304, 0.2
2305, 0.2
2306, -0.3
2307, 0.3
2308, 0.3
2309, 0.0
2310, 0.2
2311, -0.4
2312, 0.2
2313, 0.0
2314, 0.1
2315, 0.0
2316, -0.2
2317, 0.4
2318, 0.2
2319, 0.2
2320, 0.2
2321, -0.1
2322, 0.0
2323, -0.1
2324, 0.3
2325, 0.0
2326, 0.2
2327, 0.0
2328, -0.1
2329, 0.2
2330, 0.3
2331, 0.2
2332, 0.2
2333, 0.3
2334, 0.2
2335, 0.2
2336, 0.2
2337, -0.1
2338, 0.1
2339, 0.1
2340, 0.0
2341, 0.4
2342, -0.1
2343, 0.1
2344, 0.0
2345, 0.1
2346, 0.1
2347, -0.4
2348, -0.1
2349, -0.1
2350, -0.1
2351, 0.2
2352, 0.0
2353, -0.2
2354, -0.2
2355, -0.2
2356, 0.2
2357, 0.0
2358, 0.1
2359, -0.3
2360, 0.4
2361, 0.0
2362, -0.1
2363, 0.0
2364, -0.5
2365, 0.3
2366, 0.3
2367, -0.1
2368, 0.0
2369, 0.0
2370, 0.5
2371, 0.2
2372, -0.1
2373, 0.4
2374, 0.2
2375, -0.3
2376, 0.3
2377, 0.2
2378, -0.3
2379, 0.0
2380, 0.2
2381, 0.3
2382, 0.2
2383, 0.0
2384, 0.2
2385, -0.2
2386, 0.2
2387, 0.1
2388, 0.1
2389, 0.3
2390, -0.1
2391, 0.2
2392, 0.1
2393, 0.3
2394, 0.0
2395, 0.0
2396, 0.2
2397, 0.0
2398, -0.2
2399, 0.0
2400, -0.4
2401, 0.1
2402, 0.3
2403, -0.3
2404, -0.2
2405, 0.3
2406, -0.2
2407, -0.1
2408, -0.3
2409, 0.0
2410, -0.2
2411, 0.4
2412, -0.1
2413, 0.1
2414, 0.1
2415, -0.3
2416, 0.1
2417, 0.5
2418, 0.0
2419, 0.1
2420, 0.2
2421, 0.3
2422, 0.3
2423, -0.2
2424, 0.2
2425, 0.2
2426, -0.1
2427, -0.1
2428, -0.1
2429, 0.1
2430, -0.2
2431, -0.7
2432, -0.4
2433, -0.1
2434, 0.2
2435, -0.3
2436, -0.1
2437, -0.4
2438, 0.2
2439, -0.5
2440, -0.1
2441, 0.0
2442, -0.1
2443, 0.2
2444, -0.4
2445, -0.1
2446, 0.0
2447, -0.3
2448, 0.5
2449, -0.5
2450, -0.4
2451, -0.3
2452, 0.0
2453, -0.2
2454, -0.6
2455, 0.0
2456, -0.1
2457, 0.1
2458, -0.6
2459, -0.2
2460, 0.0
2461, 0.2
2462, 0.0
2463, 0.4
2464, 0.0
2465, 0.1
2466, -0.1
2467, 0.3
2468, -0.3
2469, 0.0
2470, -0.1
2471, -0.1
2472, -0.2
2473, 0.1
2474, -0.3
2475, 0.5
2476, -0.2
2477, 0.1
2478, -0.1
2479, 0.1
2480, -0.3
2481, -0.3
2482, 0.3
2483, 0.4
2484, 0.1
2485, -0.2
2486, 0.4
2487, 0.1
2488, 0.3
2489, -0.4
2490, 0.3
2491, 0.2
2492, 0.0
2493, 0.0
2494, -0.2
2495, 0.3
2496, -0.1
2497, 0.2
2498, -0.2
2499, -0.1
2500, 0.1
2501, -0.4
2502, -0.2
2503, -0.1
2504, 0.3
2505, 0.1
2506, -0.1
2507, -0.2
2508, 0.1
2509, 0.3
2510, 0.2
2511, -0.2
2512, 0.0
2513, -0.2
2514, -0.2
2515, 0.1
2516, -0.1
2517, -0.2
2518, 0.0
2519, -0.1
2520, 0.1
2521, -0.2
2522, -0.3
2523, 0.4
2524, 0.0
2525, 0.2
2526, -0.2
2527, 0.0
2528, 0.3
2529, 0.5
2530, -0.2
2531, 0.0
2532, 0.1
2533, 0.0
2534, 0.3
2535, 0.0
2536, 0.2
2537, 0.0
2538, 0.1
2539, 0.2
2540, -0.2
2541, -0.1
2542, -0.2
2543, -0.1
2544, 0.0
2545, 0.1
2546, -0.1
2547, 0.4
2548, -0.2
2549, -0.1
2550, -0.4
2551, 0.3
2552, 0.5
2553, -0.3
2554, -0.3
2555, 0.2
2556, -0.2
2557, 0.2
2558, 0.3
2559, -0.1
2560, -0.1
2561, 0.4
2562, -0.3
2563, -0.2
2564, 0.0
2565, -0.3
2566, -0.2
2567, 0.1
2568, 0.0
2569, 0.1
2570, 0.2
2571, -0.2
2572, -0.1
2573, 0.1
2574, 0.1
2575, -0.1
2576, -0.2
2577, -0.1
2578, 0.0
2579, -0.1
2580, 0.3
2581, 0.3
2582, 0.2
2583, -0.1
2584, 0.0
2585, -0.1
2586, 0.1
2587, 0.2
2588, -0.3
2589, 0.1
2590, 0.3
2591, 0.1
2592, 0.2
2593, 0.2
2594, 0.3
2595, -0.2
2596, 0.2
2597, -0.3
2598, 0.1
2599, 0.1
2600, -0.1
2601, 0.0
2602, -0.1
2603, -0.2
2604, 0.0
2605, -0.2
2606, 0.1
2607, 0.3
2608, 0.0
2609, 0.1
2610, -0.1
2611, 0.1
2612, -0.6
2613, 0.2
2614, -0.1
2615, 0.3
2616, 0.4
2617, 0.0
2618, 0.0
2619, 0.1
2620, 0.0
2621, 0.0
2622, 0.4
2623, 0.5
2624, 0.0
2625, 0.0
2626, -0.2
2627, 0.2
2628, 0.1
2629, -0.2
2630, 0.0
2631, 0.0
2632, 0.3
2633, 0.0
2634, -0.3
2635, 0.1
2636, -0.2
2637, 0.2
2638, -0.3
2639, -0.2
2640, -0.1
2641, 0.2
2642, 0.1
2643, -0.2
2644, -0.3
2645, -0.6
2646, 0.1
2647, 0.0
2648, -0.3
2649, 0.1
2650, 0.4
2651, -0.4
2652, -0.1
2653, -0.3
2654, -0.1
2655, -0.5
2656, -0.2
2657, 0.0
2658, 0.4
2659, -0.2
2660, 0.0
2661, 0.2
2662, -0.7
2663, -0.6
2664, 0.2
2665, -0.2
2666, 0.0
2667, 0.1
2668, 0.1
2669, -0.1
2670, -0.1
2671, 0.0
2672, 0.0
2673, -0.2
2674, 0.1
2675, -0.2
2676, -0.3
2677, 0.1
2678, 0.1
2679, -0.3
2680, -0.3
2681, 0.5
2682, 0.2
2683, -0.3
2684, 0.2
2685, 0.0
2686, 0.3
2687, -0.3
2688, 0.0
2689, 0.0
2690, 0.0
2691, -0.1
2692, 0.3
2693, 0.0
2694, 0.4
2695, -0.2
2696, 0.1
2697, 0.3
2698, 0.4
2699, -0.2
2700, -0.1
2701, -0.2
2702, 0.1
2703, -0.1
2704, -0.4
2705, 0.3
2706, -0.1
2707, -0.3
2708, 0.0
2709, -0.1
2710, -0.1
2711, 0.0
2712, 0.3
2713, 0.3
2714, 0.4
2715, -0.1
2716, 0.2
2717, -0.2
2718, -0.2
2719, 0.1
2720, 0.2
2721, 0.1
2722, -0.2
2723, 0.0
2724, -0.1
2725, 0.2
2726, -0.1
2727, 0.0
2728, 0.3
2729, -0.1
2730, -0.1
2731, 0.1
2732, -0.1
2733, 0.0
2734, -0.2
2735, 0.2
2736, -0.1
2737, 0.3
2738, -0.4
2739, 0.1
2740, 0.0
2741, 0.3
2742, 0.2
2743, 0.0
2744, 0.4
2745, 0.0
2746, 0.0
2747, 0.2
2748, -0.2
2749, 0.0
2750, 0.1
2751, 0.1
2752, -0.1
2753, 0.0
2754, 0.0
2755, 0.1
2756, -0.1
2757, 0.1
2758, 0.0
2759, 0.1
2760, -0.2
2761, -0.1
2762, 0.3
2763, 0.2
2764, 0.0
2765, 0.3
2766, -0.1
2767, 0.1
2768, -0.7
2769, -0.3
2770, 0.1
2771, 0.1
2772, -0.3
2773, -0.3
2774, -0.4
2775, -0.6
2776, -0.3
2777, 0.3
2778, 0.0
2779, 0.3
2780, -0.1
2781, 0.4
2782, -0.1
2783, 0.3
2784, -0.1
2785, 0.0
2786, 0.2
2787, 0.1
2788, 0.0
2789, 0.1
2790, -0.2
2791, -0.1
2792, -0.4
2793, -0.3
2794, 0.0
2795, 0.1
2796, -0.1
2797, 0.3
2798, -0.2
2799, -0.1
2800, -0.1
2801, 0.1
2802, 0.1
2803, 0.2
2804, -0.5
2805, -0.2
2806, -0.1
2807, 0.0
2808, 0.2
2809, 0.2
2810, -0.2
2811, 0.2
2812, -0.2
2813, 0.0
2814, -0.1
2815, 0.1
2816, 0.5
2817, 0.0
2818, -0.2
2819, 0.1
2820, 0.4
2821, -0.4
2822, 0.3
2823, 0.0
2824, -0.3
2825, -0.1
2826, 0.0
2827, -0.2
2828, 0.1
2829, -0.2
2830, 0.0
2831, 0.2
2832, -0.1
2833, -0.1
2834, -0.1
2835, 0.0
2836, -0.4
2837, 0.3
2838, 0.1
2839, -0.1
2840, 0.2
2841, -0.1
2842, 0.0
2843, 0.1
2844, -0.2
2845, 0.0
2846, 0.1
2847, -0.2
2848, 0.1
2849, 0.1
2850, 0.1
2851, 0.1
2852, -0.3
2853, 0.3
2854, -0.1
2855, 0.0
2856, -0.3
2857, 0.3
2858, -0.4
2859, 0.4
2860, 0.3
2861, -0.5
2862, 0.1
2863, -0.2
2864, 0.1
2865, 0.4
2866, 0.3
2867, 0.2
2868, -0.2
2869, -0.1
2870, 0.3
2871, -0.2
2872, -0.3
2873, -0.4
2874, 0.1
2875, -0.1
2876, 0.2
2877, 0.0
2878, -0.1
2879, -0.1
2880, -0.4
2881, 0.3
2882, 0.0
2883, 0.3
2884, 0.4
2885, 0.2
2886, -0.4
2887, 0.3
2888, 0.1
2889, 0.2
2890, -0.3
2891, -0.3
2892, -0.2
2893, -0.1
2894, 0.1
2895, 0.4
2896, 0.2
2897, -0.1
2898, -0.1
2899, 0.0
2900, 0.0
2901, 0.0
2902, 0.0
2903, -0.3
2904, -0.2
2905, 0.0
2906, 0.1
2907, 0.3
2908, 0.2
2909, 0.2
2910, 0.0
2911, 0.1
2912, 0.0
2913, 0.2
2914, -0.1
2915, 0.1
2916, -0.5
2917, -0.3
2918, 0.3
2919, 0.1
2920, 0.2
2921, 0.1
2922, -0.2
2923, 0.1
2924, 0.1
2925, -0.2
2926, 0.0
2927, 0.1
2928, 0.0
2929, -0.3
2930, 0.3
2931, -0.1
2932, -0.4
2933, 0.3
2934, 0.2
2935, 0.1
2936, -0.1
2937, -0.4
2938, 0.0
2939, -0.4
2940, 0.1
2941, -0.3
2942, 0.1
2943, 0.0
2944, 0.2
2945, -0.1
2946, 0.0
2947, 0.2
2948, -0.1
2949, -0.2
2950, -0.1
2951, 0.1
2952, 0.1
2953, -0.2
2954, -0.2
2955, 0.0
2956, -0.1
2957, -0.3
2958, -0.2
2959, -0.4
2960, 0.1
2961, 0.3
2962, -0.2
2963, -0.2
2964, 0.0
2965, -0.1
2966, 0.0
2967, -0.4
2968, 0.4
2969, 0.1
2970, 0.2
2971, -0.1
2972, 0.2
2973, 0.0
2974, 0.0
2975, 0.0
2976, 0.3
2977, 0.1
2978, -0.2
2979, -0.2
2980, 0.1
2981, -0.3
2982, -0.1
2983, -0.1
2984, -0.1
2985, -0.2
2986, 0.0
2987, -0.3
2988, 0.2
2989, -0.5
2990, 0.2
2991, -0.3
2992, -0.1
2993, 0.0
2994, -0.4
2995, 0.1
2996, 0.2
2997, 0.1
2998, 0.3
2999, -0.1
3000, 0.1
3001, 0.1
3002, -0.3
3003, -0.1
3004, -0.1
3005, 0.0
3006, -0.7
3007, 0.3
3008, 0.2
3009, 0.3
3010, -0.3
3011, -0.3
3012, 0.1
3013, -0.4
3014, 0.0
3015, 0.0
3016, -0.3
3017, 0.3
3018, 0.3
3019, -0.6
3020, 0.0
3021, 0.2
3022, -0.1
3023, 0.0
3024, -0.2
3025, 0.2
3026, -0.4
3027, -0.1
3028, 0.2
3029, 0.3
3030, 0.3
3031, -0.1
3032, 0.3
3033, -0.2
3034, 0.0
3035, 0.2
3036, -0.4
3037, 0.2
3038, 0.0
3039, 0.1
3040, 0.0
3041, -0.2
3042, -0.1
3043, 0.1
3044, -0.4
3045, 0.0
3046, 0.1
3047, 0.3
3048, 0.5
3049, 0.2
3050, 0.2
3051, 0.3
3052, -0.1
3053, -0.1
3054, 0.3
3055, 0.4
3056, 0.1
3057, -0.3
3058, 0.2
3059, 0.2
3060, 0.2
3061, 0.0
3062, 0.0
3063, 0.3
3064, 0.2
3065, 0.3
3066, -0.2
3067, -0.1
3068, -0.2
3069, 0.0
3070, 0.0
3071, -0.1
3072, 0.2
3073, 0.2
3074, -0.2
3075, -0.2
3076, 0.3
3077, 0.0
3078, -0.5
3079, 0.4
3080, 0.0
3081, 0.0
3082, -0.1
3083, 0.1
3084, -0.2
3085, 0.0
3086, -0.1
3087, -0.1
3088, 0.1
3089, 0.2
3090, 0.4
3091, 0.0
3092, 0.2
3093, 0.3
3094, 0.1
3095, 0.3
3096, 0.0
3097, 0.3
3098, 0.0
3099, 0.0
3100, -0.4
3101, 0.2
3102, -0.2
3103, 0.1
3104, 0.0
3105, 0.1
3106, 0.0
3107, -0.1
3108, 0.1
3109, 0.0
3110, 0.2
3111, 0.5
3112, 0.5
3113, 0.4
3114, 0.0
3115, -0.3
3116, 0.3
3117, -0.3
3118, 0.1
3119, -0.2
3120, 0.2
3121, 0.2
3122, -0.2
3123, 0.2
3124, -0.1
3125, -0.1
3126, 0.1
3127, -0.1
3128, -0.2
3129, 0.3
3130, 0.0
3131, 0.2
3132, -0.3
3133, -0.1
3134, 0.3
3135, 0.0
3136, -0.1
3137, 0.0
3138, 0.2
3139, 0.1
3140, -0.1
3141, 0.2
3142, -0.2
3143, 0.2
3144, 0.2
3145, 0.1
3146, 0.0
3147, -0.2
3148, -0.4
3149, 0.1
3150, 0.1
3151, -0.1
3152, 0.2
3153, 0.3
3154, 0.3
3155, 0.1
3156, 0.3
3157, 0.3
3158, -0.6
3159, 0.1
3160, 0.3
3161, 0.2
3162, -0.3
3163, 0.2
3164, -0.1
3165, -0.3
3166, 0.0
3167, -0.1
3168, -0.3
3169, 0.0
3170, -0.1
3171, 0.1
3172, 0.0
3173, 0.2
3174, -0.1
3175, 0.0
3176, -0.3
3177, 0.3
3178, 0.1
3179, -0.1
3180, 0.2
3181, 0.0
3182, 0.0
3183, 0.3
3184, 0.0
3185, 0.3
3186, 0.3
3187, 0.1
3188, 0.2
3189, 0.0
3190, 0.1
3191, 0.0
3192, 0.2
3193, -0.3
3194, -0.2
3195, -0.3
3196, 0.1
3197, -0.2
3198, 0.1
3199, 0.3
3200, 0.1
3201, -0.4
3202, 0.2
3203, 0.2
3204, 0.2
3205, 0.2
3206, -0.3
3207, 0.0
3208, -0.1
3209, 0.4
3210, 0.4
3211, -0.1
3212, 0.2
3213, 0.1
3214, 0.1
3215, -0.3
3216, -0.4
3217, 0.4
3218, 0.4
3219, -0.2
3220, -0.5
3221, 0.2
3222, 0.1
3223, -0.5
3224, 0.0
3225, 0.3
3226, 0.1
3227, 0.1
3228, 0.0
3229, 0.0
3230, 0.1
3231, 0.1
3232, 0.1
3233, 0.1
3234, 0.1
3235, -0.1
3236, 0.1
3237, 0.0
3238, 0.4
3239, 0.0
3240, 0.0
3241, -0.4
3242, 0.3
3243, 0.0
3244, -0.3
3245, 0.5
3246, 0.0
3247, -0.3
3248, -0.1
3249, 0.1
3250, 0.1
3251, 0.2
3252, 0.3
3253, -0.2
3254, 0.0
3255, -0.2
3256, 0.2
3257, 0.3
3258, -0.3
3259, 0.0
3260, -0.1
3261, 0.1
3262, -0.1
3263, 0.2
3264, 0.1
3265, 0.2
3266, 0.1
3267, -0.6
3268, 0.3
3269, 0.4
3270, 0.1
3271, 0.1
3272, 0.1
3273, 0.0
3274, -0.2
3275, 0.0
3276, -0.1
3277, 0.0
3278, -0.1
3279, -0.2
3280, -0.2
3281, 0.2
3282, -0.3
3283, 0.1
3284, 0.3
3285, -0.1
3286, -0.4
3287, 0.0
3288, 0.4
3289, 0.2
3290, -0.1
3291, -0.3
3292, -0.2
3293, 0.3
3294, -0.1
3295, -0.2
3296, -0.5
3297, -0.4
3298, 0.3
3299, 0.1
3300, 0.2
3301, -0.4
3302, -0.1
3303, 0.2
3304, 0.3
3305, -0.1
3306, 0.3
3307, -0.1
3308, 0.2
3309, 0.1
3310, -0.5
3311, -0.1
3312, 0.2
3313, 0.2
3314, -0.1
3315, -0.4
3316, -0.2
3317, 0.2
3318, -0.2
3319, 0.1
3320, 0.1
3321, 0.0
3322, 0.0
3323, 0.1
3324, 0.1
3325, 0.5
3326, -0.1
3327, -0.7
3328, 0.1
3329, 0.2
3330, -0.1
3331, 0.3
3332, -0.1
3333, -0.2
3334, 0.1
3335, -0.1
3336, -0.4
3337, 0.0
3338, 0.5
3339, 0.1
3340, 0.2
3341, -0.1
3342, 0.0
3343, 0.1
3344, 0.2
3345, 0.1
3346, -0.4
3347, 0.0
3348, -0.4
3349, 0.1
3350, 0.2
3351, -0.3
3352, -0.1
3353, -0.1
3354, -0.3
3355, 0.0
3356, -0.1
3357, 0.3
3358, 0.3
3359, -0.4
3360, -0.1
3361, 0.5
3362, 0.0
3363, -0.2
3364, 0.1
3365, -0.3
3366, -0.2
3367, -0.5
3368, 0.3
3369, 0.2
3370, -0.1
3371, 0.1
3372, 0.0
3373, 0.0
3374, 0.1
3375, 0.3
3376, -0.1
3377, 0.1
3378, -0.1
3379, 0.2
3380, -0.1
3381, -0.2
3382, 0.0
3383, -0.5
3384, 0.0
3385, 0.1
3386, 0.0
3387, -0.3
3388, 0.2
3389, 0.1
3390, 0.2
3391, -0.3
3392, -0.1
3393, 0.2
3394, 0.2
3395, 0.1
3396, -0.2
3397, -0.1
3398, 0.0
3399, -0.2
3400, -0.1
3401, -0.2
3402, -0.2
3403, 0.2
3404, 0.1
3405, 0.5
3406, -0.1
3407, 0.3
3408, 0.1
3409, -0.2
3410, -0.1
3411, 0.1
3412, -0.3
3413, -0.2
3414, 0.0
3415, 0.5
3416, 0.3
3417, -0.3
3418, 0.0
3419, 0.4
3420, 0.0
3421, -0.2
3422, -0.1
3423, -0.1
3424, 0.0
3425, 0.0
3426, 0.1
3427, -0.3
3428, -0.3
3429, 0.3
3430, 0.0
3431, 0.0
3432, 0.0
3433, -0.3
3434, 0.1
3435, 0.2
3436, 0.1
3437, 0.2
3438, -0.1
3439, -0.1
3440, 0.5
3441, -0.3
3442, -0.3
3443, -0.3
3444, -0.1
3445, -0.1
3446, 0.2
3447, 0.0
3448, -0.1
3449, 0.2
3450, 0.1
3451, 0.0
3452, -0.1
3453, 0.2
3454, 0.0
3455, 0.0
3456, -0.1
3457, -0.2
3458, 0.1
3459, -0.6
3460, 0.1
3461, 0.0
3462, 0.1
3463, -0.4
3464, -0.1
3465, -0.3
3466, 0.0
3467, 0.1
3468, -0.1
3469, -0.2
3470, 0.1
3471, -0.2
3472, 0.1
3473, -0.3
3474, 0.1
3475, 0.1
3476, 0.2
3477, -0.2
3478, 0.1
3479, 0.0
3480, -0.2
3481, -0.1
3482, 0.0
3483, -0.2
3484, -0.1
3485, 0.1
3486, 0.0
3487, -0.2
3488, 0.1
3489, 0.0
3490, 0.0
3491, -0.3
3492, 0.3
3493, 0.2
3494, -0.2
3495, 0.2
3496, -0.1
3497, -0.3
3498, -0.3
3499, 0.1
3500, 0.5
3501, 0.2
3502, 0.1
3503, 0.1
3504, 0.2
3505, 0.3
3506, 0.1
3507, 0.5
3508, -0.1
3509, -0.1
3510, 0.1
3511, -0.1
3512, -0.2
3513, -0.1
3514, -0.1
3515, 0.0
3516, 0.1
3517, 0.1
3518, -0.1
3519, 0.3
3520, 0.4
3521, -0.2
3522, 0.4
3523, 0.4
3524, 0.1
3525, 0.0
3526, -0.1
3527, 0.0
3528, 0.1
3529, -0.2
3530, 0.1
3531, -0.3
3532, -0.1
3533, 0.2
3534, 0.1
3535, 0.0
3536, -0.2
3537, -0.2
3538, 0.1
3539, 0.2
3540, 0.1
3541, -0.1
3542, 0.1
3543, -0.2
3544, 0.2
3545, 0.0
3546, 0.0
3547, 0.2
3548, 0.1
3549, -0.1
3550, 0.2
3551, 0.0
3552, 0.2
3553, 0.0
3554, 0.0
3555, 0.2
3556, 0.1
3557, 0.0
3558, 0.2
3559, -0.3
3560, 0.0
3561, 0.4
3562, 0.3
3563, 0.0
3564, -0.4
3565, -0.2
3566, -0.1
3567, -0.5
3568, 0.2
3569, 0.2
3570, 0.3
3571, 0.1
3572, 0.0
3573, 0.4
3574, -0.2
3575, 0.3
3576, 0.1
3577, -0.2
3578, -0.1
3579, 0.1
3580, 0.0
3581, -0.4
3582, -0.1
3583, -0.3
3584, 0.3
3585, -0.2
3586, 0.1
3587, 0.0
3588, 0.4
3589, 0.1
3590, 0.0
3591, 0.0
3592, 0.1
3593, 0.0
3594, 0.1
3595, 0.0
3596, -0.1
3597, 0.1
3598, 0.1
3599, 0.0
3600, -0.3
3601, -0.1
3602, -0.1
3603, 0.3
3604, 0.1
3605, 0.0
3606, -0.1
3607, 0.0
3608, 0.4
3609, 0.0
3610, -0.1
3611, -0.6
3612, 0.3
3613, -0.1
3614, 0.3
3615, 0.1
3616, 0.2
3617, -0.5
3618, 0.1
3619, -0.3
3620, -0.1
3621, 0.0
3622, -0.1
3623, -0.8
3624, -0.1
3625, 0.0
3626, -0.3
3627, -0.2
3628, -0.1
3629, 0.1
3630, 0.5
3631, -0.1
3632, 0.0
3633, -0.3
3634, 0.0
3635, -0.2
3636, 0.3
3637, 0.0
3638, 0.2
3639, -0.3
3640, 0.3
3641, 0.2
3642, 0.4
3643, 0.2
3644, 0.4
3645, 0.0
3646, -0.3
3647, 0.1
3648, 0.0
3649, 0.1
3650, -0.1
3651, 0.0
3652, 0.1
3653, 0.4
3654, -0.1
3655, 0.1
3656, -0.1
3657, -0.4
3658, 0.2
3659, -0.3
3660, 0.1
3661, -0.1
3662, -0.2
3663, 0.2
3664, 0.1
3665, -0.1
3666, 0.1
3667, 0.2
3668, 0.2
3669, 0.1
3670, -0.1
3671, 0.1
3672, -0.2
3673, 0.0
3674, 0.0
3675, 0.1
3676, 0.3
3677, 0.3
3678, 0.2
3679, 0.2
3680, 0.1
3681, 0.2
3682, 0.3
3683, 0.0
3684, 0.1
3685, -0.1
3686, 0.1
3687, -0.1
3688, 0.2
3689, -0.3
3690, 0.0
3691, 0.0
3692, -0.2
3693, 0.1
3694, 0.1
3695, -0.1
3696, -0.1
3697, -0.4
3698, 0.4
3699, 0.1
3700, -0.1
3701, 0.3
3702, 0.2
3703, 0.5
3704, 0.0
3705, 0.1
3706, 0.1
3707, 0.0
3708, 0.3
3709, 0.2
3710, -0.1
3711, -0.1
3712, 0.3
3713, 0.1
3714, 0.2
3715, 0.2
3716, -0.4
3717, 0.0
3718, -0.4
3719, -0.2
3720, -0.4
3721, 0.1
3722, 0.1
3723, 0.2
3724, 0.1
3725, 0.3
3726, 0.1
3727, 0.1
3728, -0.2
3729, 0.4
3730, 0.2
3731, 0.1
3732, -0.4
3733, 0.1
3734, 0.3
3735, 0.1
3736, -0.3
3737, 0.1
3738, -0.1
3739, 0.0
3740, 0.3
3741, -0.3
3742, 0.0
3743, 0.1
3744, -0.1
3745, 0.1
3746, 0.4
3747, -0.2
3748, 0.0
3749, 0.1
3750, 0.2
3751, 0.2
3752, 0.0
3753, 0.2
3754, -0.2
3755, 0.2
3756, 0.2
3757, 0.2
3758, 0.2
3759, 0.5
3760, 0.1
3761, 0.2
3762, 0.2
3763, -0.1
3764, -0.3
3765, -0.2
3766, 0.0
3767, 0.0
3768, 0.2
3769, 0.2
3770, -0.1
3771, 0.1
3772, 0.0
3773, 0.0
3774, 0.3
3775, 0.1
3776, 0.0
3777, -0.2
3778, -0.3
3779, -0.1
3780, -0.2
3781, 0.5
3782, 0.0
3783, 0.2
3784, 0.3
3785, 0.1
3786, 0.5
3787, -0.4
3788, 0.0
3789, 0.3
3790, 0.4
3791, 0.0
3792, -0.2
3793, 0.3
3794, 0.1
3795, -0.1
3796, 0.3
3797, -0.3
3798, 0.1
3799, -0.1
3800, 0.3
3801, 0.1
3802, 0.2
3803, 0.2
3804, -0.4
3805, 0.1
3806, -0.1
3807, 0.2
3808, -0.2
3809, 0.1
3810, 0.3
3811, 0.1
3812, -0.2
3813, 0.1
3814, 0.0
3815, -0.1
3816, -0.1
3817, 0.3
3818, -0.4
3819, 0.0
3820, 0.2
3821, -0.2
3822, -0.1
3823, 0.2
3824, 0.3
3825, -0.1
3826, -0.5
3827, 0.3
3828, -0.1
3829, -0.3
3830, 0.2
3831, -0.2
3832, 0.0
3833, 0.1
3834, -0.2
3835, 0.4
3836, 0.1
3837, -0.2
3838, 0.2
3839, -0.1
3840, -0.1
3841, -0.1
3842, 0.1
3843, -0.4
3844, -0.1
3845, -0.2
3846, 0.4
3847, -0.2
3848, 0.2
3849, 0.3
3850, 0.0
3851, 0.0
3852, -0.1
3853, -0.4
3854, 0.0
3855, 0.4
3856, -0.1
3857, 0.2
3858, 0.2
3859, 0.0
3860, -0.1
3861, 0.2
3862, 0.2
3863, 0.2
3864, 0.1
3865, 0.3
3866, -0.2
3867, -0.5
3868, -0.1
3869, 0.1
3870, -0.1
3871, 0.4
3872, 0.1
3873, 0.2
3874, 0.1
3875, 0.2
3876, 0.2
3877, 0.4
3878, -0.5
3879, 0.3
3880, 0.1
3881, 0.2
3882, 0.3
3883, -0.2
3884, 0.2
3885, -0.1
3886, -0.4
3887, 0.3
3888, -0.2
3889, -0.1
3890, 0.0
3891, 0.3
3892, 0.0
3893, 0.1
3894, -0.1
3895, -0.2
3896, -0.3
3897, 0.2
3898, -0.1
3899, 0.1
3900, -0.5
3901, -0.1
3902, -0.4
3903, -0.2
3904, -0.1
3905, -0.3
3906, 0.0
3907, -0.3
3908, -0.2
3909, 0.1
3910, -0.2
3911, 0.3
3912, -0.3
3913, 0.1
3914, 0.2
3915, 0.2
3916, -0.2
3917, 0.5
3918, 0.0
3919, 0.0
3920, -0.3
3921, 0.1
3922, -0.4
3923, 0.1
3924, -0.2
3925, -0.1
3926, 0.3
3927, 0.4
3928, -0.1
3929, 0.3
3930, -0.2
3931, 0.1
3932, 0.0
3933, 0.1
3934, -0.3
3935, -0.6
3936, -0.1
3937, 0.1
3938, 0.3
3939, -0.3
3940, -0.2
3941, 0.0
3942, 0.1
3943, 0.3
3944, 0.2
3945, 0.2
3946, 0.0
3947, 0.2
3948, 0.1
3949, 0.3
3950, 0.1
3951, 0.2
3952, -0.3
3953, 0.0
3954, 0.2
3955, -0.1
3956, -0.3
3957, 0.0
3958, 0.2
3959, 0.0
3960, -0.2
3961, 0.0
3962, 0.1
3963, 0.3
3964, 0.3
3965, 0.0
3966, -0.5
3967, 0.1
3968, -0.5
3969, -0.4
3970, 0.2
3971, -0.1
3972, 0.2
3973, -0.2
3974, 0.4
3975, 0.2
3976, -0.3
3977, -0.2
3978, -0.2
3979, 0.3
3980, 0.2
3981, -0.2
3982, -0.2
3983, -0.2
3984, 0.1
3985, 0.2
3986, 0.2
3987, -0.2
3988, 0.2
3989, 0.2
3990, 0.1
3991, 0.3
3992, 0.1
3993, -0.1
3994, 0.1
3995, 0.0
3996, -0.1
3997, 0.4
3998, 0.2
3999, 0.0
