0, 0.3
1, 0.0
2, 0.1
3, 0.0
4, -0.2
5, -0.1
6, 0.2
7, -0.4
8, -0.2
9, -0.3
10, 0.2
11, 0.4
12, -0.1
13, -0.2
14, 0.0
15, -0.1
16, -0.1
17, 0.1
18, 0.1
19, 0.0
20, -0.1
21, 0.1
22, 0.0
23, -0.2
24, 0.3
25, 0.2
26, 0.0
27, 0.5
28, -0.2
29, -0.3
30, -0.7
31, -0.1
32, 0.1
33, -0.1
34, -0.4
35, -0.1
36, -0.1
37, 0.3
38, 0.0
39, -0.4
40, 0.1
41, 0.4
42, -0.3
43, 0.4
44, -0.3
45, 0.4
46, -0.2
47, 0.1
48, -0.4
49, 0.2
50, 0.6
51, 0.0
52, 0.6
53, 0.0
54, 0.1
55, 0.1
56, 0.0
57, 0.2
58, 0.1
59, 0.2
60, 0.1
61, 0.0
62, -0.3
63, -0.3
64, -0.3
65, 0.1
66, 0.2
67, 0.0
68, -0.3
69, 0.0
70, -0.2
71, 0.3
72, 0.3
73, 0.0
74, -0.1
75, -0.1
76, 0.0
77, 0.2
78, 0.0
79, 0.2
80, 0.3
81, -0.2
82, -0.1
83, 0.0
84, 0.0
85, -0.1
86, 0.4
87, 0.2
88, -0.2
89, -0.1
90, 0.5
91, -0.2
92, -0.1
93, -0.2
94, -0.2
95, -0.3
96, -0.3
97, -0.3
98, 0.5
99, 0.2
100, 0.0
101, 0.0
102, 0.2
103, -0.3
104, 0.2
105, 0.2
106, -0.2
107, 0.2
108, 0.1
109, 0.4
110, -0.3
111, 0.0
112, 0.2
113, 0.0
114, 0.6
115, -0.2
116, 0.2
117, -0.2
118, -0.1
119, -0.4
120, -0.4
121, 0.2
122, 0.0
123, -0.1
124, 0.1
125, -0.2
126, -0.3
127, 0.2
128, 0.1
129, 0.5
130, 0.1
131, 0.0
132, -0.1
133, 0.4
134, 0.3
135, 0.2
136, 0.0
137, -0.2
138, -0.3
139, 0.2
140, -0.2
141, -0.1
142, 0.4
143, 0.2
144, -0.2
145, -0.3
146, 0.1
147, 0.2
148, 0.1
149, 0.1
150, -0.1
151, -0.2
152, 0.3
153, -0.4
154, -0.4
155, 0.0
156, -0.1
157, -0.1
158, 0.3
159, -0.1
160, -0.1
161, -0.1
162, -0.5
163, -0.2
164, 0.1
165, 0.1
166, 0.1
167, -0.4
168, 0.2
169, -0.4
170, 0.0
171, 0.0
172, 0.0
173, -0.2
174, -0.2
175, 0.0
176, 0.5
177, 0.2
178, -0.1
179, -0.3
180, 0.3
181, 0.3
182, 0.4
183, -0.3
184, 0.3
185, 0.1
186, 0.4
187, 0.0
188, 0.2
189, 0.2
190, -0.1
191, -0.1
192, -0.1
193, 0.0
194, -0.4
195, 0.0
196, -0.2
197, -0.3
198, 0.0
199, -0.1
200, -0.3
201, 0.2
202, 0.1
203, -0.1
204, 0.4
205, 0.3
206, -0.2
207, 0.0
208, 0.3
209, -0.1
210, -0.1
211, -0.2
212, 0.1
213, 0.7
214, 0.2
215, 0.4
216, -0.2
217, 0.0
218, 0.3
219, -0.2
220, -0.1
221, -0.2
222, 0.5
223, -0.1
224, 0.3
225, -0.1
226, -0.2
227, 0.0
228, -0.6
229, 0.1
230, 0.2
231, -0.1
232, -0.2
233, 0.2
234, 0.0
235, 0.0
236, 0.4
237, 0.1
238, -0.1
239, -0.2
240, 0.2
241, 0.2
242, -0.1
243, -0.3
244, 0.1
245, 0.4
246, 0.1
247, 0.2
248, 0.2
249, 0.1
250, -0.2
251, 0.2
252, 0.2
253, 0.1
254, 0.0
255, -0.1
256, -0.3
257, -0.1
258, 0.2
259, 0.0
260, -0.1
261, -0.3
262, 0.3
263, 0.0
264, 0.1
265, -0.3
266, 0.1
267, 0.3
268, 0.1
269, -0.2
270, -0.2
271, 0.0
272, 0.3
273, 0.1
274, 0.0
275, 0.2
276, 0.0
277, -0.3
278, 0.2
279, -0.1
280, 0.2
281, 0.3
282, -0.4
283, -0.1
284, 0.2
285, -0.1
286, -0.1
287, -0.3
288, -0.1
289, -0.2
290, -0.1
291, 0.1
292, -0.1
293, 0.2
294, 0.0
295, -0.1
296, -0.1
297, -0.1
298, 0.0
299, 0.4
300, -0.3
301, 0.2
302, 0.5
303, 0.0
304, -0.3
305, -0.2
306, -0.2
307, 0.2
308, 0.0
309, -0.1
310, -0.1
311, -0.1
312, 0.1
313, 0.4
314, 0.1
315, 0.1
316, 0.2
317, -0.1
318, -0.7
319, 0.2
320, -0.3
321, 0.3
322, -0.2
323, 0.0
324, 0.1
325, 0.2
326, 0.1
327, 0.1
328, 0.1
329, -0.3
330, 0.2
331, 0.2
332, -0.2
333, 0.1
334, 0.1
335, 0.1
336, 0.0
337, -0.5
338, -0.1
339, 0.1
340, -0.1
341, -0.3
342, 0.3
343, -0.4
344, 0.2
345, 0.0
346, 0.1
347, -0.2
348, 0.3
349, 0.1
350, 0.0
351, 0.2
352, -0.2
353, 0.0
354, 0.4
355, 0.1
356, 0.0
357, -0.3
358, 0.1
359, 0.1
360, 0.3
361, -0.1
362, 0.0
363, 0.3
364, 0.0
365, -0.5
366, -0.5
367, 0.5
368, -0.2
369, 0.0
370, 0.1
371, -0.3
372, -0.1
373, -0.2
374, -0.4
375, 0.3
376, -0.8
377, -0.1
378, 0.1
379, 0.3
380, 0.0
381, 0.3
382, -0.1
383, 0.1
384, 0.0
385, 0.1
386, 0.4
387, 0.2
388, 0.2
389, 0.3
390, -0.1
391, 0.1
392, 0.4
393, -0.1
394, 0.1
395, -0.2
396, 0.0
397, 0.3
398, 0.2
399, 0.1
400, 0.1
401, 0.0
402, 0.2
403, 0.2
404, -0.3
405, -0.2
406, 0.0
407, 0.0
408, 0.2
409, -0.4
410, -0.1
411, -0.1
412, -0.2
413, 0.3
414, 0.2
415, 0.1
416, 0.1
417, 0.1
418, 0.1
419, 0.2
420, -0.2
421, -0.2
422, -0.3
423, -0.2
424, 0.2
425, 0.1
426, 0.2
427, -0.2
428, -0.2
429, 0.1
430, -0.1
431, -0.1
432, 0.1
433, 0.1
434, -0.1
435, -0.2
436, 0.3
437, 0.4
438, -0.3
439, -0.1
440, 0.3
441, 0.2
442, -0.1
443, 0.1
444, 0.2
445, 0.0
446, 0.2
447, 0.5
448, -0.2
449, 0.1
450, -0.2
451, -0.2
452, 0.1
453, 0.0
454, 0.1
455, 0.0
456, 0.3
457, -0.5
458, -0.1
459, 0.0
460, 0.0
461, 0.2
462, 0.0
463, 0.3
464, 0.1
465, 0.0
466, -0.1
467, 0.0
468, 0.5
469, 0.1
470, -0.2
471, 0.1
472, -0.1
473, -0.1
474, 0.3
475, -0.2
476, 0.5
477, -0.2
478, 0.2
479, -0.2
480, 0.0
481, 0.0
482, 0.1
483, -0.5
484, 0.0
485, 0.2
486, -0.1
487, 0.1
488, 0.1
489, 0.2
490, 0.2
491, 0.3
492, -0.1
493, -0.1
494, -0.3
495, 0.1
496, -0.2
497, 0.0
498, 0.3
499, 0.0
500, -0.1
501, 0.2
502, 0.1
503, -0.1
504, 0.1
505, -0.1
506, 0.3
507, 0.1
508, 0.0
509, -0.1
510, 0.2
511, -0.1
512, -0.1
513, 0.3
514, -0.2
515, 0.3
516, 0.0
517, -0.4
518, 0.2
519, 0.2
520, -0.3
521, 0.1
522, 0.2
523, 0.1
524, -0.3
525, 0.1
526, -0.3
527, -0.1
528, 0.2
529, 0.1
530, 0.2
531, -0.1
532, -0.3
533, -0.1
534, 0.2
535, 0.2
536, 0.5
537, -0.2
538, -0.1
539, -0.1
540, -0.6
541, -0.1
542, 0.0
543, -0.2
544, 0.2
545, -0.1
546, -0.1
547, -0.1
548, 0.3
549, 0.2
550, 0.2
551, 0.2
552, -0.2
553, 0.0
554, 0.3
555, 0.2
556, -0.1
557, -0.1
558, 0.4
559, 0.2
560, 0.3
561, 0.3
562, 0.3
563, -0.3
564, 0.3
565, -0.2
566, 0.2
567, -0.1
568, 0.2
569, 0.4
570, 0.1
571, -0.2
572, -0.2
573, 0.1
574, 0.1
575, -0.2
576, -0.5
577, 0.3
578, 0.1
579, 0.4
580, -0.2
581, -0.2
582, 0.0
583, 0.2
584, 0.1
585, 0.0
586, 0.1
587, -0.2
588, -0.6
589, 0.0
590, 0.0
591, 0.1
592, 0.0
593, 0.2
594, 0.1
595, -0.2
596, -0.1
597, -0.2
598, 0.1
599, -0.1
600, -0.4
601, 0.0
602, 0.4
603, 0.0
604, -0.2
605, 0.2
606, 0.0
607, -0.2
608, 0.0
609, 0.3
610, -0.1
611, -0.3
612, -0.2
613, 0.2
614, -0.1
615, -0.2
616, 0.0
617, 0.2
618, 0.0
619, -0.3
620, -0.6
621, 0.0
622, 0.2
623, 0.3
624, 0.2
625, -0.2
626, -0.4
627, 0.2
628, 0.2
629, 0.0
630, 0.2
631, 0.1
632, 0.2
633, 0.0
634, 0.1
635, 0.0
636, 0.2
637, 0.0
638, 0.1
639, 0.0
640, 0.2
641, 0.2
642, 0.1
643, 0.2
644, -0.3
645, -0.2
646, 0.3
647, 0.0
648, -0.1
649, -0.3
650, 0.2
651, -0.1
652, 0.3
653, 0.3
654, -0.1
655, -0.1
656, 0.0
657, 0.0
658, 0.1
659, 0.1
660, -0.1
661, 0.0
662, 0.1
663, -0.2
664, -0.5
665, 0.0
666, -0.2
667, 0.1
668, 0.1
669, 0.2
670, 0.0
671, 0.0
672, -0.2
673, 0.2
674, 0.2
675, -0.3
676, -0.2
677, 0.4
678, -0.1
679, 0.4
680, -0.2
681, 0.1
682, 0.0
683, -0.1
684, -0.3
685, 0.1
686, -0.1
687, 0.3
688, -0.1
689, -0.1
690, -0.1
691, 0.3
692, 0.0
693, 0.3
694, -0.6
695, 0.4
696, -0.1
697, 0.2
698, 0.1
699, -0.1
700, 0.1
701, -0.3
702, 0.0
703, 0.0
704, -0.2
705, -0.2
706, 0.0
707, -0.3
708, 0.2
709, 0.0
710, -0.4
711, 0.0
712, -0.2
713, -0.1
714, 0.1
715, 0.0
716, -0.1
717, 0.1
718, 0.2
719, 0.2
720, 0.0
721, 0.1
722, 0.0
723, 0.1
724, 0.2
725, -0.1
726, -0.2
727, -0.1
728, 0.1
729, -0.1
730, -0.1
731, 0.4
732, -0.2
733, -0.4
734, 0.1
735, 0.1
736, 0.2
737, 0.1
738, -0.2
739, 0.1
740, 0.1
741, -0.1
742, 0.1
743, -0.3
744, 0.2
745, -0.2
746, -0.5
747, 0.3
748, -0.1
749, 0.3
750, 0.0
751, -0.3
752, -0.1
753, 0.1
754, 0.2
755, -0.2
756, 0.0
757, 0.0
758, 0.3
759, 0.2
760, 0.0
761, -0.2
762, -0.3
763, -0.5
764, -0.2
765, 0.2
766, -0.2
767, -0.1
768, 0.3
769, 0.0
770, 0.3
771, -0.3
772, 0.1
773, 0.2
774, 0.1
775, 0.1
776, 0.3
777, 0.3
778, 0.0
779, -0.2
780, -0.1
781, 0.0
782, 0.2
783, 0.0
784, -0.1
785, 0.3
786, 0.3
787, -0.3
788, -0.3
789, 0.3
790, 0.4
791, 0.1
792, 0.1
793, -0.1
794, -0.1
795, 0.0
796, -0.2
797, -0.6
798, -0.5
799, 0.2
800, -0.3
801, 0.0
802, 0.1
803, 0.1
804, 0.0
805, -0.1
806, 0.3
807, 0.0
808, 0.0
809, -0.3
810, -0.1
811, -0.1
812, 0.1
813, 0.0
814, 0.2
815, 0.1
816, 0.0
817, 0.2
818, 0.1
819, 0.1
820, 0.0
821, -0.3
822, -0.2
823, -0.4
824, 0.0
825, -0.5
826, 0.4
827, 0.3
828, -0.1
829, -0.1
830, 0.4
831, 0.0
832, -0.1
833, -0.1
834, 0.2
835, 0.0
836, 0.2
837, -0.2
838, 0.0
839, 0.2
840, 0.2
841, 0.3
842, -0.1
843, 0.1
844, 0.0
845, -0.2
846, 0.1
847, 0.1
848, 0.1
849, -0.1
850, -0.3
851, 0.1
852, 0.1
853, 0.5
854, 0.1
855, 0.1
856, -0.3
857, -0.2
858, 0.1
859, -0.2
860, 0.2
861, 0.4
862, -0.2
863, -0.1
864, 0.1
865, 0.0
866, 0.0
867, -0.2
868, 0.1
869, 0.3
870, 0.2
871, -0.2
872, -0.2
873, -0.1
874, -0.2
875, 0.2
876, 0.1
877, 0.3
878, -0.1
879, 0.5
880, 0.4
881, -0.3
882, -0.4
883, -0.3
884, 0.0
885, 0.3
886, 0.3
887, -0.4
888, 0.0
889, 0.0
890, 0.3
891, 0.3
892, -0.5
893, 0.2
894, 0.0
895, 0.0
896, -0.1
897, 0.3
898, 0.2
899, 0.1
900, -0.4
901, 0.0
902, -0.5
903, 0.0
904, 0.3
905, 0.0
906, 0.0
907, -0.1
908, -0.1
909, -0.4
910, -0.1
911, -0.2
912, 0.2
913, -0.3
914, -0.2
915, -0.1
916, -0.2
917, 0.1
918, 0.0
919, 0.1
920, -0.6
921, -0.2
922, 0.0
923, 0.0
924, 0.1
925, 0.3
926, -0.2
927, 0.2
928, 0.0
929, 0.0
930, 0.1
931, 0.0
932, 0.1
933, 0.0
934, 0.1
935, -0.2
936, 0.1
937, -0.1
938, 0.4
939, 0.0
940, 0.1
941, 0.1
942, -0.2
943, -0.1
944, -0.1
945, -0.1
946, -0.1
947, 0.2
948, -0.5
949, 0.4
950, 0.1
951, 0.2
952, 0.4
953, 0.3
954, -0.1
955, 0.2
956, -0.2
957, 0.1
958, 0.1
959, -0.1
960, 0.1
961, 0.1
962, -0.1
963, 0.2
964, -0.2
965, -0.1
966, 0.0
967, -0.3
968, -0.2
969, 0.0
970, -0.2
971, -0.2
972, -0.3
973, -0.1
974, 0.3
975, -0.1
976, 0.4
977, -0.5
978, 0.2
979, 0.4
980, 0.0
981, 0.1
982, -0.5
983, -0.3
984, 0.5
985, 0.2
986, -0.3
987, 0.0
988, 0.0
989, 0.0
990, -0.1
991, -0.1
992, 0.0
993, -0.2
994, 0.2
995, 0.1
996, 0.0
997, -0.3
998, 0.5
999, 0.2
1000, -0.2
1001, 0.4
1002, 0.2
1003, 0.1
1004, 0.4
1005, 0.5
1006, -0.2
1007, -0.1
1008, 0.0
1009, 0.0
1010, 0.3
1011, 0.3
1012, -0.3
1013, -0.3
1014, -0.2
1015, -0.4
1016, 0.3
1017, -0.1
1018, 0.1
1019, 0.1
1020, 0.2
1021, -0.1
1022, -0.5
1023, -0.1
1024, 0.0
1025, 0.1
1026, 0.0
1027, 0.0
1028, 0.4
1029, -0.2
1030, 0.3
1031, 0.0
1032, 0.0
1033, 0.1
1034, 0.0
1035, 0.0
1036, 0.4
1037, 0.1
1038, 0.0
1039, 0.1
1040, -0.3
1041, 0.2
1042, 0.2
1043, 0.0
1044, 0.2
1045, 0.1
1046, 0.0
1047, 0.0
1048, 0.2
1049, -0.2
1050, 0.2
1051, -0.1
1052, -0.2
1053, -0.2
1054, 0.2
1055, 0.5
1056, 0.0
1057, -0.2
1058, 0.2
1059, 0.0
1060, -0.2
1061, 0.2
1062, 0.0
1063, -0.5
1064, -0.4
1065, 0.1
1066, 0.0
1067, -0.1
1068, -0.1
1069, 0.0
1070, 0.2
1071, 0.0
1072, 0.2
1073, -0.1
1074, -0.4
1075, 0.1
1076, -0.4
1077, 0.0
1078, 0.1
1079, 0.0
1080, 0.4
1081, -0.2
1082, -0.4
1083, 0.2
1084, 0.4
1085, 0.3
1086, 0.0
1087, 0.0
1088, 0.2
1089, 0.2
1090, -0.5
1091, 0.0
1092, 0.1
1093, 0.4
1094, 0.5
1095, -0.1
1096, -0.4
1097, 0.3
1098, -0.1
1099, -0.1
1100, -0.1
1101, 0.0
1102, 0.0
1103, -0.4
1104, -0.2
1105, 0.4
1106, 0.0
1107, -0.2
1108, 0.0
1109, -0.5
1110, 0.0
1111, 0.0
1112, -0.1
1113, 0.2
1114, 0.1
1115, 0.1
1116, 0.0
1117, -0.2
1118, 0.0
1119, -0.4
1120, 0.0
1121, -0.1
1122, -0.3
1123, -0.1
1124, 0.1
1125, 0.0
1126, 0.0
1127, 0.0
1128, -0.3
1129, 0.2
1130, 0.3
1131, 0.1
1132, 0.0
1133, 0.0
1134, 0.1
1135, -0.3
1136, 0.1
1137, -0.2
1138, -0.4
1139, -0.3
1140, -0.2
1141, 0.1
1142, -0.2
1143, 0.3
1144, 0.3
1145, -0.1
1146, 0.1
1147, 0.4
1148, 0.0
1149, 0.1
1150, -0.2
1151, -0.1
1152, 0.1
1153, 0.0
1154, 0.0
1155, -0.1
1156, 0.2
1157, 0.1
1158, 0.2
1159, -0.1
1160, -0.1
1161, 0.0
1162, 0.1
1163, 0.1
1164, -0.1
1165, 0.3
1166, 0.2
1167, -0.1
1168, -0.2
1169, 0.3
1170, 0.5
1171, 0.1
1172, 0.3
1173, -0.3
1174, 0.1
1175, 0.3
1176, 0.0
1177, -0.1
1178, -0.3
1179, 0.0
1180, 0.2
1181, 0.1
1182, -0.1
1183, -0.1
1184, -0.2
1185, -0.1
1186, -0.2
1187, -0.1
1188, -0.2
1189, 0.2
1190, -0.1
1191, -0.3
1192, 0.1
1193, 0.0
1194, 0.1
1195, 0.0
1196, 0.2
1197, -0.2
1198, 0.1
1199, 0.2
1200, -0.1
1201, 0.0
1202, -0.4
1203, -0.1
1204, -0.3
1205, -0.1
1206, 0.0
1207, 0.3
1208, 0.3
1209, 0.2
1210, -0.2
1211, 0.2
1212, 0.0
1213, 0.2
1214, -0.1
1215, -0.1
1216, -0.1
1217, -0.2
1218, 0.0
1219, -0.1
1220, 0.0
1221, 0.0
1222, 0.0
1223, -0.2
1224, 0.2
1225, -0.2
1226, -0.2
1227, 0.4
1228, 0.0
1229, 0.0
1230, 0.4
1231, 0.0
1232, -0.3
1233, -0.1
1234, -0.2
1235, 0.5
1236, 0.2
1237, 0.1
1238, 0.0
1239, 0.5
1240, -0.1
1241, 0.3
1242, -0.2
1243, 0.3
1244, -0.6
1245, -0.3
1246, 0.0
1247, -0.4
1248, 0.0
1249, -0.1
1250, 0.0
1251, -0.7
1252, 0.1
1253, 0.0
1254, -0.5
1255, 0.0
1256, 0.3
1257, 0.2
1258, -0.4
1259, 0.3
1260, 0.3
1261, 0.0
1262, -0.3
1263, 0.0
1264, 0.1
1265, 0.4
1266, -0.3
1267, -0.3
1268, -0.4
1269, 0.0
1270, -0.1
1271, 0.2
1272, 0.0
1273, 0.1
1274, 0.1
1275, -0.3
1276, 0.0
1277, -0.2
1278, 0.3
1279, 0.0
1280, 0.1
1281, 0.0
1282, -0.3
1283, 0.0
1284, -0.1
1285, -0.2
1286, -0.4
1287, -0.1
1288, 0.2
1289, 0.3
1290, -0.2
1291, -0.3
1292, 0.1
1293, 0.0
1294, -0.2
1295, 0.3
1296, -0.4
1297, -0.3
1298, -0.2
1299, -0.1
1300, 0.0
1301, 0.1
1302, 0.3
1303, -0.1
1304, 0.2
1305, 0.2
1306, 0.1
1307, 0.2
1308, -0.1
1309, 0.0
1310, 0.1
1311, 0.2
1312, -0.1
1313, 0.2
1314, 0.1
1315, -0.2
1316, -0.1
1317, -0.3
1318, 0.1
1319, 0.1
1320, -0.2
1321, 0.0
1322, 0.0
1323, -0.4
1324, 0.4
1325, -0.1
1326, 0.1
1327, -0.2
1328, 0.3
1329, 0.0
1330, -0.2
1331, 0.2
1332, -0.2
1333, -0.1
1334, -0.3
1335, 0.1
1336, 0.3
1337, 0.0
1338, 0.1
1339, 0.1
1340, 0.2
1341, -0.1
1342, -0.1
1343, 0.2
1344, -0.1
1345, -0.2
1346, -0.1
1347, 0.0
1348, -0.2
1349, 0.0
1350, -0.2
1351, -0.1
1352, 0.1
1353, -0.1
1354, -0.2
1355, 0.2
1356, 0.2
1357, 0.2
1358, 0.2
1359, 0.0
1360, 0.0
1361, 0.2
1362, -0.2
1363, -0.1
1364, 0.3
1365, -0.1
1366, 0.0
1367, -0.3
1368, -0.1
1369, 0.0
1370, 0.2
1371, 0.2
1372, 0.0
1373, 0.2
1374, 0.2
1375, 0.2
1376, 0.1
1377, -0.1
1378, 0.0
1379, 0.0
1380, 0.0
1381, 0.0
1382, 0.0
1383, 0.0
1384, 0.1
1385, -0.1
1386, 0.2
1387, 0.0
1388, 0.0
1389, 0.1
1390, -0.1
1391, 0.1
1392, 0.0
1393, -0.2
1394, -0.3
1395, 0.0
1396, -0.3
1397, 0.1
1398, 0.3
1399, 0.0
1400, 0.2
1401, -0.4
1402, 0.2
1403, 0.3
1404, -0.2
1405, -0.1
1406, 0.2
1407, 0.1
1408, -0.3
1409, 0.0
1410, 0.3
1411, -0.1
1412, 0.3
1413, 0.1
1414, -0.3
1415, 0.2
1416, 0.3
1417, 0.2
1418, 0.1
1419, -0.1
1420, -0.4
1421, -0.3
1422, 0.0
1423, -0.1
1424, -0.3
1425, -0.3
1426, 0.2
1427, 0.2
1428, -0.2
1429, -0.4
1430, 0.5
1431, 0.3
1432, 0.3
1433, 0.4
1434, 0.0
1435, 0.4
1436, -0.2
1437, 0.2
1438, -0.1
1439, 0.0
1440, -0.1
1441, -0.2
1442, -0.1
1443, -0.2
1444, 0.1
1445, 0.1
1446, 0.2
1447, -0.3
1448, 0.3
1449, -0.1
1450, 0.1
1451, -0.2
1452, 0.1
1453, 0.0
1454, 0.0
1455, 0.1
1456, -0.2
1457, -0.2
1458, 0.0
1459, 0.4
1460, 0.3
1461, 0.1
1462, 0.2
1463, 0.3
1464, -0.2
1465, 0.2
1466, -0.2
1467, 0.0
1468, -0.1
1469, 0.1
1470, 0.0
1471, -0.2
1472, -0.5
1473, 0.2
1474, 0.0
1475, 0.1
1476, 0.3
1477, 0.3
1478, -0.1
1479, 0.1
1480, 0.1
1481, -0.2
1482, -0.6
1483, -0.3
1484, 0.1
1485, 0.5
1486, -0.1
1487, 0.1
1488, 0.4
1489, 0.0
1490, 0.3
1491, -0.3
1492, 0.3
1493, 0.2
1494, 0.2
1495, 0.2
1496, -0.1
1497, 0.1
1498, 0.1
1499, -0.2
1500, 0.1
1501, 0.1
1502, -0.2
1503, 0.0
1504, 0.0
1505, 0.2
1506, 0.2
1507, 0.0
1508, -0.3
1509, -0.3
1510, 0.1
1511, 0.4
1512, -0.1
1513, -0.1
1514, 0.0
1515, 0.2
1516, 0.2
1517, 0.1
1518, -0.5
1519, 0.0
1520, 0.2
1521, 0.1
1522, 0.4
1523, 0.0
1524, 0.5
1525, -0.1
1526, 0.2
1527, 0.3
1528, -0.2
1529, -0.2
1530, -0.1
1531, 0.1
1532, 0.2
1533, 0.4
1534, 0.2
1535, 0.5
1536, 0.1
1537, 0.2
1538, 0.0
1539, 0.3
1540, 0.2
1541, 0.1
1542, -0.2
1543, 0.0
1544, 0.1
1545, -0.2
1546, -0.2
1547, -0.2
1548, 0.0
1549, -0.2
1550, 0.2
1551, -0.1
1552, -0.1
1553, 0.1
1554, 0.3
1555, 0.4
1556, -0.1
1557, 0.1
1558, -0.2
1559, 0.3
1560, -0.3
1561, 0.0
1562, 0.1
1563, 0.1
1564, 0.0
1565, 0.3
1566, -0.4
1567, -0.2
1568, 0.1
1569, -0.3
1570, -0.6
1571, -0.4
1572, 0.1
1573, 0.0
1574, -0.1
1575, 0.0
1576, -0.1
1577, 0.0
1578, 0.2
1579, 0.1
1580, 0.0
1581, 0.0
1582, 0.0
1583, 0.1
1584, 0.2
1585, -0.2
1586, 0.0
1587, 0.1
1588, -0.2
1589, 0.0
1590, 0.1
1591, -0.1
1592, 0.2
1593, -0.2
1594, -0.1
1595, 0.1
1596, 0.1
1597, 0.2
1598, 0.2
1599, 0.0
1600, 0.3
1601, -0.2
1602, 0.2
1603, 0.2
1604, 0.2
1605, 0.1
1606, 0.2
1607, 0.3
1608, 0.3
1609, 0.1
1610, 0.0
1611, -0.3
1612, 0.1
1613, 0.1
1614, -0.4
1615, -0.2
1616, 0.1
1617, 0.3
1618, 0.3
1619, -0.2
1620, -0.2
1621, 0.0
1622, -0.1
1623, -0.1
1624, 0.2
1625, 0.1
1626, 0.0
1627, -0.1
1628, -0.1
1629, 0.2
1630, 0.1
1631, 0.3
1632, -0.1
1633, 0.0
1634, -0.1
1635, 0.0
1636, 0.1
1637, -0.2
1638, -0.3
1639, -0.2
1640, 0.1
1641, -0.1
1642, 0.1
1643, 0.2
1644, 0.0
1645, 0.0
1646, 0.1
1647, 0.0
1648, 0.0
1649, -0.2
1650, -0.3
1651, 0.3
1652, -0.1
1653, 0.4
1654, 0.1
1655, -0.1
1656, -0.3
1657, -0.2
1658, -0.3
1659, -0.4
1660, 0.1
1661, 0.0
1662, -0.3
1663, 0.3
1664, -0.3
1665, -0.1
1666, 0.1
1667, -0.6
1668, 0.3
1669, -0.1
1670, -0.2
1671, -0.3
1672, 0.2
1673, 0.3
1674, 0.1
1675, -0.3
1676, -0.2
1677, -0.1
1678, 0.3
1679, -0.2
1680, 0.0
1681, -0.4
1682, -0.1
1683, 0.0
1684, 0.0
1685, -0.1
1686, -0.4
1687, 0.1
1688, 0.2
1689, -0.1
1690, -0.1
1691, 0.1
1692, -0.4
1693, 0.0
1694, 0.2
1695, 0.1
1696, -0.1
1697, -0.2
1698, 0.1
1699, 0.2
1700, 0.4
1701, -0.1
1702, -0.2
1703, -0.1
1704, -0.1
1705, 0.1
1706, 0.1
1707, 0.0
1708, 0.2
1709, -0.5
1710, 0.0
1711, -0.1
1712, 0.1
1713, -0.1
1714, 0.0
1715, -0.2
1716, -0.3
1717, 0.2
1718, -0.3
1719, -0.2
1720, 0.2
1721, -0.1
1722, -0.1
1723, -0.4
1724, -0.2
1725, 0.1
1726, 0.3
1727, 0.0
1728, 0.5
1729, 0.0
1730, 0.0
1731, -0.1
1732, 0.1
1733, 0.2
1734, 0.2
1735, -0.1
1736, 0.1
1737, 0.1
1738, 0.1
1739, 0.1
1740, 0.4
1741, 0.0
1742, -0.3
1743, -0.2
1744, 0.1
1745, -0.2
1746, -0.2
1747, 0.2
1748, 0.0
1749, 0.3
1750, -0.4
1751, -0.1
1752, 0.0
1753, -0.5
1754, 0.0
1755, -0.1
1756, -0.2
1757, 0.5
1758, 0.1
1759, -0.3
1760, 0.1
1761, 0.2
1762, -0.1
1763, -0.4
1764, 0.1
1765, 0.3
1766, 0.0
1767, -0.2
1768, 0.2
1769, 0.0
1770, 0.2
1771, 0.4
1772, -0.1
1773, 0.0
1774, -0.3
1775, 0.1
1776, 0.3
1777, -0.1
1778, -0.3
1779, -0.3
1780, 0.1
1781, 0.1
1782, 0.0
1783, -0.2
1784, -0.1
1785, 0.2
1786, 0.3
1787, -0.2
1788, 0.1
1789, 0.0
1790, 0.0
1791, -0.2
1792, 0.3
1793, -0.1
1794, 0.0
1795, 0.1
1796, -0.3
1797, 0.4
1798, 0.3
1799, -0.1
1800, 0.0
1801, 0.1
1802, -0.5
1803, 0.1
1804, 0.4
1805, 0.1
1806, 0.0
1807, -0.1
1808, 0.0
1809, 0.3
1810, 0.0
1811, -0.4
1812, -0.3
1813, 0.1
1814, 0.3
1815, -0.2
1816, 0.2
1817, -0.1
1818, -0.2
1819, 0.3
1820, 0.1
1821, 0.4
1822, -0.3
1823, -0.1
1824, 0.0
1825, 0.4
1826, 0.3
1827, 0.1
1828, -0.1
1829, -0.2
1830, 0.1
1831, 0.0
1832, 0.3
1833, -0.4
1834, -0.3
1835, -0.3
1836, -0.3
1837, -0.1
1838, 0.0
1839, 0.0
1840, 0.1
1841, -0.2
1842, -0.5
1843, 0.2
1844, 0.0
1845, -0.1
1846, -0.3
1847, 0.2
1848, -0.2
1849, -0.1
1850, -0.2
1851, -0.1
1852, -0.1
1853, 0.2
1854, 0.0
1855, -0.2
1856, -0.1
1857, 0.0
1858, -0.1
1859, -0.1
1860, 0.1
1861, -0.1
1862, 0.1
1863, 0.2
1864, -0.1
1865, 0.2
1866, -0.1
1867, 0.1
1868, 0.1
1869, 0.2
1870, -0.1
1871, 0.1
1872, 0.0
1873, 0.0
1874, 0.0
1875, -0.2
1876, 0.2
1877, -0.1
1878, 0.3
1879, 0.2
1880, -0.6
1881, 0.1
1882, 0.2
1883, 0.3
1884, 0.0
1885, 0.1
1886, 0.2
1887, -0.1
1888, -0.3
1889, 0.0
1890, 0.2
1891, -0.2
1892, -0.1
1893, -0.2
1894, 0.1
1895, -0.1
1896, -0.2
1897, 0.1
1898, 0.3
1899, -0.2
1900, 0.0
1901, 0.0
1902, 0.1
1903, 0.2
1904, -0.3
1905, 0.0
1906, 0.2
1907, -0.4
1908, -0.1
1909, -0.2
1910, 0.2
1911, 0.3
1912, -0.1
1913, 0.2
1914, -0.2
1915, 0.1
1916, 0.3
1917, -0.2
1918, -0.4
1919, 0.3
1920, 0.1
1921, -0.1
1922, 0.5
1923, 0.1
1924, 0.0
1925, -0.2
1926, 0.1
1927, -0.1
1928, -0.1
1929, 0.0
1930, -0.1
1931, -0.3
1932, 0.2
1933, -0.1
1934, -0.3
1935, -0.4
1936, 0.0
1937, 0.4
1938, -0.2
1939, 0.0
1940, 0.2
1941, 0.1
1942, 0.1
1943, -0.1
1944, -0.2
1945, -0.2
1946, 0.3
1947, 0.2
1948, 0.2
1949, -0.1
1950, 0.1
1951, 0.3
1952, 0.0
1953, -0.5
1954, 0.2
1955, -0.2
1956, -0.1
1957, 0.1
1958, 0.0
1959, 0.0
1960, -0.1
1961, 0.4
1962, 0.0
1963, -0.1
1964, 0.3
1965, 0.2
1966, 0.0
1967, -0.4
1968, 0.1
1969, 0.1
1970, -0.1
1971, 0.3
1972, -0.3
1973, 0.1
1974, 0.2
1975, -0.2
1976, 0.1
1977, 0.1
1978, 0.1
1979, 0.3
1980, -0.2
1981, 0.1
1982, 0.0
1983, -0.1
1984, 0.0
1985, -0.6
1986, 0.0
1987, -0.1
1988, 0.4
1989, 0.1
1990, 0.0
1991, -0.2
1992, 0.3
1993, 0.0
1994, 0.3
1995, -0.3
1996, 0.5
1997, 0.0
1998, 0.1
1999, 0.1
2000, 0.4
2001, 0.2
2002, -0.3
2003, 0.3
2004, -0.1
2005, 0.1
2006, 0.0
2007, -0.1
2008, 0.2
2009, -0.1
2010, 0.2
2011, 0.2
2012, -0.1
2013, -0.2
2014, 0.2
2015, -0.2
2016, -0.1
2017, 0.0
2018, -0.2
2019, 0.2
2020, -0.1
2021, 0.1
2022, -0.1
2023, -0.2
2024, 0.2
2025, -0.2
2026, 0.3
2027, 0.1
2028, 0.1
2029, 0.1
2030, -0.1
2031, -0.1
2032, 0.2
2033, 0.0
2034, 0.1
2035, -0.3
2036, 0.0
2037, 0.1
2038, 0.2
2039, 0.4
2040, 0.5
2041, 0.3
2042, 0.1
2043, 0.1
2044, 0.0
2045, -0.4
2046, -0.2
2047, -0.4
2048, 0.1
2049, -0.3
2050, 0.0
2051, 0.2
2052, 0.1
2053, 0.1
2054, 0.1
2055, 0.1
2056, 0.1
2057, 0.2
2058, -0.1
2059, 0.1
2060, 0.1
2061, 0.0
2062, 0.0
2063, 0.1
2064, -0.1
2065, 0.2
2066, 0.0
2067, 0.0
2068, 0.2
2069, -0.1
2070, 0.5
2071, -0.2
2072, 0.0
2073, -0.4
2074, 0.0
2075, 0.0
2076, -0.4
2077, -0.1
2078, 0.2
2079, 0.3
2080, 0.2
2081, 0.2
2082, -0.1
2083, 0.1
2084, 0.0
2085, 0.1
2086, -0.1
2087, -0.2
2088, 0.0
2089, 0.0
2090, 0.0
2091, 0.1
2092, 0.0
2093, -0.2
2094, 0.2
2095, -0.3
2096, 0.4
2097, 0.0
2098, -0.1
2099, 0.4
2100, 0.1
2101, 0.3
2102, -0.1
2103, -0.1
2104, 0.2
2105, 0.0
2106, 0.4
2107, -0.4
2108, 0.4
2109, 0.2
2110, -0.1
2111, -0.2
2112, -0.1
2113, -0.2
2114, 0.2
2115, 0.0
2116, 0.2
2117, 0.2
2118, -0.5
2119, 0.2
2120, 0.4
2121, 0.1
2122, 0.1
2123, -0.4
2124, -0.3
2125, 0.0
2126, 0.0
2127, 0.1
2128, -0.5
2129, 0.0
2130, -0.2
2131, -0.1
2132, -0.2
2133, 0.0
2134, 0.0
2135, 0.0
2136, 0.0
2137, 0.2
2138, 0.2
2139, -0.1
2140, 0.3
2141, -0.1
2142, -0.2
2143, 0.0
2144, -0.3
2145, 0.0
2146, -0.1
2147, -0.1
2148, 0.0
2149, 0.3
2150, -0.1
2151, 0.1
2152, -0.1
2153, 0.1
2154, -0.2
2155, 0.1
2156, -0.1
2157, 0.0
2158, 0.0
2159, -0.2
2160, 0.1
2161, 0.3
2162, -0.1
2163, 0.3
2164, -0.1
2165, -0.1
2166, 0.2
2167, 0.0
2168, -0.3
2169, 0.2
2170, -0.4
2171, 0.0
2172, 0.3
2173, 0.0
2174, 0.3
2175, 0.2
2176, 0.0
2177, -0.4
2178, 0.5
2179, 0.2
2180, 0.1
2181, -0.2
2182, 0.4
2183, 0.1
2184, 0.3
2185, 0.0
2186, 0.2
2187, 0.1
2188, 0.0
2189, 0.2
2190, 0.2
2191, 0.1
2192, -0.3
2193, -0.1
2194, 0.3
2195, 0.3
2196, -0.1
2197, -0.1
2198, -0.3
2199, -0.2
2200, -0.1
2201, 0.0
2202, 0.3
2203, 0.1
2204, -0.2
2205, -0.2
2206, 0.3
2207, 0.3
2208, 0.0
2209, 0.0
2210, 0.2
2211, 0.5
2212, -0.2
2213, 0.0
2214, -0.3
2215, 0.1
2216, 0.2
2217, 0.1
2218, 0.0
2219, 0.3
2220, 0.2
2221, -0.3
2222, 0.3
2223, -0.5
2224, 0.0
2225, 0.1
2226, 0.3
2227, 0.2
2228, 0.3
2229, 0.1
2230, 0.1
2231, -0.2
2232, -0.6
2233, -0.2
2234, 0.1
2235, 0.4
2236, -0.1
2237, 0.1
2238, -0.2
2239, -0.1
2240, 0.3
2241, 0.0
2242, 0.5
2243, 0.0
2244, -0.1
2245, -0.2
2246, -0.3
2247, 0.2
2248, 0.0
2249, 0.3
2250, 0.0
2251, 0.0
2252, 0.0
2253, 0.2
2254, 0.3
2255, -0.9
2256, -0.1
2257, -0.2
2258, -0.2
2259, 0.2
2260, -0.2
2261, -0.1
2262, 0.2
2263, 0.1
2264, -0.2
2265, -0.2
2266, -0.5
2267, -0.1
2268, 0.0
2269, 0.2
2270, -0.4
2271, 0.3
2272, 0.1
2273, 0.0
2274, -0.2
2275, -0.2
2276, 0.0
2277, 0.3
2278, 0.0
2279, 0.4
2280, -0.1
2281, 0.2
2282, 0.3
2283, -0.1
2284, -0.3
2285, -0.4
2286, -0.1
2287, 0.3
2288, 0.5
2289, 0.0
2290, 0.0
2291, 0.0
2292, -0.3
2293, 0.1
2294, 0.1
2295, 0.0
2296, -0.1
2297, -0.3
2298, 0.2
2299, 0.0
2300, -0.2
2301, 0.2
2302, -0.2
2303, -0.2
2304, 0.0
2305, -0.3
2306, 0.2
2307, -0.1
2308, 0.3
2309, 0.1
2310, -0.1
2311, 0.3
2312, -0.6
2313, -0.3
2314, 0.2
2315, -0.3
2316, -0.2
2317, 0.1
2318, -0.3
2319, 0.0
2320, 0.1
2321, 0.0
2322, 0.0
2323, -0.1
2324, 0.1
2325, 0.2
2326, -0.1
2327, -0.3
2328, -0.2
2329, -0.2
2330, 0.0
2331, 0.1
2332, -0.3
2333, -0.3
2334, 0.2
2335, 0.0
2336, 0.0
2337, 0.1
2338, -0.3
2339, 0.0
2340, -0.4
2341, 0.2
2342, -0.1
2343, 0.3
2344, 0.2
2345, 0.0
2346, -0.3
2347, 0.0
2348, -0.2
2349, -0.1
2350, -0.2
2351, 0.2
2352, -0.1
2353, 0.3
2354, -0.1
2355, -0.1
2356, 0.1
2357, -0.2
2358, -0.1
2359, -0.1
2360, 0.0
2361, -0.2
2362, -0.5
2363, 0.1
2364, -0.2
2365, 0.2
2366, 0.1
2367, -0.2
2368, 0.1
2369, -0.2
2370, 0.2
2371, 0.3
2372, 0.2
2373, 0.1
2374, -0.1
2375, 0.1
2376, 0.2
2377, 0.1
2378, 0.3
2379, -0.4
2380, 0.0
2381, 0.4
2382, -0.3
2383, -0.1
2384, 0.1
2385, -0.2
2386, 0.1
2387, 0.0
2388, 0.1
2389, -0.1
2390, -0.1
2391, 0.2
2392, -0.2
2393, 0.0
2394, 0.3
2395, -0.1
2396, 0.0
2397, 0.3
2398, -0.2
2399, -0.3
2400, -0.3
2401, 0.1
2402, -0.3
2403, -0.2
2404, 0.0
2405, 0.0
2406, 0.3
2407, -0.1
2408, 0.3
2409, -0.3
2410, 0.1
2411, 0.0
2412, 0.0
2413, 0.0
2414, -0.1
2415, -0.4
2416, 0.0
2417, 0.3
2418, 0.1
2419, 0.2
2420, -0.1
2421, -0.3
2422, -0.2
2423, 0.2
2424, 0.3
2425, 0.0
2426, 0.1
2427, 0.4
2428, 0.1
2429, 0.2
2430, 0.1
2431, 0.2
2432, -0.5
2433, 0.0
2434, 0.3
2435, -0.1
2436, 0.2
2437, 0.2
2438, 0.1
2439, 0.3
2440, -0.1
2441, 0.0
2442, 0.1
2443, 0.0
2444, 0.3
2445, 0.0
2446, 0.1
2447, 0.3
2448, 0.2
2449, -0.1
2450, -0.1
2451, 0.1
2452, 0.2
2453, -0.1
2454, 0.1
2455, 0.2
2456, 0.0
2457, 0.0
2458, 0.2
2459, -0.2
2460, -0.1
2461, 0.1
2462, 0.2
2463, 0.1
2464, -0.1
2465, 0.1
2466, 0.1
2467, 0.0
2468, 0.2
2469, -0.1
2470, 0.0
2471, 0.3
2472, -0.1
2473, 0.1
2474, 0.2
2475, -0.2
2476, 0.0
2477, 0.2
2478, 0.2
2479, 0.1
2480, 0.0
2481, -0.2
2482, 0.2
2483, 0.4
2484, 0.1
2485, -0.1
2486, 0.1
2487, 0.1
2488, 0.1
2489, -0.1
2490, 0.0
2491, 0.4
2492, 0.1
2493, 0.0
2494, 0.0
2495, 0.1
2496, -0.3
2497, -0.1
2498, 0.0
2499, 0.2
2500, -0.6
2501, 0.2
2502, 0.0
2503, -0.1
2504, -0.1
2505, 0.1
2506, -0.4
2507, -0.3
2508, -0.2
2509, 0.2
2510, 0.0
2511, 0.0
2512, 0.0
2513, 0.1
2514, -0.1
2515, 0.0
2516, -0.1
2517, -0.1
2518, 0.0
2519, 0.3
2520, 0.0
2521, 0.0
2522, 0.1
2523, -0.3
2524, 0.2
2525, -0.3
2526, -0.3
2527, -0.3
2528, -0.2
2529, 0.1
2530, 0.0
2531, 0.0
2532, 0.1
2533, 0.0
2534, 0.1
2535, -0.2
2536, 0.3
2537, 0.2
2538, 0.0
2539, 0.2
2540, -0.2
2541, 0.1
2542, 0.1
2543, 0.2
2544, 0.1
2545, 0.2
2546, 0.3
2547, 0.1
2548, -0.1
2549, -0.2
2550, 0.0
2551, -0.4
2552, -0.1
2553, -0.3
2554, -0.1
2555, 0.1
2556, 0.1
2557, -0.1
2558, 0.2
2559, 0.1
2560, -0.2
2561, -0.2
2562, -0.2
2563, 0.2
2564, 0.2
2565, -0.2
2566, 0.0
2567, -0.5
2568, -0.4
2569, 0.0
2570, -0.3
2571, 0.0
2572, 0.3
2573, 0.1
2574, 0.3
2575, 0.3
2576, -0.1
2577, -0.3
2578, 0.1
2579, 0.2
2580, 0.4
2581, -0.2
2582, 0.1
2583, -0.2
2584, -0.1
2585, -0.1
2586, -0.2
2587, 0.2
2588, -0.4
2589, -0.3
2590, 0.0
2591, -0.5
2592, 0.0
2593, 0.1
2594, -0.2
2595, 0.0
2596, -0.3
2597, -0.1
2598, -0.2
2599, 0.2
2600, 0.2
2601, 0.1
2602, 0.2
2603, -0.1
2604, -0.6
2605, 0.3
2606, -0.2
2607, -0.3
2608, -0.1
2609, 0.2
2610, 0.2
2611, 0.0
2612, -0.1
2613, -0.2
2614, -0.1
2615, 0.0
2616, -0.2
2617, 0.4
2618, -0.1
2619, -0.2
2620, 0.0
2621, 0.0
2622, 0.1
2623, 0.0
2624, 0.2
2625, 0.2
2626, 0.4
2627, 0.4
2628, 0.3
2629, -0.3
2630, 0.1
2631, -0.1
2632, 0.2
2633, 0.0
2634, 0.0
2635, -0.3
2636, 0.1
2637, -0.6
2638, -0.1
2639, -0.2
2640, 0.0
2641, 0.1
2642, 0.2
2643, -0.1
2644, 0.0
2645, -0.3
2646, -0.1
2647, -0.1
2648, 0.1
2649, -0.1
2650, -0.3
2651, 0.4
2652, -0.1
2653, -0.2
2654, -0.2
2655, -0.1
2656, 0.4
2657, 0.0
2658, 0.2
2659, 0.1
2660, 0.1
2661, 0.1
2662, 0.2
2663, 0.3
2664, -0.1
2665, 0.2
2666, -0.3
2667, -0.1
2668, 0.0
2669, 0.1
2670, 0.1
2671, 0.2
2672, 0.0
2673, 0.1
2674, 0.2
2675, -0.2
2676, 0.3
2677, 0.1
2678, 0.3
2679, 0.2
2680, -0.6
2681, 0.0
2682, -0.2
2683, -0.2
2684, 0.3
2685, 0.1
2686, -0.2
2687, 0.0
2688, -0.2
2689, 0.3
2690, 0.4
2691, 0.1
2692, 0.1
2693, -0.4
2694, 0.0
2695, 0.1
2696, 0.1
2697, 0.4
2698, -0.2
2699, -0.4
2700, 0.3
2701, 0.3
2702, -0.3
2703, 0.0
2704, 0.3
2705, 0.2
2706, 0.2
2707, 0.0
2708, 0.0
2709, 0.3
2710, 0.0
2711, 0.3
2712, -0.1
2713, -0.3
2714, -0.3
2715, 0.1
2716, -0.3
2717, -0.2
2718, -0.1
2719, 0.2
2720, 0.3
2721, -0.1
2722, 0.0
2723, -0.1
2724, 0.3
2725, 0.3
2726, 0.3
2727, 0.2
2728, -0.2
2729, -0.1
2730, -0.1
2731, -0.3
2732, -0.1
2733, -0.1
2734, 0.1
2735, -0.3
2736, -0.2
2737, 0.1
2738, 0.0
2739, -0.2
2740, 0.3
2741, 0.1
2742, -0.4
2743, 0.0
2744, -0.1
2745, -0.2
2746, -0.4
2747, 0.1
2748, -0.2
2749, -0.1
2750, 0.0
2751, -0.3
2752, 0.0
2753, 0.2
2754, 0.0
2755, -0.5
2756, -0.1
2757, 0.2
2758, 0.1
2759, 0.1
2760, -0.4
2761, -0.4
2762, -0.1
2763, -0.4
2764, 0.4
2765, -0.1
2766, 0.0
2767, 0.0
2768, 0.4
2769, -0.4
2770, -0.1
2771, 0.0
2772, 0.0
2773, 0.3
2774, 0.1
2775, 0.2
2776, -0.1
2777, -0.2
2778, -0.1
2779, -0.1
2780, 0.1
2781, -0.1
2782, 0.0
2783, 0.0
2784, -0.2
2785, -0.1
2786, 0.3
2787, 0.0
2788, 0.2
2789, -0.3
2790, 0.2
2791, -0.3
2792, -0.5
2793, 0.0
2794, 0.2
2795, 0.1
2796, -0.1
2797, -0.1
2798, 0.1
2799, 0.1
2800, 0.0
2801, -0.2
2802, 0.1
2803, 0.2
2804, 0.1
2805, -0.3
2806, 0.2
2807, 0.3
2808, -0.2
2809, 0.3
2810, 0.0
2811, -0.3
2812, 0.0
2813, 0.0
2814, 0.2
2815, 0.0
2816, 0.1
2817, -0.4
2818, -0.2
2819, -0.3
2820, 0.0
2821, 0.2
2822, 0.1
2823, 0.0
2824, 0.1
2825, -0.2
2826, -0.2
2827, 0.2
2828, -0.1
2829, -0.1
2830, 0.2
2831, -0.1
2832, 0.1
2833, 0.3
2834, 0.0
2835, 0.3
2836, 0.3
2837, -0.1
2838, 0.2
2839, -0.1
2840, 0.3
2841, 0.0
2842, -0.1
2843, -0.3
2844, 0.2
2845, 0.0
2846, 0.1
2847, 0.0
2848, 0.3
2849, -0.6
2850, -0.1
2851, 0.0
2852, 0.1
2853, 0.2
2854, 0.1
2855, 0.0
2856, -0.1
2857, -0.4
2858, 0.1
2859, 0.1
2860, 0.1
2861, 0.1
2862, -0.2
2863, 0.0
2864, 0.1
2865, 0.0
2866, -0.2
2867, 0.1
2868, 0.1
2869, -0.3
2870, 0.0
2871, 0.0
2872, 0.2
2873, -0.2
2874, -0.4
2875, 0.1
2876, 0.2
2877, 0.1
2878, 0.0
2879, 0.2
2880, -0.5
2881, 0.3
2882, 0.1
2883, 0.0
2884, 0.0
2885, 0.1
2886, 0.0
2887, 0.1
2888, -0.1
2889, -0.2
2890, -0.3
2891, -0.1
2892, -0.2
2893, 0.0
2894, 0.0
2895, 0.0
2896, -0.3
2897, 0.0
2898, 0.4
2899, 0.3
2900, 0.5
2901, 0.0
2902, -0.3
2903, 0.0
2904, 0.3
2905, -0.3
2906, 0.0
2907, -0.1
2908, 0.1
2909, 0.3
2910, 0.0
2911, -0.1
2912, -0.2
2913, 0.2
2914, -0.2
2915, 0.2
2916, -0.3
2917, 0.2
2918, 0.0
2919, -0.3
2920, 0.3
2921, 0.1
2922, -0.1
2923, 0.0
2924, 0.2
2925, 0.2
2926, 0.1
2927, 0.5
2928, 0.0
2929, -0.1
2930, -0.3
2931, -0.3
2932, 0.3
2933, -0.2
2934, 0.0
2935, -0.1
2936, 0.0
2937, 0.3
2938, 0.4
2939, 0.1
2940, -0.1
2941, 0.0
2942, 0.1
2943, 0.1
2944, -0.4
2945, 0.2
2946, 0.1
2947, 0.2
2948, -0.1
2949, 0.1
2950, -0.3
2951, 0.2
2952, -0.4
2953, 0.4
2954, 0.2
2955, -0.2
2956, 0.0
2957, 0.0
2958, 0.2
2959, -0.1
2960, -0.1
2961, 0.1
2962, 0.2
2963, -0.4
2964, 0.0
2965, -0.3
2966, -0.1
2967, 0.2
2968, 0.1
2969, 0.1
2970, -0.4
2971, -0.5
2972, 0.3
2973, -0.1
2974, 0.3
2975, 0.2
2976, 0.1
2977, 0.3
2978, -0.2
2979, -0.1
2980, 0.0
2981, 0.0
2982, 0.0
2983, -0.3
2984, -0.1
2985, 0.0
2986, 0.2
2987, -0.1
2988, -0.2
2989, 0.3
2990, -0.2
2991, 0.1
2992, -0.5
2993, -0.2
2994, -0.3
2995, 0.2
2996, -0.3
2997, 0.2
2998, 0.0
2999, 0.1
3000, 0.2
3001, -0.1
3002, 0.2
3003, -0.1
3004, 0.0
3005, 0.1
3006, 0.3
3007, -0.2
3008, -0.2
3009, 0.2
3010, -0.1
3011, 0.2
3012, 0.2
3013, -0.1
3014, 0.2
3015, 0.1
3016, 0.1
3017, 0.2
3018, -0.1
3019, -0.1
3020, -0.2
3021, -0.2
3022, 0.1
3023, 0.2
3024, -0.1
3025, 0.2
3026, 0.1
3027, 0.3
3028, 0.0
3029, 0.0
3030, 0.1
3031, 0.1
3032, -0.1
3033, 0.1
3034, 0.3
3035, 0.2
3036, 0.0
3037, 0.2
3038, 0.2
3039, 0.2
3040, 0.0
3041, -0.5
3042, -0.2
3043, -0.3
3044, -0.1
3045, 0.2
3046, -0.1
3047, -0.1
3048, 0.2
3049, 0.1
3050, 0.4
3051, 0.2
3052, -0.1
3053, 0.1
3054, 0.0
3055, 0.2
3056, -0.6
3057, 0.3
3058, -0.3
3059, 0.0
3060, -0.3
3061, 0.1
3062, -0.1
3063, 0.2
3064, -0.1
3065, 0.4
3066, 0.0
3067, 0.1
3068, -0.1
3069, -0.2
3070, 0.4
3071, 0.3
3072, 0.0
3073, -0.2
3074, 0.3
3075, 0.1
3076, 0.4
3077, 0.0
3078, 0.2
3079, 0.0
3080, 0.0
3081, -0.3
3082, -0.3
3083, 0.0
3084, 0.5
3085, -0.3
3086, 0.0
3087, 0.2
3088, -0.1
3089, 0.2
3090, -0.1
3091, 0.0
3092, -0.3
3093, 0.0
3094, 0.1
3095, 0.1
3096, -0.3
3097, 0.2
3098, 0.3
3099, 0.4
3100, -0.2
3101, -0.2
3102, 0.0
3103, -0.1
3104, 0.2
3105, 0.1
3106, -0.2
3107, 0.1
3108, 0.2
3109, 0.3
3110, 0.0
3111, 0.1
3112, 0.0
3113, -0.3
3114, 0.4
3115, 0.3
3116, -0.1
3117, -0.3
3118, 0.2
3119, 0.3
3120, 0.1
3121, 0.2
3122, 0.1
3123, 0.2
3124, 0.1
3125, 0.2
3126, 0.0
3127, -0.1
3128, 0.1
3129, 0.4
3130, 0.0
3131, 0.1
3132, -0.1
3133, -0.3
3134, 0.5
3135, 0.2
3136, 0.3
3137, -0.4
3138, 0.2
3139, -0.2
3140, -0.1
3141, -0.3
3142, 0.2
3143, -0.3
3144, 0.0
3145, -0.1
3146, 0.5
3147, 0.0
3148, 0.1
3149, -0.1
3150, 0.0
3151, 0.1
3152, -0.5
3153, -0.1
3154, 0.2
3155, -0.3
3156, -0.2
3157, -0.3
3158, 0.3
3159, -0.3
3160, -0.3
3161, -0.2
3162, 0.1
3163, 0.2
3164, -0.2
3165, 0.1
3166, 0.0
3167, 0.1
3168, 0.2
3169, 0.0
3170, -0.1
3171, 0.0
3172, -0.4
3173, 0.3
3174, 0.1
3175, -0.5
3176, -0.1
3177, 0.2
3178, -0.3
3179, 0.3
3180, -0.1
3181, 0.3
3182, 0.2
3183, 0.2
3184, -0.1
3185, 0.2
3186, 0.1
3187, 0.0
3188, -0.2
3189, -0.3
3190, 0.2
3191, 0.0
3192, 0.3
3193, -0.3
3194, -0.2
3195, -0.2
3196, -0.5
3197, 0.0
3198, 0.1
3199, 0.2
3200, 0.1
3201, 0.2
3202, 0.3
3203, -0.3
3204, -0.3
3205, -0.3
3206, 0.0
3207, 0.0
3208, -0.2
3209, 0.1
3210, 0.1
3211, 0.2
3212, -0.5
3213, -0.3
3214, -0.2
3215, 0.1
3216, -0.2
3217, 0.3
3218, 0.0
3219, -0.4
3220, 0.0
3221, -0.1
3222, 0.2
3223, -0.2
3224, 0.1
3225, 0.1
3226, 0.2
3227, -0.1
3228, 0.0
3229, -0.3
3230, -0.1
3231, -0.1
3232, 0.2
3233, -0.4
3234, -0.3
3235, -0.3
3236, -0.2
3237, 0.1
3238, -0.4
3239, 0.3
3240, -0.1
3241, -0.2
3242, 0.2
3243, 0.1
3244, 0.2
3245, -0.2
3246, 0.1
3247, -0.1
3248, 0.2
3249, -0.3
3250, 0.3
3251, 0.0
3252, 0.0
3253, -0.2
3254, -0.1
3255, 0.2
3256, 0.0
3257, 0.0
3258, -0.1
3259, 0.1
3260, 0.2
3261, -0.4
3262, -0.1
3263, 0.1
3264, -0.2
3265, 0.3
3266, 0.2
3267, 0.0
3268, 0.0
3269, 0.2
3270, 0.1
3271, 0.1
3272, 0.0
3273, -0.1
3274, 0.0
3275, 0.2
3276, 0.4
3277, 0.2
3278, 0.0
3279, 0.2
3280, 0.2
3281, 0.1
3282, -0.1
3283, -0.1
3284, 0.3
3285, 0.0
3286, 0.2
3287, -0.1
3288, 0.5
3289, 0.3
3290, 0.4
3291, -0.2
3292, 0.0
3293, 0.1
3294, -0.1
3295, -0.2
3296, 0.2
3297, 0.1
3298, -0.4
3299, 0.1
3300, 0.1
3301, -0.2
3302, -0.4
3303, -0.2
3304, -0.1
3305, 0.3
3306, 0.0
3307, 0.2
3308, 0.5
3309, 0.4
3310, 0.0
3311, 0.2
3312, -0.1
3313, 0.2
3314, 0.0
3315, 0.1
3316, 0.1
3317, -0.1
3318, 0.4
3319, -0.5
3320, 0.2
3321, 0.1
3322, -0.3
3323, -0.1
3324, 0.1
3325, -0.2
3326, 0.0
3327, 0.2
3328, 0.1
3329, 0.1
3330, -0.1
3331, 0.0
3332, 0.1
3333, 0.0
3334, -0.3
3335, 0.1
3336, 0.0
3337, -0.2
3338, -0.1
3339, -0.2
3340, 0.0
3341, -0.1
3342, 0.1
3343, -0.3
3344, -0.1
3345, -0.1
3346, -0.1
3347, 0.1
3348, -0.6
3349, 0.0
3350, 0.0
3351, 0.4
3352, 0.1
3353, -0.1
3354, -0.2
3355, 0.2
3356, 0.3
3357, -0.3
3358, -0.5
3359, 0.0
3360, -0.1
3361, -0.3
3362, 0.2
3363, -0.1
3364, -0.3
3365, 0.0
3366, 0.1
3367, 0.0
3368, -0.5
3369, 0.1
3370, -0.2
3371, 0.0
3372, -0.3
3373, -0.1
3374, -0.3
3375, -0.1
3376, 0.2
3377, 0.0
3378, 0.1
3379, 0.2
3380, -0.1
3381, -0.2
3382, -0.2
3383, 0.2
3384, 0.0
3385, -0.3
3386, 0.1
3387, 0.2
3388, -0.3
3389, 0.0
3390, -0.2
3391, 0.3
3392, 0.1
3393, 0.3
3394, -0.2
3395, 0.2
3396, -0.1
3397, 0.0
3398, 0.0
3399, 0.4
3400, -0.1
3401, 0.3
3402, 0.3
3403, 0.1
3404, 0.0
3405, -0.5
3406, -0.2
3407, 0.0
3408, -0.2
3409, -0.2
3410, -0.1
3411, -0.4
3412, 0.1
3413, 0.2
3414, -0.4
3415, -0.3
3416, 0.0
3417, -0.1
3418, -0.1
3419, -0.5
3420, -0.2
3421, 0.0
3422, -0.5
3423, 0.3
3424, -0.3
3425, -0.1
3426, 0.3
3427, 0.1
3428, 0.2
3429, 0.1
3430, 0.0
3431, -0.2
3432, 0.3
3433, 0.3
3434, -0.2
3435, -0.4
3436, 0.1
3437, 0.2
3438, -0.2
3439, -0.4
3440, -0.2
3441, -0.2
3442, 0.3
3443, 0.1
3444, 0.2
3445, 0.0
3446, 0.2
3447, -0.2
3448, -0.1
3449, 0.0
3450, 0.1
3451, -0.3
3452, -0.3
3453, -0.3
3454, -0.3
3455, 0.1
3456, -0.1
3457, -0.2
3458, 0.3
3459, 0.1
3460, -0.2
3461, 0.0
3462, -0.2
3463, -0.7
3464, -0.6
3465, 0.3
3466, 0.3
3467, 0.0
3468, 0.0
3469, -0.2
3470, 0.1
3471, -0.1
3472, 0.2
3473, -0.4
3474, 0.2
3475, -0.1
3476, -0.2
3477, 0.4
3478, -0.2
3479, -0.3
3480, 0.1
3481, 0.0
3482, 0.0
3483, 0.1
3484, 0.1
3485, 0.0
3486, 0.1
3487, -0.1
3488, -0.5
3489, 0.0
3490, 0.3
3491, -0.1
3492, 0.3
3493, -0.1
3494, -0.3
3495, 0.1
3496, 0.1
3497, -0.2
3498, 0.1
3499, -0.2
3500, -0.3
3501, 0.3
3502, 0.3
3503, 0.1
3504, 0.3
3505, -0.1
3506, 0.2
3507, 0.1
3508, 0.2
3509, 0.0
3510, 0.0
3511, 0.0
3512, -0.3
3513, 0.0
3514, 0.3
3515, 0.4
3516, 0.2
3517, 0.1
3518, -0.2
3519, 0.1
3520, 0.1
3521, 0.1
3522, -0.1
3523, 0.1
3524, 0.1
3525, 0.1
3526, 0.0
3527, 0.0
3528, 0.2
3529, -0.3
3530, 0.1
3531, -0.1
3532, 0.2
3533, 0.0
3534, 0.0
3535, 0.3
3536, -0.2
3537, -0.3
3538, -0.5
3539, 0.2
3540, 0.4
3541, -0.4
3542, 0.2
3543, 0.3
3544, 0.3
3545, 0.2
3546, -0.1
3547, 0.2
3548, 0.1
3549, 0.2
3550, 0.2
3551, 0.3
3552, 0.2
3553, 0.3
3554, -0.3
3555, -0.1
3556, 0.4
3557, -0.5
3558, 0.2
3559, -0.2
3560, -0.2
3561, -0.1
3562, 0.1
3563, 0.0
3564, 0.0
3565, -0.1
3566, -0.2
3567, 0.0
3568, -0.4
3569, 0.3
3570, -0.2
3571, 0.2
3572, 0.0
3573, -0.2
3574, 0.1
3575, 0.0
3576, 0.2
3577, 0.0
3578, -0.1
3579, 0.0
3580, 0.3
3581, -0.1
3582, 0.2
3583, -0.4
3584, 0.3
3585, 0.2
3586, 0.0
3587, 0.3
3588, 0.0
3589, 0.2
3590, 0.0
3591, -0.3
3592, 0.0
3593, -0.6
3594, 0.3
3595, 0.3
3596, -0.3
3597, 0.0
3598, 0.1
3599, 0.2
3600, -0.2
3601, 0.0
3602, 0.3
3603, 0.2
3604, 0.2
3605, -0.6
3606, -0.1
3607, -0.3
3608, -0.1
3609, -0.2
3610, 0.0
3611, -0.4
3612, -0.1
3613, -0.2
3614, -0.1
3615, 0.2
3616, -0.1
3617, -0.2
3618, 0.1
3619, -0.1
3620, -0.5
3621, -0.2
3622, 0.5
3623, -0.1
3624, 0.2
3625, 0.1
3626, 0.1
3627, 0.0
3628, 0.4
3629, 0.2
3630, -0.1
3631, -0.4
3632, -0.1
3633, 0.0
3634, 0.0
3635, 0.1
3636, -0.2
3637, -0.3
3638, -0.1
3639, -0.3
3640, 0.2
3641, -0.1
3642, 0.0
3643, 0.1
3644, 0.0
3645, 0.1
3646, 0.3
3647, 0.1
3648, 0.3
3649, 0.2
3650, -0.5
3651, -0.1
3652, 0.0
3653, -0.1
3654, 0.0
3655, -0.4
3656, 0.1
3657, 0.2
3658, 0.1
3659, -0.3
3660, 0.0
3661, 0.2
3662, 0.4
3663, 0.1
3664, -0.2
3665, 0.4
3666, 0.4
3667, 0.1
3668, 0.1
3669, -0.1
3670, -0.1
3671, 0.0
3672, 0.1
3673, -0.2
3674, 0.0
3675, -0.4
3676, 0.0
3677, -0.4
3678, -0.3
3679, 0.1
3680, -0.3
3681, 0.3
3682, 0.2
3683, -0.2
3684, -0.1
3685, -0.2
3686, 0.0
3687, 0.0
3688, 0.0
3689, -0.4
3690, -0.3
3691, -0.1
3692, -0.1
3693, -0.2
3694, 0.0
3695, -0.1
3696, 0.2
3697, 0.3
3698, -0.1
3699, 0.4
3700, -0.2
3701, 0.1
3702, -0.3
3703, 0.0
3704, 0.1
3705, 0.3
3706, 0.3
3707, 0.2
3708, 0.2
3709, 0.2
3710, 0.0
3711, -0.1
3712, -0.1
3713, 0.0
3714, -0.2
3715, -0.3
3716, -0.2
3717, -0.3
3718, 0.0
3719, -0.1
3720, 0.1
3721, -0.2
3722, 0.1
3723, 0.1
3724, 0.3
3725, 0.3
3726, 0.3
3727, -0.1
3728, -0.2
3729, 0.2
3730, -0.2
3731, 0.3
3732, -0.1
3733, 0.4
3734, -0.3
3735, -0.2
3736, -0.2
3737, 0.1
3738, 0.1
3739, -0.2
3740, 0.3
3741, -0.2
3742, 0.1
3743, -0.1
3744, 0.1
3745, 0.2
3746, 0.0
3747, 0.1
3748, -0.1
3749, 0.0
3750, 0.2
3751, 0.0
3752, -0.2
3753, 0.0
3754, 0.1
3755, -0.2
3756, 0.0
3757, -0.2
3758, 0.4
3759, 0.1
3760, -0.1
3761, 0.2
3762, 0.1
3763, 0.1
3764, 0.4
3765, -0.1
3766, 0.3
3767, -0.4
3768, 0.0
3769, 0.1
3770, 0.0
3771, -0.1
3772, -0.5
3773, 0.0
3774, -0.6
3775, -0.1
3776, 0.0
3777, 0.0
3778, -0.2
3779, 0.4
3780, -0.2
3781, 0.1
3782, 0.0
3783, 0.2
3784, 0.1
3785, -0.1
3786, 0.1
3787, 0.3
3788, -0.2
3789, -0.1
3790, 0.1
3791, -0.1
3792, -0.2
3793, -0.2
3794, 0.0
3795, -0.2
3796, -0.1
3797, -0.1
3798, 0.1
3799, -0.2
3800, 0.4
3801, 0.0
3802, 0.0
3803, -0.1
3804, 0.3
3805, 0.1
3806, -0.2
3807, -0.2
3808, 0.0
3809, 0.3
3810, 0.0
3811, -0.3
3812, 0.1
3813, -0.7
3814, -0.2
3815, -0.1
3816, 0.0
3817, -0.1
3818, -0.4
3819, 0.3
3820, -0.3
3821, 0.1
3822, 0.1
3823, 0.0
3824, 0.1
3825, 0.1
3826, -0.2
3827, -0.2
3828, 0.0
3829, 0.0
3830, 0.1
3831, -0.6
3832, 0.1
3833, 0.0
3834, 0.0
3835, 0.2
3836, 0.0
3837, -0.5
3838, 0.1
3839, 0.0
3840, 0.4
3841, 0.2
3842, 0.3
3843, -0.2
3844, -0.1
3845, 0.1
3846, 0.0
3847, 0.1
3848, 0.1
3849, 0.1
3850, -0.2
3851, -0.4
3852, -0.1
3853, 0.2
3854, 0.0
3855, -0.1
3856, 0.0
3857, 0.2
3858, 0.2
3859, 0.0
3860, 0.1
3861, 0.3
3862, 0.2
3863, -0.1
3864, 0.0
3865, 0.2
3866, 0.3
3867, 0.2
3868, 0.1
3869, -0.1
3870, -0.6
3871, 0.4
3872, 0.4
3873, 0.3
3874, 0.1
3875, -0.1
3876, -0.1
3877, 0.1
3878, 0.2
3879, 0.0
3880, 0.4
3881, -0.3
3882, 0.0
3883, 0.1
3884, 0.0
3885, -0.2
3886, 0.1
3887, 0.3
3888, 0.3
3889, -0.1
3890, 0.2
3891, -0.1
3892, 0.2
3893, 0.0
3894, 0.2
3895, -0.2
3896, -0.1
3897, -0.1
3898, -0.1
3899, -0.3
3900, -0.2
3901, -0.2
3902, -0.3
3903, -0.2
3904, -0.2
3905, 0.3
3906, 0.3
3907, 0.5
3908, 0.1
3909, 0.0
3910, -0.2
3911, 0.3
3912, 0.0
3913, -0.2
3914, 0.3
3915, 0.1
3916, 0.3
3917, -0.1
3918, 0.3
3919, 0.4
3920, 0.0
3921, 0.1
3922, 0.3
3923, 0.0
3924, 0.0
3925, 0.2
3926, 0.3
3927, -0.1
3928, 0.2
3929, 0.2
3930, -0.3
3931, 0.2
3932, 0.1
3933, -0.2
3934, -0.3
3935, 0.0
3936, 0.1
3937, 0.0
3938, 0.0
3939, -0.1
3940, 0.1
3941, 0.0
3942, 0.0
3943, 0.2
3944, 0.0
3945, 0.1
3946, 0.1
3947, 0.2
3948, -0.3
3949, 0.3
3950, -0.1
3951, 0.2
3952, 0.0
3953, 0.1
3954, 0.4
3955, 0.1
3956, -0.4
3957, 0.2
3958, -0.3
3959, 0.3
3960, -0.1
3961, -0.3
3962, -0.1
3963, 0.2
3964, 0.0
3965, -0.1
3966, 0.2
3967, 0.0
3968, -0.2
3969, 0.3
3970, -0.4
3971, -0.2
3972, -0.3
3973, 0.5
3974, -0.1
3975, -0.1
3976, -0.2
3977, -0.1
3978, 0.0
3979, -0.3
3980, -0.1
3981, 0.3
3982, -0.2
3983, -0.2
3984, 0.1
3985, 0.1
3986, 0.2
3987, 0.0
3988, -0.1
3989, 0.2
3990, -0.3
3991, -0.1
3992, -0.2
3993, 0.0
3994, -0.1
3995, 0.1
3996, -0.3
3997, 0.0
3998, -0.1
3999, -0.3
