0, 0.2
1, 0.4
2, 0.0
3, -0.3
4, 0.0
5, 0.4
6, -0.2
7, 0.2
8, 0.6
9, 0.0
10, -0.4
11, 0.4
12, 0.2
13, -0.1
14, -0.2
15, 0.3
16, 0.1
17, 0.3
18, -0.5
19, -0.1
20, 0.0
21, -0.2
22, -0.1
23, 0.0
24, -0.5
25, 0.6
26, -0.4
27, 0.0
28, 0.1
29, -0.4
30, 0.2
31, -0.2
32, 0.7
33, 0.7
34, 0.2
35, 0.1
36, 0.1
37, -0.1
38, 0.3
39, -0.2
40, 0.0
41, 0.0
42, 0.2
43, 0.2
44, -0.4
45, -0.3
46, 0.1
47, 0.1
48, -0.2
49, 0.2
50, -0.1
51, -0.1
52, -0.1
53, -0.2
54, -0.3
55, 0.1
56, -0.2
57, -0.6
58, -0.1
59, -0.2
60, -0.3
61, -0.1
62, 0.1
63, -0.3
64, 0.4
65, -0.4
66, 0.2
67, -0.2
68, -0.1
69, 0.4
70, -0.3
71, -0.1
72, -0.3
73, 0.1
74, 0.1
75, 0.4
76, 0.0
77, -0.1
78, -0.1
79, 0.1
80, 0.0
81, -0.5
82, 0.1
83, 0.4
84, -0.3
85, 0.1
86, 0.1
87, 0.2
88, -0.5
89, 0.2
90, 0.1
91, -0.5
92, 0.0
93, 0.0
94, -0.2
95, 0.1
96, 0.2
97, 0.1
98, 0.3
99, 0.1
100, 0.0
101, 0.1
102, -0.2
103, 0.3
104, 0.1
105, 0.1
106, 0.6
107, -0.2
108, 0.2
109, 0.4
110, 0.4
111, 0.2
112, -0.2
113, -0.1
114, 0.4
115, -0.2
116, 0.2
117, 0.0
118, 0.5
119, -0.1
120, 0.4
121, 0.2
122, 0.5
123, 0.0
124, 0.3
125, -0.2
126, -0.2
127, -0.6
128, 0.2
129, 0.0
130, 0.5
131, 0.1
132, 0.3
133, -0.2
134, -0.3
135, 0.1
136, 0.1
137, -0.1
138, -0.8
139, -0.1
140, 0.1
141, -0.3
142, -0.3
143, -0.1
144, 0.5
145, 0.5
146, 0.1
147, 0.3
148, 0.1
149, -0.3
150, 0.2
151, -0.2
152, 0.5
153, -0.5
154, -0.7
155, 0.2
156, 0.0
157, -0.2
158, -0.1
159, -0.1
160, 0.1
161, 0.0
162, -0.3
163, 0.2
164, -0.1
165, 0.2
166, 0.0
167, -0.2
168, -0.2
169, 0.1
170, -0.1
171, -0.1
172, 0.1
173, -0.3
174, -0.3
175, -0.1
176, 0.1
177, 0.0
178, 0.0
179, 0.1
180, -0.4
181, 0.0
182, 0.1
183, 0.3
184, 0.1
185, 0.0
186, 0.0
187, -0.2
188, 0.0
189, 0.1
190, 0.5
191, -0.3
192, -0.4
193, 0.2
194, -0.1
195, 0.3
196, -0.1
197, -0.1
198, 0.3
199, 0.2
200, -0.1
201, 0.4
202, 0.0
203, -0.1
204, 0.2
205, -0.2
206, 0.0
207, -0.1
208, 0.2
209, 0.0
210, -0.1
211, -0.1
212, 0.0
213, 0.4
214, 0.2
215, 0.0
216, -0.1
217, -0.3
218, 0.3
219, 0.2
220, -0.4
221, 0.1
222, 0.2
223, -0.2
224, 0.3
225, -0.2
226, -0.2
227, -0.4
228, 0.5
229, -0.1
230, -0.2
231, 0.1
232, 0.1
233, 0.2
234, 0.2
235, -0.4
236, 0.4
237, 0.0
238, 0.1
239, 0.0
240, -0.5
241, 0.0
242, 0.2
243, -0.2
244, 0.1
245, -0.3
246, -0.4
247, -0.1
248, 0.0
249, 0.0
250, -0.5
251, -0.2
252, 0.1
253, 0.3
254, 0.2
255, 0.2
256, -0.3
257, -0.1
258, -0.3
259, -0.2
260, -0.1
261, -0.2
262, 0.3
263, -0.4
264, 0.2
265, -0.4
266, -0.2
267, 0.0
268, -0.1
269, 0.2
270, 0.3
271, 0.2
272, 0.2
273, 0.2
274, -0.3
275, 0.2
276, 0.3
277, 0.0
278, 0.1
279, -0.3
280, 0.4
281, 0.2
282, -0.3
283, 0.0
284, 0.1
285, 0.3
286, 0.0
287, 0.0
288, 0.2
289, 0.0
290, 0.2
291, -0.2
292, -0.2
293, 0.1
294, -0.6
295, 0.2
296, -0.3
297, 0.1
298, -0.2
299, -0.1
300, -0.1
301, 0.0
302, -0.1
303, -0.1
304, -0.3
305, 0.1
306, -0.2
307, 0.1
308, -0.1
309, -0.8
310, 0.2
311, -0.1
312, 0.1
313, -0.1
314, -0.2
315, -0.2
316, -0.6
317, 0.0
318, 0.3
319, 0.1
320, 0.2
321, 0.4
322, -0.2
323, 0.1
324, 0.1
325, 0.2
326, 0.1
327, 0.0
328, -0.3
329, 0.0
330, -0.2
331, 0.4
332, -0.1
333, 0.0
334, 0.0
335, -0.2
336, 0.1
337, 0.1
338, 0.1
339, -0.4
340, -0.8
341, -0.1
342, 0.2
343, 0.0
344, -0.1
345, 0.1
346, 0.0
347, -0.4
348, 0.1
349, 0.5
350, 0.2
351, 0.4
352, 0.1
353, 0.0
354, -0.2
355, 0.0
356, 0.1
357, 0.1
358, -0.4
359, -0.1
360, -0.1
361, -0.1
362, 0.1
363, 0.0
364, 0.2
365, 0.0
366, 0.1
367, 0.1
368, 0.1
369, -0.4
370, 0.0
371, -0.4
372, 0.0
373, -0.1
374, -0.1
375, -0.4
376, -0.3
377, 0.0
378, -0.3
379, -0.3
380, 0.1
381, -0.2
382, 0.3
383, -0.1
384, 0.1
385, 0.1
386, 0.1
387, 0.2
388, 0.0
389, -0.2
390, 0.1
391, -0.2
392, -0.2
393, 0.0
394, -0.1
395, -0.1
396, -0.1
397, 0.2
398, 0.0
399, -0.2
400, 0.1
401, 0.2
402, 0.3
403, 0.1
404, -0.3
405, 0.0
406, -0.1
407, 0.0
408, -0.1
409, 0.3
410, 0.0
411, 0.2
412, -0.2
413, -0.6
414, -0.3
415, 0.2
416, 0.1
417, -0.2
418, 0.2
419, 0.1
420, 0.0
421, -0.4
422, -0.3
423, 0.5
424, -0.7
425, -0.2
426, -0.5
427, 0.0
428, 0.0
429, 0.3
430, -0.3
431, -0.3
432, -0.3
433, 0.2
434, -0.2
435, 0.1
436, 0.2
437, -0.4
438, -0.1
439, 0.2
440, 0.0
441, -0.2
442, -0.1
443, 0.0
444, 0.1
445, 0.2
446, 0.2
447, -0.2
448, 0.1
449, 0.0
450, 0.0
451, 0.0
452, 0.0
453, 0.2
454, -0.2
455, 0.0
456, -0.2
457, -0.1
458, 0.4
459, -0.1
460, 0.0
461, 0.0
462, -0.6
463, 0.4
464, -0.5
465, 0.1
466, -0.2
467, -0.5
468, 0.3
469, 0.4
470, 0.0
471, 0.0
472, -0.1
473, -0.2
474, 0.1
475, 0.4
476, 0.0
477, -0.2
478, 0.2
479, 0.0
480, -0.1
481, -0.3
482, 0.3
483, 0.0
484, 0.0
485, 0.0
486, 0.1
487, 0.2
488, 0.0
489, 0.1
490, 0.2
491, 0.1
492, 0.1
493, 0.4
494, -0.2
495, 0.2
496, 0.3
497, 0.1
498, -0.2
499, 0.2
500, -0.2
501, 0.1
502, 0.0
503, -0.3
504, 0.1
505, -0.2
506, 0.1
507, -0.3
508, 0.0
509, 0.0
510, 0.0
511, -0.1
512, -0.2
513, -0.4
514, 0.0
515, -0.1
516, 0.1
517, 0.0
518, -0.2
519, 0.4
520, 0.1
521, 0.0
522, 0.1
523, -0.3
524, 0.1
525, 0.3
526, -0.2
527, -0.2
528, 0.1
529, 0.0
530, 0.1
531, -0.3
532, 0.0
533, 0.1
534, 0.0
535, 0.2
536, 0.0
537, -0.1
538, -0.1
539, 0.3
540, 0.1
541, 0.1
542, 0.0
543, -0.1
544, 0.0
545, 0.2
546, 0.2
547, -0.1
548, 0.2
549, -0.1
550, 0.0
551, 0.2
552, 0.1
553, 0.0
554, -0.5
555, -0.1
556, 0.3
557, 0.2
558, -0.1
559, -0.1
560, 0.0
561, 0.1
562, -0.2
563, 0.0
564, 0.1
565, 0.0
566, -0.1
567, 0.2
568, 0.0
569, -0.2
570, 0.2
571, -0.1
572, -0.6
573, 0.1
574, 0.3
575, 0.0
576, 0.0
577, -0.3
578, 0.2
579, -0.1
580, -0.1
581, 0.1
582, -0.1
583, 0.1
584, -0.3
585, 0.4
586, 0.1
587, 0.1
588, -0.2
589, 0.2
590, -0.2
591, 0.1
592, 0.0
593, -0.1
594, -0.3
595, 0.1
596, -0.2
597, 0.1
598, 0.0
599, 0.1
600, 0.0
601, -0.2
602, -0.3
603, -0.1
604, 0.0
605, 0.3
606, 0.4
607, -0.2
608, -0.1
609, 0.1
610, 0.2
611, 0.3
612, 0.3
613, -0.1
614, -0.2
615, 0.2
616, -0.2
617, 0.0
618, -0.3
619, 0.2
620, 0.3
621, -0.2
622, 0.1
623, -0.1
624, 0.2
625, -0.6
626, -0.4
627, 0.3
628, -0.2
629, 0.1
630, -0.4
631, 0.0
632, 0.4
633, 0.2
634, 0.1
635, 0.2
636, -0.5
637, 0.4
638, -0.2
639, 0.1
640, 0.0
641, -0.1
642, -0.3
643, -0.4
644, -0.1
645, -0.1
646, 0.2
647, -0.6
648, -0.4
649, 0.1
650, 0.1
651, 0.3
652, -0.4
653, -0.2
654, -0.2
655, 0.4
656, 0.0
657, -0.1
658, -0.2
659, 0.1
660, -0.3
661, -0.4
662, 0.2
663, -0.1
664, -0.1
665, 0.2
666, 0.1
667, 0.2
668, 0.0
669, 0.0
670, 0.0
671, 0.4
672, -0.3
673, 0.0
674, -0.1
675, 0.3
676, -0.2
677, 0.1
678, 0.1
679, 0.3
680, 0.1
681, 0.2
682, 0.2
683, -0.1
684, -0.1
685, -0.1
686, -0.2
687, -0.3
688, 0.4
689, 0.4
690, -0.1
691, 0.4
692, 0.1
693, 0.2
694, 0.1
695, 0.0
696, -0.3
697, 0.0
698, 0.3
699, 0.4
700, -0.2
701, -0.2
702, 0.1
703, -0.1
704, -0.2
705, -0.5
706, -0.1
707, 0.0
708, -0.1
709, 0.1
710, 0.2
711, -0.3
712, -0.2
713, -0.1
714, -0.2
715, 0.1
716, 0.2
717, -0.4
718, -0.3
719, 0.4
720, 0.2
721, -0.3
722, 0.4
723, 0.0
724, -0.1
725, 0.1
726, 0.0
727, 0.2
728, 0.4
729, 0.3
730, -0.1
731, 0.1
732, 0.2
733, 0.0
734, -0.1
735, 0.0
736, 0.1
737, 0.1
738, 0.2
739, -0.1
740, 0.1
741, -0.3
742, 0.2
743, -0.2
744, 0.2
745, 0.1
746, 0.0
747, -0.2
748, 0.0
749, 0.0
750, 0.1
751, -0.3
752, -0.4
753, -0.2
754, 0.2
755, 0.5
756, 0.3
757, -0.2
758, 0.0
759, 0.2
760, -0.3
761, 0.3
762, 0.0
763, 0.0
764, 0.1
765, -0.2
766, 0.3
767, 0.1
768, -0.3
769, -0.3
770, 0.4
771, 0.4
772, 0.2
773, -0.1
774, -0.2
775, -0.2
776, 0.1
777, 0.2
778, 0.0
779, 0.1
780, 0.0
781, -0.1
782, 0.1
783, -0.2
784, 0.0
785, 0.2
786, -0.2
787, -0.1
788, 0.2
789, 0.5
790, -0.3
791, 0.0
792, -0.1
793, -0.3
794, 0.3
795, 0.1
796, -0.5
797, -0.4
798, 0.0
799, -0.1
800, -0.2
801, -0.2
802, -0.3
803, 0.3
804, 0.2
805, 0.3
806, 0.0
807, 0.0
808, 0.1
809, 0.4
810, 0.0
811, 0.5
812, -0.9
813, -0.2
814, 0.2
815, -0.2
816, -0.3
817, 0.0
818, 0.0
819, 0.1
820, 0.2
821, 0.3
822, -0.2
823, -0.1
824, 0.1
825, -0.1
826, 0.4
827, -0.3
828, -0.1
829, -0.1
830, 0.1
831, 0.1
832, -0.5
833, 0.5
834, 0.0
835, -0.2
836, -0.5
837, 0.2
838, -0.1
839, 0.3
840, -0.2
841, 0.3
842, 0.1
843, -0.3
844, -0.4
845, -0.2
846, 0.2
847, -0.2
848, 0.1
849, 0.0
850, 0.1
851, -0.3
852, 0.3
853, -0.3
854, -0.2
855, 0.1
856, 0.1
857, 0.1
858, -0.4
859, 0.0
860, -0.2
861, 0.0
862, -0.6
863, 0.4
864, -0.3
865, 0.2
866, -0.2
867, -0.3
868, 0.1
869, 0.5
870, -0.1
871, 0.2
872, 0.1
873, 0.2
874, -0.3
875, -0.3
876, -0.1
877, -0.3
878, 0.0
879, 0.1
880, 0.4
881, 0.1
882, 0.1
883, 0.3
884, -0.4
885, 0.0
886, 0.2
887, 0.3
888, 0.5
889, -0.3
890, 0.1
891, -0.2
892, 0.3
893, 0.2
894, 0.1
895, -0.1
896, -0.2
897, -0.3
898, -0.3
899, 0.0
900, -0.1
901, -0.3
902, 0.2
903, 0.1
904, -0.1
905, -0.1
906, 0.3
907, 0.4
908, 0.2
909, -0.1
910, -0.4
911, -0.1
912, 0.1
913, -0.3
914, 0.3
915, 0.0
916, -0.1
917, 0.0
918, 0.1
919, 0.0
920, 0.0
921, 0.0
922, -0.2
923, -0.1
924, 0.1
925, -0.3
926, -0.1
927, 0.2
928, -0.3
929, 0.0
930, 0.2
931, 0.0
932, -0.2
933, 0.0
934, 0.0
935, 0.1
936, 0.3
937, 0.0
938, -0.1
939, 0.2
940, -0.1
941, 0.3
942, 0.0
943, 0.1
944, 0.0
945, 0.4
946, 0.0
947, -0.1
948, 0.0
949, -0.1
950, 0.1
951, 0.1
952, -0.1
953, 0.1
954, 0.3
955, 0.3
956, 0.0
957, 0.3
958, 0.4
959, 0.2
960, -0.1
961, -0.1
962, 0.0
963, -0.3
964, 0.1
965, 0.4
966, -0.2
967, 0.3
968, 0.0
969, 0.0
970, 0.0
971, -0.2
972, 0.0
973, 0.1
974, 0.5
975, -0.3
976, 0.0
977, -0.2
978, -0.3
979, 0.2
980, 0.3
981, 0.2
982, 0.2
983, -0.1
984, -0.1
985, 0.1
986, -0.1
987, 0.0
988, -0.3
989, -0.2
990, 0.1
991, -0.3
992, 0.0
993, -0.1
994, 0.0
995, -0.2
996, 0.0
997, -0.3
998, 0.1
999, 0.1
1000, 0.1
1001, 0.0
1002, 0.2
1003, 0.0
1004, -0.6
1005, -0.1
1006, 0.1
1007, 0.0
1008, 0.0
1009, 0.0
1010, 0.3
1011, 0.1
1012, -0.3
1013, 0.1
1014, 0.1
1015, -0.3
1016, -0.2
1017, 0.5
1018, 0.2
1019, 0.2
1020, 0.0
1021, 0.3
1022, 0.2
1023, 0.4
1024, -0.1
1025, 0.1
1026, -0.1
1027, -0.1
1028, 0.2
1029, 0.1
1030, 0.0
1031, 0.2
1032, -0.1
1033, -0.2
1034, 0.0
1035, -0.1
1036, -0.1
1037, 0.3
1038, 0.0
1039, 0.2
1040, 0.2
1041, -0.1
1042, 0.1
1043, -0.1
1044, -0.1
1045, -0.3
1046, -0.1
1047, 0.3
1048, 0.1
1049, 0.1
1050, -0.1
1051, -0.2
1052, 0.3
1053, -0.3
1054, -0.1
1055, 0.2
1056, -0.4
1057, 0.0
1058, -0.1
1059, 0.3
1060, -0.3
1061, 0.1
1062, -0.1
1063, -0.1
1064, 0.2
1065, -0.2
1066, 0.2
1067, 0.1
1068, 0.0
1069, 0.2
1070, 0.3
1071, -0.1
1072, 0.2
1073, -0.1
1074, -0.1
1075, -0.2
1076, -0.1
1077, 0.1
1078, 0.0
1079, 0.1
1080, 0.0
1081, -0.2
1082, 0.4
1083, -0.3
1084, 0.2
1085, 0.4
1086, 0.3
1087, 0.1
1088, -0.3
1089, 0.0
1090, 0.2
1091, 0.2
1092, -0.2
1093, 0.1
1094, 0.4
1095, 0.1
1096, 0.4
1097, 0.1
1098, 0.1
1099, 0.2
1100, 0.1
1101, -0.2
1102, -0.1
1103, 0.3
1104, 0.1
1105, 0.2
1106, -0.1
1107, 0.3
1108, -0.2
1109, -0.5
1110, 0.3
1111, -0.1
1112, -0.2
1113, 0.2
1114, 0.1
1115, 0.1
1116, 0.2
1117, 0.0
1118, 0.3
1119, -0.5
1120, 0.3
1121, 0.0
1122, -0.4
1123, 0.0
1124, -0.1
1125, -0.1
1126, 0.2
1127, -0.1
1128, 0.1
1129, 0.1
1130, 0.1
1131, 0.2
1132, -0.5
1133, -0.3
1134, 0.1
1135, -0.3
1136, 0.0
1137, 0.0
1138, 0.2
1139, -0.4
1140, -0.4
1141, -0.1
1142, 0.0
1143, 0.0
1144, 0.0
1145, 0.1
1146, -0.3
1147, 0.1
1148, 0.0
1149, 0.4
1150, 0.0
1151, -0.1
1152, 0.2
1153, 0.0
1154, 0.4
1155, 0.2
1156, -0.3
1157, -0.2
1158, -0.5
1159, 0.1
1160, -0.1
1161, 0.3
1162, -0.2
1163, 0.4
1164, 0.1
1165, 0.0
1166, -0.1
1167, -0.1
1168, -0.1
1169, 0.1
1170, 0.0
1171, 0.5
1172, 0.3
1173, -0.3
1174, 0.1
1175, -0.2
1176, 0.4
1177, 0.0
1178, 0.0
1179, 0.2
1180, 0.2
1181, 0.2
1182, 0.0
1183, -0.1
1184, -0.4
1185, -0.1
1186, 0.2
1187, 0.0
1188, 0.3
1189, -0.4
1190, 0.2
1191, -0.2
1192, -0.2
1193, 0.1
1194, 0.1
1195, -0.3
1196, -0.1
1197, 0.2
1198, -0.1
1199, 0.2
1200, -0.3
1201, 0.0
1202, 0.3
1203, 0.2
1204, -0.3
1205, -0.1
1206, -0.1
1207, 0.0
1208, 0.1
1209, -0.4
1210, -0.3
1211, -0.4
1212, -0.2
1213, 0.1
1214, -0.3
1215, 0.1
1216, 0.2
1217, 0.2
1218, 0.2
1219, -0.4
1220, -0.1
1221, -0.4
1222, 0.0
1223, 0.2
1224, 0.1
1225, 0.2
1226, -0.6
1227, 0.3
1228, 0.3
1229, 0.1
1230, 0.1
1231, 0.2
1232, 0.1
1233, 0.0
1234, 0.2
1235, -0.1
1236, -0.3
1237, 0.2
1238, -0.6
1239, 0.1
1240, 0.3
1241, 0.1
1242, 0.0
1243, -0.3
1244, -0.2
1245, 0.4
1246, 0.2
1247, -0.1
1248, 0.1
1249, -0.5
1250, 0.0
1251, -0.2
1252, 0.0
1253, -0.1
1254, -0.3
1255, 0.3
1256, 0.1
1257, 0.1
1258, 0.0
1259, -0.1
1260, -0.2
1261, 0.0
1262, 0.2
1263, 0.1
1264, 0.0
1265, 0.2
1266, -0.1
1267, 0.2
1268, 0.0
1269, 0.0
1270, 0.2
1271, 0.2
1272, 0.1
1273, -0.1
1274, 0.2
1275, 0.1
1276, -0.2
1277, 0.0
1278, -0.1
1279, 0.2
1280, -0.2
1281, -0.1
1282, -0.1
1283, -0.2
1284, 0.0
1285, -0.2
1286, 0.4
1287, 0.0
1288, 0.3
1289, -0.1
1290, 0.1
1291, -0.8
1292, -0.2
1293, 0.1
1294, 0.0
1295, 0.4
1296, 0.0
1297, 0.1
1298, -0.3
1299, -0.3
1300, 0.1
1301, 0.2
1302, -0.1
1303, 0.0
1304, -0.1
1305, 0.1
1306, -0.2
1307, 0.0
1308, 0.0
1309, 0.0
1310, -0.2
1311, 0.1
1312, -0.2
1313, 0.2
1314, -0.1
1315, -0.1
1316, -0.4
1317, 0.2
1318, 0.2
1319, 0.0
1320, -0.1
1321, 0.0
1322, 0.0
1323, 0.2
1324, 0.2
1325, -0.4
1326, 0.0
1327, -0.2
1328, 0.0
1329, -0.1
1330, -0.2
1331, -0.1
1332, 0.0
1333, -0.4
1334, 0.2
1335, -0.3
1336, 0.1
1337, -0.1
1338, 0.1
1339, 0.2
1340, -0.4
1341, -0.1
1342, -0.2
1343, 0.2
1344, 0.2
1345, 0.3
1346, 0.1
1347, 0.2
1348, 0.1
1349, -0.2
1350, 0.0
1351, 0.3
1352, -0.7
1353, -0.1
1354, -0.2
1355, 0.4
1356, 0.1
1357, -0.2
1358, 0.3
1359, -0.3
1360, 0.2
1361, 0.4
1362, 0.1
1363, -0.1
1364, -0.2
1365, 0.2
1366, -0.6
1367, -0.1
1368, -0.3
1369, 0.0
1370, 0.0
1371, 0.3
1372, 0.2
1373, 0.3
1374, 0.3
1375, -0.2
1376, 0.0
1377, -0.2
1378, -0.3
1379, 0.1
1380, 0.0
1381, 0.3
1382, -0.4
1383, -0.2
1384, -0.2
1385, -0.1
1386, 0.1
1387, -0.3
1388, -0.3
1389, 0.4
1390, -0.4
1391, -0.2
1392, 0.3
1393, 0.0
1394, -0.2
1395, 0.3
1396, -0.2
1397, -0.1
1398, 0.2
1399, 0.3
1400, -0.1
1401, 0.2
1402, -0.5
1403, -0.1
1404, 0.0
1405, -0.3
1406, -0.4
1407, -0.2
1408, 0.1
1409, -0.2
1410, 0.2
1411, -0.2
1412, -0.1
1413, -0.1
1414, -0.3
1415, 0.2
1416, -0.4
1417, 0.1
1418, -0.3
1419, -0.1
1420, 0.1
1421, -0.2
1422, -0.1
1423, 0.2
1424, -0.1
1425, 0.2
1426, 0.0
1427, -0.1
1428, -0.4
1429, 0.2
1430, -0.1
1431, 0.2
1432, 0.0
1433, -0.4
1434, 0.1
1435, -0.1
1436, -0.1
1437, -0.1
1438, -0.2
1439, -0.3
1440, -0.2
1441, 0.0
1442, -0.3
1443, 0.0
1444, -0.1
1445, 0.2
1446, 0.1
1447, -0.2
1448, 0.0
1449, 0.0
1450, -0.1
1451, 0.2
1452, 0.1
1453, 0.3
1454, 0.0
1455, 0.2
1456, 0.1
1457, 0.0
1458, -0.2
1459, 0.0
1460, 0.3
1461, 0.2
1462, -0.2
1463, -0.2
1464, 0.0
1465, 0.0
1466, 0.1
1467, -0.6
1468, 0.1
1469, 0.1
1470, 0.0
1471, -0.4
1472, -0.1
1473, 0.2
1474, -0.1
1475, 0.4
1476, -0.3
1477, -0.3
1478, 0.0
1479, -0.2
1480, -0.3
1481, 0.0
1482, 0.4
1483, 0.1
1484, -0.3
1485, -0.2
1486, 0.1
1487, -0.1
1488, 0.0
1489, -0.2
1490, -0.3
1491, -0.1
1492, -0.2
1493, -0.1
1494, 0.0
1495, 0.1
1496, -0.2
1497, 0.4
1498, -0.1
1499, -0.5
1500, 0.1
1501, -0.1
1502, -0.3
1503, -0.1
1504, -0.3
1505, 0.0
1506, 0.1
1507, -0.2
1508, 0.3
1509, 0.1
1510, 0.1
1511, -0.1
1512, -0.1
1513, 0.3
1514, 0.0
1515, -0.2
1516, -0.1
1517, 0.0
1518, 0.3
1519, -0.3
1520, -0.6
1521, 0.1
1522, 0.2
1523, -0.3
1524, 0.3
1525, 0.3
1526, -0.3
1527, 0.2
1528, 0.0
1529, 0.0
1530, 0.2
1531, 0.1
1532, 0.4
1533, 0.1
1534, 0.1
1535, -0.2
1536, -0.1
1537, 0.0
1538, -0.2
1539, 0.3
1540, -0.2
1541, -0.2
1542, 0.3
1543, 0.2
1544, -0.7
1545, 0.1
1546, 0.2
1547, -0.2
1548, 0.0
1549, -0.1
1550, 0.0
1551, 0.3
1552, 0.1
1553, -0.1
1554, 0.3
1555, -0.2
1556, 0.1
1557, 0.1
1558, 0.2
1559, -0.3
1560, 0.1
1561, 0.1
1562, 0.4
1563, -0.1
1564, -0.1
1565, -0.3
1566, 0.3
1567, 0.2
1568, 0.1
1569, -0.1
1570, -0.1
1571, -0.1
1572, 0.2
1573, 0.3
1574, -0.1
1575, 0.1
1576, 0.1
1577, 0.1
1578, 0.2
1579, 0.2
1580, -0.2
1581, -0.6
1582, -0.2
1583, 0.2
1584, 0.2
1585, -0.2
1586, -0.2
1587, 0.0
1588, 0.0
1589, -0.1
1590, 0.1
1591, -0.5
1592, 0.3
1593, -0.2
1594, -0.1
1595, 0.1
1596, -0.4
1597, 0.2
1598, -0.2
1599, 0.1
1600, -0.2
1601, -0.2
1602, -0.1
1603, -0.2
1604, 0.1
1605, 0.0
1606, 0.3
1607, 0.2
1608, 0.2
1609, -0.2
1610, 0.1
1611, 0.2
1612, 0.2
1613, 0.2
1614, 0.0
1615, 0.1
1616, 0.4
1617, 0.0
1618, -0.1
1619, -0.1
1620, -0.1
1621, 0.3
1622, -0.4
1623, 0.0
1624, -0.3
1625, -0.1
1626, 0.1
1627, -0.3
1628, -0.5
1629, 0.6
1630, -0.2
1631, -0.2
1632, -0.2
1633, -0.3
1634, 0.1
1635, 0.0
1636, 0.2
1637, 0.1
1638, 0.0
1639, 0.1
1640, 0.1
1641, 0.2
1642, -0.1
1643, 0.2
1644, -0.2
1645, -0.3
1646, 0.3
1647, 0.1
1648, -0.3
1649, 0.4
1650, -0.5
1651, -0.2
1652, 0.1
1653, 0.0
1654, -0.1
1655, 0.0
1656, 0.0
1657, 0.2
1658, 0.1
1659, 0.2
1660, -0.2
1661, -0.5
1662, 0.1
1663, -0.2
1664, 0.0
1665, 0.0
1666, 0.4
1667, -0.3
1668, 0.3
1669, -0.2
1670, -0.2
1671, 0.1
1672, -0.1
1673, 0.0
1674, -0.4
1675, 0.0
1676, -0.1
1677, 0.1
1678, 0.1
1679, -0.1
1680, -0.5
1681, -0.1
1682, 0.1
1683, 0.1
1684, -0.2
1685, 0.2
1686, 0.1
1687, -0.2
1688, -0.2
1689, 0.2
1690, 0.1
1691, 0.0
1692, -0.2
1693, 0.1
1694, 0.1
1695, -0.3
1696, -0.1
1697, 0.0
1698, 0.3
1699, -0.2
1700, 0.1
1701, 0.3
1702, 0.4
1703, 0.2
1704, 0.1
1705, 0.0
1706, 0.1
1707, 0.1
1708, 0.0
1709, -0.2
1710, -0.7
1711, 0.5
1712, -0.1
1713, -0.1
1714, 0.3
1715, -0.4
1716, -0.3
1717, 0.3
1718, 0.0
1719, -0.1
1720, -0.3
1721, 0.3
1722, -0.2
1723, -0.1
1724, 0.5
1725, 0.1
1726, 0.0
1727, 0.4
1728, 0.2
1729, 0.2
1730, -0.4
1731, 0.2
1732, -0.3
1733, 0.0
1734, -0.2
1735, 0.0
1736, -0.1
1737, 0.4
1738, 0.2
1739, -0.3
1740, 0.4
1741, 0.0
1742, 0.1
1743, -0.1
1744, 0.0
1745, -0.1
1746, -0.1
1747, -0.1
1748, 0.0
1749, 0.1
1750, 0.2
1751, 0.0
1752, 0.1
1753, 0.1
1754, -0.1
1755, -0.1
1756, 0.1
1757, 0.0
1758, 0.2
1759, 0.2
1760, -0.5
1761, 0.4
1762, -0.3
1763, -0.1
1764, 0.4
1765, -0.4
1766, 0.1
1767, 0.1
1768, 0.1
1769, -0.3
1770, 0.0
1771, -0.2
1772, 0.1
1773, -0.2
1774, 0.0
1775, 0.2
1776, -0.1
1777, -0.1
1778, 0.4
1779, 0.1
1780, -0.2
1781, 0.2
1782, -0.3
1783, 0.1
1784, 0.3
1785, 0.4
1786, 0.0
1787, 0.2
1788, 0.0
1789, -0.2
1790, 0.0
1791, 0.3
1792, 0.2
1793, -0.2
1794, 0.1
1795, 0.1
1796, 0.2
1797, 0.2
1798, 0.0
1799, -0.2
1800, -0.3
1801, -0.3
1802, 0.0
1803, -0.1
1804, 0.1
1805, 0.0
1806, 0.0
1807, -0.1
1808, 0.3
1809, 0.2
1810, 0.0
1811, -0.1
1812, 0.0
1813, 0.0
1814, -0.2
1815, 0.2
1816, 0.0
1817, 0.3
1818, 0.3
1819, 0.0
1820, -0.2
1821, -0.1
1822, 0.0
1823, 0.1
1824, 0.0
1825, 0.4
1826, -0.1
1827, -0.1
1828, -0.2
1829, 0.5
1830, 0.4
1831, -0.2
1832, -0.5
1833, -0.5
1834, 0.3
1835, -0.2
1836, 0.4
1837, 0.2
1838, -0.1
1839, 0.2
1840, -0.1
1841, 0.0
1842, -0.7
1843, 0.2
1844, 0.2
1845, 0.2
1846, -0.2
1847, -0.1
1848, -0.2
1849, 0.1
1850, -0.1
1851, 0.2
1852, 0.3
1853, 0.3
1854, -0.2
1855, 0.0
1856, 0.1
1857, -0.1
1858, -0.3
1859, -0.1
1860, 0.1
1861, 0.2
1862, 0.1
1863, 0.0
1864, 0.2
1865, 0.4
1866, -0.1
1867, 0.0
1868, 0.1
1869, 0.1
1870, -0.1
1871, -0.1
1872, 0.3
1873, 0.3
1874, -0.1
1875, 0.1
1876, 0.0
1877, -0.3
1878, 0.3
1879, 0.2
1880, -0.1
1881, 0.1
1882, 0.1
1883, -0.1
1884, 0.0
1885, 0.3
1886, -0.1
1887, -0.3
1888, -0.3
1889, -0.1
1890, -0.2
1891, 0.0
1892, 0.2
1893, -0.3
1894, -0.3
1895, 0.1
1896, -0.1
1897, -0.2
1898, -0.3
1899, 0.1
1900, -0.1
1901, 0.0
1902, 0.2
1903, -0.1
1904, -0.2
1905, 0.0
1906, -0.2
1907, 0.0
1908, -0.3
1909, 0.1
1910, 0.3
1911, 0.1
1912, -0.1
1913, 0.1
1914, 0.0
1915, -0.3
1916, 0.1
1917, 0.2
1918, -0.1
1919, -0.3
1920, -0.3
1921, 0.1
1922, -0.1
1923, 0.0
1924, 0.1
1925, -0.4
1926, 0.0
1927, 0.2
1928, 0.1
1929, 0.1
1930, -0.1
1931, -0.1
1932, 0.1
1933, -0.3
1934, -0.3
1935, -0.1
1936, 0.0
1937, 0.1
1938, -0.1
1939, 0.0
1940, -0.3
1941, 0.4
1942, -0.1
1943, 0.3
1944, 0.4
1945, 0.1
1946, -0.1
1947, 0.1
1948, 0.1
1949, -0.2
1950, -0.1
1951, 0.3
1952, 0.1
1953, -0.2
1954, 0.2
1955, 0.2
1956, 0.3
1957, 0.1
1958, 0.3
1959, 0.2
1960, 0.1
1961, 0.0
1962, -0.1
1963, -0.6
1964, 0.0
1965, -0.1
1966, 0.1
1967, -0.2
1968, 0.2
1969, 0.2
1970, 0.2
1971, -0.2
1972, 0.0
1973, -0.1
1974, -0.4
1975, 0.3
1976, 0.3
1977, -0.1
1978, -0.3
1979, -0.4
1980, -0.4
1981, 0.2
1982, -0.2
1983, 0.1
1984, 0.2
1985, 0.2
1986, 0.1
1987, -0.7
1988, 0.2
1989, 0.1
1990, -0.1
1991, 0.0
1992, 0.0
1993, -0.5
1994, -0.2
1995, 0.0
1996, -0.3
1997, -0.2
1998, 0.2
1999, 0.3
2000, -0.1
2001, 0.1
2002, 0.1
2003, -0.1
2004, 0.1
2005, 0.1
2006, 0.4
2007, -0.1
2008, -0.4
2009, 0.0
2010, -0.5
2011, 0.0
2012, 0.1
2013, -0.2
2014, -0.4
2015, 0.0
2016, -0.6
2017, 0.0
2018, 0.3
2019, -0.3
2020, 0.2
2021, 0.1
2022, 0.0
2023, 0.1
2024, 0.3
2025, -0.4
2026, -0.4
2027, -0.1
2028, -0.2
2029, 0.2
2030, 0.0
2031, -0.3
2032, -0.3
2033, -0.2
2034, -0.1
2035, 0.4
2036, -0.2
2037, 0.0
2038, -0.3
2039, -0.2
2040, 0.0
2041, 0.0
2042, 0.1
2043, 0.1
2044, -0.1
2045, 0.0
2046, -0.1
2047, -0.4
2048, 0.0
2049, 0.0
2050, 0.3
2051, 0.0
2052, 0.3
2053, -0.1
2054, 0.0
2055, 0.3
2056, 0.0
2057, 0.0
2058, 0.2
2059, 0.3
2060, 0.0
2061, 0.0
2062, 0.0
2063, 0.3
2064, 0.1
2065, 0.4
2066, 0.1
2067, 0.0
2068, 0.3
2069, -0.1
2070, 0.3
2071, 0.0
2072, -0.2
2073, -0.4
2074, 0.1
2075, -0.2
2076, -0.2
2077, -0.7
2078, -0.2
2079, -0.1
2080, 0.1
2081, 0.5
2082, 0.1
2083, 0.0
2084, -0.5
2085, -0.3
2086, 0.5
2087, 0.3
2088, -0.1
2089, -0.1
2090, -0.1
2091, -0.1
2092, 0.2
2093, 0.2
2094, 0.0
2095, -0.1
2096, 0.1
2097, -0.1
2098, 0.2
2099, -0.6
2100, 0.0
2101, -0.2
2102, 0.4
2103, 0.2
2104, -0.2
2105, -0.1
2106, 0.0
2107, 0.3
2108, -0.4
2109, -0.1
2110, 0.2
2111, -0.3
2112, 0.3
2113, 0.1
2114, -0.1
2115, 0.2
2116, -0.2
2117, 0.0
2118, 0.2
2119, -0.3
2120, -0.1
2121, 0.3
2122, 0.0
2123, 0.3
2124, -0.1
2125, 0.0
2126, -0.3
2127, 0.1
2128, -0.2
2129, 0.3
2130, 0.0
2131, 0.4
2132, 0.0
2133, -0.2
2134, -0.2
2135, 0.1
2136, 0.0
2137, -0.1
2138, 0.0
2139, 0.1
2140, -0.2
2141, 0.0
2142, 0.1
2143, 0.2
2144, -0.3
2145, -0.1
2146, 0.2
2147, 0.1
2148, 0.1
2149, -0.1
2150, -0.2
2151, -0.2
2152, 0.2
2153, -0.2
2154, -0.2
2155, 0.3
2156, 0.3
2157, -0.4
2158, -0.3
2159, -0.2
2160, 0.2
2161, 0.2
2162, -0.2
2163, 0.2
2164, -0.4
2165, -0.2
2166, -0.1
2167, 0.0
2168, 0.1
2169, -0.4
2170, 0.2
2171, -0.1
2172, -0.2
2173, 0.0
2174, 0.1
2175, -0.3
2176, -0.2
2177, 0.2
2178, 0.2
2179, 0.1
2180, -0.1
2181, 0.3
2182, 0.3
2183, 0.2
2184, 0.0
2185, -0.2
2186, 0.3
2187, 0.0
2188, 0.0
2189, -0.2
2190, 0.0
2191, 0.4
2192, 0.3
2193, -0.2
2194, -0.1
2195, -0.1
2196, -0.2
2197, -0.3
2198, 0.2
2199, -0.4
2200, 0.1
2201, 0.0
2202, -0.2
2203, 0.0
2204, 0.1
2205, 0.2
2206, 0.3
2207, -0.2
2208, -0.1
2209, -0.4
2210, -0.2
2211, -0.1
2212, 0.0
2213, -0.2
2214, 0.2
2215, 0.0
2216, 0.2
2217, -0.1
2218, 0.1
2219, -0.1
2220, -0.3
2221, 0.2
2222, -0.4
2223, -0.1
2224, 0.2
2225, -0.1
2226, 0.1
2227, -0.2
2228, 0.1
2229, 0.3
2230, 0.1
2231, 0.4
2232, -0.5
2233, 0.2
2234, -0.2
2235, -0.3
2236, 0.3
2237, -0.1
2238, 0.2
2239, 0.0
2240, -0.2
2241, 0.0
2242, 0.0
2243, 0.3
2244, 0.2
2245, 0.1
2246, 0.3
2247, -0.3
2248, 0.3
2249, -0.1
2250, -0.3
2251, -0.1
2252, 0.0
2253, 0.2
2254, -0.2
2255, 0.1
2256, -0.1
2257, 0.0
2258, 0.3
2259, 0.2
2260, 0.0
2261, 0.4
2262, -0.2
2263, 0.3
2264, 0.2
2265, 0.2
2266, 0.2
2267, 0.5
2268, -0.2
2269, 0.3
2270, 0.2
2271, -0.4
2272, 0.0
2273, -0.1
2274, 0.0
2275, 0.2
2276, 0.3
2277, 0.1
2278, 0.2
2279, 0.3
2280, 0.0
2281, -0.2
2282, 0.3
2283, -0.3
2284, 0.2
2285, 0.4
2286, 0.0
2287, -0.2
2288, 0.1
2289, 0.1
2290, -0.3
2291, 0.4
2292, -0.3
2293, 0.0
2294, 0.1
2295, -0.2
2296, 0.2
2297, -0.4
2298, 0.1
2299, 0.5
2300, 0.4
2301, 0.0
2302, 0.0
2303, 0.0
2304, 0.2
2305, 0.1
2306, 0.3
2307, 0.4
2308, -0.2
2309, -0.3
2310, 0.0
2311, -0.2
2312, 0.0
2313, 0.2
2314, 0.1
2315, 0.0
2316, 0.1
2317, 0.0
2318, 0.1
2319, 0.0
2320, -0.2
2321, 0.2
2322, 0.0
2323, 0.2
2324, -0.2
2325, -0.2
2326, -0.5
2327, 0.0
2328, -0.1
2329, -0.2
2330, 0.4
2331, -0.1
2332, -0.4
2333, -0.2
2334, 0.0
2335, -0.5
2336, -0.3
2337, -0.5
2338, 0.1
2339, 0.1
2340, 0.2
2341, -0.1
2342, 0.1
2343, 0.1
2344, 0.2
2345, -0.1
2346, 0.2
2347, 0.2
2348, 0.1
2349, 0.0
2350, 0.2
2351, 0.3
2352, -0.5
2353, 0.0
2354, -0.2
2355, -0.1
2356, -0.4
2357, 0.0
2358, 0.0
2359, -0.1
2360, -0.5
2361, 0.1
2362, -0.1
2363, -0.2
2364, 0.0
2365, 0.1
2366, -0.1
2367, -0.3
2368, 0.3
2369, -0.2
2370, 0.4
2371, 0.1
2372, -0.2
2373, -0.1
2374, -0.3
2375, 0.3
2376, -0.1
2377, -0.1
2378, 0.1
2379, -0.2
2380, -0.3
2381, 0.1
2382, 0.0
2383, 0.1
2384, -0.2
2385, 0.1
2386, -0.4
2387, -0.1
2388, -0.1
2389, 0.1
2390, 0.4
2391, -0.1
2392, -0.1
2393, 0.0
2394, -0.3
2395, -0.2
2396, 0.0
2397, -0.1
2398, 0.3
2399, -0.5
2400, 0.1
2401, 0.0
2402, -0.4
2403, 0.4
2404, -0.4
2405, -0.1
2406, 0.3
2407, 0.0
2408, -0.3
2409, 0.0
2410, 0.1
2411, 0.1
2412, 0.3
2413, -0.2
2414, -0.4
2415, 0.3
2416, 0.1
2417, -0.2
2418, 0.0
2419, -0.2
2420, -0.2
2421, 0.2
2422, 0.0
2423, -0.3
2424, -0.3
2425, -0.3
2426, 0.0
2427, 0.3
2428, -0.2
2429, -0.1
2430, 0.0
2431, 0.0
2432, -0.3
2433, 0.3
2434, 0.3
2435, -0.1
2436, 0.1
2437, 0.1
2438, 0.1
2439, -0.1
2440, 0.1
2441, 0.0
2442, 0.0
2443, 0.2
2444, 0.4
2445, 0.1
2446, -0.1
2447, 0.1
2448, 0.2
2449, -0.1
2450, 0.0
2451, -0.1
2452, 0.0
2453, 0.0
2454, 0.1
2455, -0.1
2456, 0.0
2457, 0.1
2458, 0.4
2459, -0.1
2460, -0.2
2461, 0.1
2462, -0.1
2463, -0.1
2464, 0.0
2465, -0.4
2466, 0.5
2467, 0.1
2468, 0.1
2469, -0.3
2470, -0.2
2471, 0.1
2472, 0.0
2473, 0.2
2474, 0.2
2475, -0.2
2476, 0.1
2477, 0.2
2478, -0.1
2479, 0.1
2480, 0.2
2481, -0.2
2482, 0.0
2483, -0.2
2484, -0.1
2485, 0.1
2486, 0.0
2487, 0.5
2488, 0.1
2489, -0.3
2490, 0.1
2491, 0.0
2492, -0.4
2493, 0.2
2494, 0.1
2495, 0.2
2496, 0.0
2497, 0.3
2498, -0.6
2499, 0.2
2500, 0.0
2501, 0.2
2502, -0.2
2503, -0.2
2504, -0.2
2505, 0.0
2506, 0.1
2507, 0.1
2508, 0.1
2509, 0.0
2510, 0.2
2511, -0.3
2512, 0.4
2513, 0.3
2514, 0.3
2515, -0.1
2516, -0.1
2517, -0.2
2518, 0.3
2519, 0.3
2520, -0.1
2521, -0.4
2522, 0.1
2523, 0.3
2524, 0.0
2525, 0.3
2526, -0.2
2527, 0.3
2528, 0.1
2529, 0.1
2530, -0.3
2531, -0.3
2532, -0.3
2533, 0.3
2534, 0.0
2535, -0.4
2536, 0.0
2537, 0.2
2538, -0.2
2539, 0.0
2540, -0.1
2541, -0.3
2542, -0.1
2543, 0.0
2544, 0.2
2545, -0.2
2546, 0.0
2547, 0.2
2548, 0.4
2549, 0.1
2550, 0.0
2551, -0.3
2552, 0.0
2553, 0.0
2554, -0.4
2555, 0.2
2556, -0.1
2557, -0.2
2558, 0.3
2559, 0.2
2560, 0.1
2561, -0.4
2562, 0.0
2563, 0.2
2564, -0.1
2565, 0.3
2566, 0.2
2567, -0.1
2568, 0.0
2569, -0.1
2570, 0.3
2571, 0.2
2572, 0.0
2573, -0.1
2574, 0.0
2575, -0.1
2576, 0.0
2577, 0.4
2578, 0.0
2579, 0.1
2580, -0.4
2581, 0.2
2582, -0.4
2583, 0.1
2584, 0.0
2585, -0.1
2586, -0.2
2587, 0.2
2588, 0.2
2589, 0.1
2590, -0.4
2591, 0.2
2592, -0.2
2593, -0.1
2594, 0.1
2595, 0.3
2596, 0.0
2597, 0.1
2598, 0.3
2599, 0.3
2600, -0.2
2601, 0.0
2602, -0.2
2603, 0.4
2604, -0.3
2605, -0.4
2606, 0.2
2607, 0.0
2608, -0.5
2609, 0.1
2610, 0.3
2611, 0.0
2612, 0.1
2613, 0.1
2614, -0.4
2615, 0.1
2616, 0.1
2617, 0.1
2618, -0.2
2619, -0.1
2620, 0.0
2621, 0.1
2622, 0.1
2623, 0.1
2624, 0.0
2625, -0.3
2626, -0.1
2627, -0.1
2628, -0.4
2629, 0.2
2630, -0.1
2631, -0.4
2632, 0.0
2633, -0.1
2634, -0.1
2635, 0.0
2636, 0.0
2637, 0.0
2638, -0.1
2639, -0.2
2640, -0.1
2641, 0.2
2642, 0.1
2643, 0.1
2644, 0.3
2645, -0.1
2646, -0.2
2647, -0.1
2648, -0.1
2649, 0.1
2650, -0.2
2651, 0.3
2652, -0.1
2653, -0.3
2654, 0.1
2655, -0.2
2656, 0.3
2657, 0.1
2658, 0.1
2659, 0.2
2660, 0.1
2661, -0.4
2662, 0.1
2663, -0.1
2664, -0.1
2665, 0.2
2666, 0.5
2667, 0.0
2668, 0.1
2669, -0.1
2670, -0.3
2671, -0.3
2672, -0.1
2673, 0.0
2674, 0.3
2675, -0.2
2676, -0.2
2677, -0.2
2678, 0.1
2679, 0.2
2680, -0.1
2681, 0.0
2682, 0.0
2683, 0.2
2684, -0.2
2685, -0.3
2686, 0.3
2687, 0.0
2688, 0.0
2689, -0.2
2690, 0.1
2691, 0.0
2692, 0.1
2693, 0.2
2694, 0.2
2695, -0.1
2696, 0.3
2697, 0.0
2698, -0.2
2699, -0.4
2700, 0.2
2701, 0.3
2702, -0.1
2703, 0.1
2704, 0.3
2705, 0.4
2706, -0.1
2707, 0.0
2708, -0.2
2709, 0.3
2710, -0.3
2711, -0.2
2712, -0.1
2713, 0.1
2714, 0.1
2715, 0.0
2716, -0.4
2717, 0.0
2718, 0.2
2719, 0.3
2720, -0.2
2721, 0.0
2722, -0.2
2723, 0.0
2724, -0.2
2725, -0.1
2726, -0.2
2727, 0.2
2728, 0.3
2729, 0.0
2730, 0.2
2731, 0.3
2732, 0.1
2733, 0.0
2734, -0.3
2735, 0.4
2736, -0.1
2737, 0.0
2738, 0.0
2739, 0.0
2740, -0.3
2741, 0.0
2742, -0.3
2743, -0.1
2744, 0.2
2745, 0.0
2746, 0.1
2747, 0.0
2748, 0.2
2749, 0.3
2750, -0.1
2751, -0.1
2752, 0.0
2753, 0.0
2754, -0.3
2755, -0.4
2756, 0.2
2757, 0.0
2758, -0.2
2759, -0.5
2760, 0.0
2761, 0.1
2762, 0.0
2763, -0.5
2764, -0.2
2765, -0.1
2766, 0.2
2767, 0.3
2768, -0.5
2769, 0.1
2770, -0.5
2771, 0.1
2772, 0.0
2773, 0.5
2774, -0.3
2775, -0.3
2776, -0.2
2777, 0.2
2778, -0.1
2779, -0.2
2780, -0.5
2781, 0.2
2782, 0.0
2783, -0.2
2784, 0.3
2785, -0.4
2786, 0.1
2787, 0.3
2788, -0.3
2789, 0.0
2790, -0.2
2791, 0.0
2792, -0.3
2793, -0.1
2794, 0.2
2795, 0.1
2796, -0.1
2797, 0.1
2798, -0.3
2799, -0.1
2800, -0.1
2801, -0.5
2802, -0.1
2803, -0.1
2804, 0.3
2805, 0.4
2806, -0.2
2807, -0.4
2808, 0.3
2809, 0.2
2810, 0.4
2811, 0.0
2812, 0.0
2813, 0.0
2814, 0.1
2815, 0.1
2816, 0.2
2817, -0.1
2818, 0.0
2819, -0.1
2820, 0.2
2821, 0.3
2822, 0.2
2823, 0.2
2824, -0.1
2825, -0.1
2826, -0.1
2827, -0.1
2828, 0.1
2829, 0.1
2830, 0.0
2831, -0.1
2832, 0.4
2833, 0.2
2834, -0.4
2835, -0.3
2836, -0.3
2837, 0.2
2838, -0.1
2839, -0.1
2840, 0.1
2841, -0.2
2842, 0.4
2843, 0.1
2844, 0.0
2845, -0.2
2846, 0.0
2847, 0.0
2848, 0.0
2849, -0.1
2850, 0.3
2851, 0.1
2852, 0.0
2853, -0.2
2854, 0.0
2855, 0.1
2856, -0.4
2857, 0.2
2858, 0.0
2859, 0.2
2860, 0.0
2861, 0.2
2862, 0.2
2863, 0.1
2864, 0.3
2865, -0.3
2866, 0.1
2867, 0.4
2868, 0.0
2869, -0.2
2870, 0.0
2871, 0.2
2872, 0.1
2873, -0.5
2874, 0.0
2875, -0.2
2876, 0.0
2877, 0.1
2878, 0.1
2879, 0.3
2880, -0.3
2881, 0.2
2882, 0.2
2883, 0.3
2884, -0.1
2885, 0.0
2886, 0.1
2887, 0.3
2888, 0.1
2889, -0.1
2890, 0.0
2891, -0.2
2892, 0.0
2893, -0.3
2894, -0.4
2895, -0.1
2896, -0.1
2897, -0.1
2898, 0.1
2899, -0.3
2900, 0.1
2901, -1.0
2902, 0.3
2903, -0.2
2904, 0.3
2905, 0.4
2906, 0.2
2907, -0.1
2908, 0.0
2909, -0.1
2910, -0.3
2911, -0.1
2912, 0.0
2913, 0.4
2914, 0.4
2915, -0.5
2916, 0.2
2917, 0.1
2918, 0.3
2919, -0.2
2920, -0.1
2921, -0.2
2922, 0.2
2923, 0.2
2924, 0.1
2925, -0.3
2926, 0.1
2927, -0.3
2928, 0.4
2929, -0.1
2930, 0.3
2931, 0.1
2932, 0.3
2933, -0.2
2934, 0.2
2935, -0.2
2936, -0.2
2937, 0.1
2938, -0.2
2939, 0.0
2940, 0.2
2941, -0.1
2942, -0.1
2943, 0.2
2944, -0.4
2945, -0.2
2946, 0.3
2947, 0.2
2948, -0.4
2949, 0.4
2950, 0.1
2951, -0.3
2952, 0.1
2953, -0.3
2954, -0.3
2955, -0.2
2956, 0.3
2957, -0.1
2958, 0.3
2959, -0.3
2960, -0.2
2961, 0.4
2962, -0.6
2963, 0.0
2964, 0.1
2965, -0.2
2966, 0.0
2967, 0.4
2968, 0.3
2969, 0.2
2970, 0.2
2971, -0.1
2972, 0.0
2973, -0.1
2974, 0.0
2975, 0.1
2976, -0.1
2977, 0.3
2978, -0.4
2979, 0.0
2980, 0.2
2981, -0.2
2982, 0.1
2983, -0.5
2984, -0.2
2985, 0.0
2986, 0.0
2987, -0.2
2988, 0.1
2989, 0.0
2990, -0.1
2991, -0.2
2992, -0.2
2993, 0.2
2994, -0.1
2995, 0.0
2996, 0.3
2997, 0.2
2998, -0.3
2999, -0.4
3000, 0.1
3001, 0.1
3002, 0.1
3003, 0.0
3004, 0.2
3005, -0.3
3006, -0.4
3007, -0.1
3008, -0.3
3009, -0.2
3010, 0.3
3011, -0.1
3012, 0.0
3013, 0.2
3014, -0.2
3015, -0.1
3016, 0.0
3017, 0.2
3018, -0.2
3019, -0.2
3020, -0.4
3021, -0.2
3022, -0.4
3023, 0.1
3024, 0.1
3025, -0.5
3026, -0.1
3027, 0.2
3028, -0.2
3029, -0.1
3030, 0.0
3031, -0.2
3032, 0.0
3033, -0.4
3034, 0.2
3035, 0.0
3036, 0.2
3037, 0.3
3038, 0.0
3039, 0.3
3040, 0.0
3041, 0.1
3042, 0.0
3043, 0.0
3044, 0.1
3045, -0.1
3046, -0.3
3047, 0.1
3048, 0.0
3049, 0.3
3050, 0.2
3051, 0.0
3052, -0.3
3053, 0.3
3054, 0.2
3055, 0.1
3056, -0.4
3057, 0.0
3058, 0.0
3059, -0.2
3060, 0.2
3061, 0.0
3062, 0.2
3063, -0.2
3064, 0.4
3065, 0.4
3066, 0.2
3067, -0.3
3068, -0.2
3069, 0.0
3070, -0.1
3071, 0.3
3072, -0.1
3073, -0.3
3074, -0.2
3075, 0.1
3076, 0.2
3077, -0.3
3078, -0.4
3079, -0.1
3080, -0.2
3081, 0.1
3082, -0.2
3083, -0.1
3084, 0.0
3085, -0.3
3086, -0.3
3087, -0.6
3088, -0.2
3089, -0.1
3090, -0.2
3091, 0.0
3092, -0.2
3093, 0.1
3094, -0.2
3095, 0.0
3096, -0.2
3097, 0.0
3098, -0.2
3099, 0.0
3100, 0.0
3101, 0.2
3102, 0.1
3103, -0.2
3104, 0.1
3105, 0.0
3106, 0.2
3107, -0.4
3108, 0.0
3109, 0.1
3110, 0.1
3111, 0.1
3112, 0.1
3113, -0.4
3114, 0.1
3115, 0.0
3116, 0.0
3117, 0.0
3118, 0.1
3119, 0.2
3120, 0.0
3121, 0.0
3122, 0.0
3123, -0.1
3124, -0.3
3125, 0.1
3126, 0.1
3127, 0.0
3128, 0.1
3129, 0.1
3130, 0.0
3131, -0.1
3132, 0.1
3133, 0.0
3134, -0.3
3135, -0.3
3136, 0.0
3137, -0.1
3138, -0.1
3139, 0.2
3140, 0.2
3141, -0.2
3142, 0.4
3143, 0.2
3144, 0.3
3145, -0.2
3146, -0.2
3147, 0.3
3148, -0.2
3149, 0.1
3150, -0.2
3151, -0.1
3152, -0.1
3153, -0.2
3154, -0.2
3155, -0.1
3156, -0.3
3157, 0.1
3158, 0.3
3159, 0.0
3160, 0.0
3161, 0.0
3162, 0.0
3163, -0.2
3164, 0.1
3165, 0.0
3166, -0.1
3167, 0.1
3168, -0.3
3169, 0.0
3170, -0.2
3171, 0.0
3172, 0.3
3173, 0.2
3174, 0.0
3175, 0.2
3176, -0.2
3177, -0.3
3178, 0.2
3179, 0.0
3180, 0.2
3181, -0.3
3182, 0.0
3183, -0.1
3184, 0.1
3185, -0.3
3186, -0.1
3187, 0.2
3188, -0.2
3189, 0.1
3190, -0.4
3191, 0.1
3192, 0.4
3193, 0.1
3194, 0.1
3195, -0.2
3196, -0.1
3197, -0.4
3198, -0.5
3199, 0.2
3200, -0.3
3201, 0.3
3202, 0.0
3203, 0.1
3204, -0.5
3205, 0.0
3206, 0.1
3207, 0.0
3208, 0.0
3209, 0.1
3210, 0.1
3211, 0.1
3212, 0.2
3213, 0.0
3214, 0.0
3215, -0.1
3216, -0.4
3217, -0.3
3218, -0.3
3219, -0.2
3220, -0.2
3221, -0.1
3222, -0.1
3223, 0.2
3224, -0.2
3225, 0.0
3226, 0.0
3227, 0.5
3228, 0.1
3229, -0.2
3230, 0.2
3231, -0.3
3232, 0.0
3233, 0.0
3234, -0.1
3235, -0.1
3236, 0.1
3237, -0.2
3238, 0.0
3239, -0.2
3240, -0.5
3241, -0.3
3242, 0.3
3243, -0.3
3244, -0.1
3245, 0.1
3246, 0.2
3247, 0.2
3248, -0.1
3249, -0.2
3250, 0.3
3251, 0.0
3252, -0.3
3253, -0.1
3254, 0.4
3255, 0.0
3256, 0.0
3257, -0.1
3258, 0.1
3259, 0.1
3260, -0.1
3261, -0.6
3262, 0.4
3263, -0.1
3264, 0.1
3265, 0.1
3266, 0.0
3267, -0.1
3268, -0.1
3269, -0.7
3270, 0.3
3271, 0.1
3272, -0.2
3273, -0.1
3274, 0.2
3275, -0.3
3276, -0.2
3277, 0.0
3278, 0.2
3279, -0.4
3280, 0.0
3281, 0.2
3282, 0.3
3283, -0.6
3284, -0.1
3285, 0.0
3286, -0.1
3287, 0.2
3288, 0.2
3289, -0.4
3290, 0.1
3291, 0.1
3292, 0.0
3293, -0.2
3294, 0.0
3295, -0.2
3296, 0.2
3297, 0.4
3298, -0.1
3299, 0.0
3300, 0.1
3301, 0.2
3302, -0.3
3303, 0.1
3304, -0.1
3305, -0.2
3306, -0.4
3307, -0.1
3308, -0.1
3309, -0.2
3310, 0.0
3311, -0.2
3312, -0.2
3313, 0.2
3314, -0.4
3315, -0.2
3316, 0.3
3317, -0.1
3318, 0.4
3319, -0.2
3320, 0.0
3321, 0.1
3322, 0.0
3323, -0.3
3324, 0.4
3325, 0.0
3326, -0.2
3327, 0.0
3328, -0.1
3329, 0.0
3330, 0.1
3331, 0.1
3332, 0.1
3333, -0.2
3334, 0.0
3335, 0.0
3336, 0.0
3337, -0.1
3338, -0.2
3339, 0.3
3340, -0.1
3341, 0.1
3342, 0.0
3343, -0.3
3344, 0.1
3345, -0.1
3346, 0.0
3347, 0.4
3348, -0.1
3349, 0.1
3350, -0.1
3351, 0.4
3352, 0.4
3353, -0.1
3354, -0.1
3355, -0.6
3356, 0.1
3357, -0.2
3358, 0.5
3359, 0.0
3360, 0.1
3361, -0.1
3362, 0.3
3363, 0.0
3364, -0.3
3365, 0.2
3366, -0.2
3367, 0.1
3368, -0.4
3369, 0.0
3370, 0.1
3371, 0.7
3372, -0.2
3373, 0.1
3374, -0.6
3375, 0.1
3376, -0.5
3377, 0.4
3378, 0.1
3379, -0.2
3380, 0.3
3381, 0.0
3382, -0.3
3383, -0.1
3384, 0.1
3385, -0.4
3386, 0.1
3387, 0.4
3388, 0.1
3389, 0.0
3390, 0.3
3391, -0.1
3392, -0.5
3393, 0.1
3394, 0.3
3395, 0.1
3396, 0.5
3397, 0.3
3398, -0.1
3399, 0.1
3400, 0.2
3401, 0.3
3402, -0.3
3403, 0.3
3404, -0.2
3405, 0.3
3406, -0.1
3407, 0.2
3408, 0.4
3409, 0.3
3410, 0.0
3411, -0.4
3412, 0.2
3413, 0.3
3414, -0.6
3415, -0.1
3416, 0.1
3417, 0.2
3418, -0.1
3419, -0.2
3420, -0.3
3421, 0.1
3422, -0.1
3423, 0.2
3424, -0.2
3425, 0.1
3426, 0.2
3427, -0.1
3428, -0.2
3429, 0.2
3430, 0.2
3431, 0.3
3432, 0.0
3433, 0.1
3434, 0.0
3435, 0.0
3436, -0.3
3437, 0.1
3438, 0.2
3439, 0.0
3440, 0.1
3441, -0.1
3442, -0.2
3443, 0.1
3444, 0.3
3445, 0.5
3446, 0.1
3447, -0.1
3448, -0.2
3449, -0.3
3450, 0.1
3451, -0.3
3452, 0.1
3453, 0.1
3454, 0.2
3455, -0.7
3456, 0.1
3457, -0.2
3458, 0.0
3459, 0.1
3460, -0.4
3461, -0.6
3462, -0.1
3463, 0.1
3464, 0.0
3465, 0.1
3466, -0.2
3467, 0.0
3468, 0.2
3469, 0.2
3470, 0.1
3471, 0.3
3472, 0.1
3473, -0.1
3474, 0.0
3475, -0.5
3476, 0.0
3477, 0.3
3478, -0.2
3479, -0.2
3480, 0.3
3481, 0.4
3482, 0.2
3483, 0.2
3484, 0.1
3485, 0.4
3486, 0.0
3487, 0.1
3488, 0.0
3489, 0.1
3490, -0.2
3491, 0.4
3492, 0.1
3493, 0.3
3494, -0.2
3495, -0.5
3496, -0.5
3497, -0.1
3498, 0.0
3499, -0.2
3500, 0.1
3501, -0.1
3502, -0.4
3503, 0.0
3504, -0.1
3505, 0.3
3506, 0.2
3507, 0.2
3508, 0.3
3509, 0.1
3510, 0.1
3511, 0.1
3512, 0.1
3513, 0.0
3514, -0.1
3515, 0.1
3516, 0.2
3517, -0.2
3518, -0.1
3519, 0.0
3520, -0.1
3521, -0.4
3522, -0.1
3523, 0.0
3524, 0.3
3525, 0.2
3526, 0.1
3527, 0.2
3528, -0.2
3529, 0.0
3530, -0.3
3531, -0.3
3532, 0.3
3533, 0.1
3534, 0.1
3535, 0.0
3536, -0.1
3537, 0.2
3538, 0.0
3539, 0.3
3540, 0.0
3541, 0.2
3542, 0.1
3543, -0.3
3544, 0.2
3545, 0.4
3546, 0.5
3547, 0.0
3548, -0.3
3549, 0.0
3550, 0.1
3551, -0.1
3552, 0.1
3553, -0.3
3554, -0.1
3555, -0.3
3556, 0.0
3557, -0.2
3558, -0.1
3559, -0.4
3560, 0.0
3561, 0.1
3562, 0.3
3563, -0.3
3564, -0.2
3565, 0.0
3566, -0.2
3567, 0.3
3568, 0.1
3569, -0.4
3570, 0.1
3571, 0.1
3572, -0.1
3573, 0.3
3574, 0.2
3575, -0.2
3576, -0.1
3577, 0.1
3578, 0.0
3579, 0.1
3580, -0.1
3581, 0.3
3582, 0.1
3583, -0.4
3584, 0.3
3585, -0.2
3586, 0.3
3587, 0.2
3588, 0.0
3589, 0.0
3590, 0.1
3591, -0.5
3592, -0.1
3593, -0.1
3594, 0.3
3595, 0.0
3596, 0.4
3597, -0.3
3598, 0.3
3599, -0.2
3600, 0.0
3601, 0.3
3602, -0.1
3603, 0.4
3604, 0.0
3605, 0.2
3606, -0.3
3607, -0.2
3608, 0.0
3609, 0.0
3610, -0.2
3611, 0.2
3612, 0.4
3613, -0.2
3614, 0.3
3615, -0.5
3616, -0.3
3617, -0.4
3618, 0.2
3619, 0.0
3620, 0.1
3621, -0.1
3622, 0.4
3623, -0.1
3624, 0.2
3625, 0.1
3626, -0.1
3627, 0.1
3628, 0.2
3629, 0.2
3630, 0.1
3631, 0.2
3632, 0.3
3633, 0.3
3634, 0.0
3635, 0.2
3636, 0.1
3637, -0.3
3638, 0.3
3639, 0.0
3640, -0.2
3641, 0.0
3642, -0.2
3643, -0.1
3644, 0.1
3645, 0.1
3646, -0.1
3647, -0.1
3648, 0.2
3649, 0.2
3650, -0.1
3651, 0.1
3652, 0.2
3653, 0.2
3654, 0.2
3655, 0.2
3656, 0.2
3657, 0.0
3658, -0.2
3659, 0.1
3660, 0.1
3661, -0.1
3662, 0.0
3663, 0.0
3664, 0.3
3665, 0.1
3666, 0.1
3667, 0.3
3668, -0.4
3669, 0.2
3670, 0.1
3671, 0.2
3672, 0.0
3673, 0.0
3674, 0.1
3675, -0.1
3676, 0.1
3677, 0.2
3678, -0.2
3679, 0.1
3680, 0.0
3681, 0.1
3682, 0.0
3683, -0.1
3684, 0.4
3685, -0.1
3686, 0.1
3687, -0.2
3688, -0.1
3689, 0.2
3690, -0.4
3691, 0.2
3692, 0.0
3693, -0.2
3694, 0.3
3695, 0.1
3696, 0.2
3697, 0.2
3698, -0.3
3699, -0.4
3700, 0.0
3701, 0.0
3702, 0.0
3703, 0.0
3704, 0.1
3705, 0.1
3706, 0.2
3707, 0.1
3708, -0.4
3709, 0.1
3710, 0.2
3711, 0.2
3712, 0.1
3713, 0.0
3714, 0.3
3715, 0.1
3716, 0.0
3717, 0.1
3718, 0.4
3719, 0.1
3720, -0.1
3721, 0.3
3722, -0.1
3723, 0.0
3724, 0.2
3725, 0.2
3726, -0.1
3727, -0.2
3728, -0.1
3729, 0.2
3730, 0.1
3731, -0.1
3732, 0.2
3733, -0.3
3734, 0.1
3735, -0.1
3736, 0.2
3737, 0.4
3738, 0.2
3739, -0.2
3740, -0.1
3741, 0.1
3742, -0.3
3743, -0.1
3744, 0.2
3745, 0.2
3746, -0.1
3747, -0.4
3748, 0.2
3749, 0.2
3750, 0.1
3751, 0.0
3752, -0.3
3753, 0.0
3754, -0.3
3755, -0.1
3756, 0.0
3757, 0.3
3758, -0.2
3759, 0.2
3760, 0.0
3761, -0.4
3762, 0.1
3763, 0.0
3764, 0.1
3765, 0.2
3766, 0.1
3767, 0.1
3768, 0.2
3769, -0.3
3770, 0.1
3771, 0.2
3772, -0.4
3773, -0.1
3774, -0.4
3775, 0.0
3776, -0.1
3777, 0.0
3778, 0.3
3779, 0.1
3780, -0.1
3781, 0.1
3782, 0.1
3783, 0.3
3784, -0.3
3785, -0.2
3786, -0.2
3787, 0.3
3788, 0.2
3789, 0.1
3790, 0.0
3791, 0.1
3792, 0.0
3793, 0.0
3794, 0.5
3795, -0.3
3796, -0.2
3797, -0.1
3798, 0.0
3799, 0.0
3800, -0.2
3801, -0.2
3802, 0.0
3803, -0.1
3804, 0.1
3805, 0.2
3806, -0.3
3807, -0.2
3808, 0.2
3809, 0.0
3810, 0.1
3811, 0.3
3812, -0.2
3813, 0.4
3814, -0.1
3815, 0.2
3816, 0.0
3817, 0.1
3818, 0.2
3819, 0.2
3820, 0.0
3821, 0.0
3822, -0.3
3823, -0.2
3824, 0.0
3825, 0.0
3826, 0.3
3827, 0.2
3828, -0.1
3829, 0.0
3830, -0.2
3831, 0.1
3832, -0.1
3833, 0.1
3834, 0.3
3835, -0.1
3836, 0.1
3837, 0.1
3838, -0.3
3839, 0.1
3840, 0.0
3841, -0.3
3842, 0.0
3843, 0.1
3844, 0.1
3845, -0.1
3846, -0.1
3847, 0.2
3848, -0.1
3849, -0.1
3850, 0.2
3851, 0.3
3852, -0.3
3853, -0.5
3854, -0.1
3855, -0.2
3856, 0.0
3857, -0.2
3858, -0.1
3859, -0.1
3860, -0.1
3861, 0.1
3862, 0.0
3863, 0.3
3864, 0.0
3865, -0.2
3866, 0.1
3867, 0.2
3868, -0.2
3869, 0.1
3870, 0.1
3871, -0.3
3872, -0.3
3873, -0.2
3874, -0.1
3875, 0.1
3876, -0.3
3877, 0.0
3878, -0.1
3879, -0.1
3880, -0.1
3881, 0.2
3882, 0.1
3883, -0.1
3884, 0.0
3885, -0.3
3886, -0.2
3887, 0.3
3888, 0.3
3889, 0.2
3890, -0.3
3891, -0.1
3892, 0.2
3893, -0.2
3894, 0.2
3895, -0.2
3896, 0.1
3897, 0.3
3898, 0.3
3899, 0.3
3900, 0.4
3901, 0.1
3902, 0.2
3903, 0.0
3904, -0.2
3905, -0.2
3906, 0.1
3907, 0.0
3908, -0.2
3909, 0.2
3910, -0.3
3911, 0.0
3912, -0.3
3913, -0.1
3914, -0.1
3915, 0.1
3916, -0.3
3917, 0.5
3918, 0.0
3919, -0.4
3920, 0.0
3921, 0.0
3922, 0.3
3923, 0.1
3924, 0.2
3925, 0.0
3926, -0.3
3927, 0.0
3928, 0.3
3929, -0.1
3930, -0.1
3931, -0.3
3932, 0.1
3933, 0.2
3934, 0.3
3935, -0.4
3936, 0.0
3937, 0.0
3938, 0.2
3939, 0.4
3940, 0.2
3941, -0.5
3942, 0.2
3943, -0.3
3944, 0.0
3945, 0.3
3946, 0.2
3947, 0.2
3948, -0.1
3949, 0.1
3950, 0.2
3951, -0.1
3952, 0.1
3953, 0.0
3954, -0.1
3955, 0.1
3956, 0.1
3957, 0.2
3958, 0.3
3959, -0.1
3960, 0.1
3961, 0.0
3962, 0.1
3963, -0.2
3964, 0.1
3965, 0.0
3966, 0.2
3967, -0.1
3968, -0.2
3969, 0.0
3970, 0.0
3971, -0.5
3972, 0.0
3973, 0.0
3974, 0.1
3975, 0.1
3976, 0.3
3977, 0.1
3978, 0.0
3979, -0.2
3980, 0.3
3981, -0.1
3982, 0.3
3983, 0.2
3984, -0.1
3985, 0.0
3986, -0.1
3987, -0.2
3988, 0.4
3989, 0.2
3990, 0.1
3991, 0.1
3992, 0.1
3993, 0.2
3994, 0.1
3995, -0.5
3996, 0.0
3997, 0.3
3998, 0.2
3999, 0.2
