0, 0.0
1, 0.1
2, -0.2
3, -0.2
4, 0.0
5, 0.2
6, -0.1
7, -0.4
8, 0.2
9, 0.0
10, -0.1
11, 0.3
12, 0.3
13, 0.3
14, 0.2
15, 0.1
16, 0.0
17, -0.2
18, -0.2
19, 0.0
20, 0.0
21, -0.4
22, -0.3
23, 0.0
24, 0.0
25, -0.1
26, 0.3
27, 0.1
28, -0.3
29, 0.0
30, 0.1
31, -0.2
32, 0.1
33, -0.1
34, 0.1
35, 0.2
36, 0.3
37, 0.1
38, 0.1
39, -0.5
40, 0.0
41, 0.1
42, 0.1
43, -0.1
44, 0.2
45, 0.3
46, 0.3
47, -0.3
48, 0.1
49, -0.4
50, -0.2
51, -0.5
52, 0.1
53, 0.2
54, -0.4
55, -0.1
56, -0.5
57, 0.0
58, 0.5
59, 0.0
60, 0.3
61, -0.2
62, 0.4
63, -0.2
64, -0.3
65, -0.1
66, 0.0
67, -0.2
68, -0.2
69, 0.0
70, -0.5
71, 0.2
72, 0.1
73, 0.2
74, 0.1
75, -0.2
76, 0.3
77, 0.0
78, -0.3
79, -0.1
80, -0.3
81, -0.3
82, -0.3
83, -0.2
84, -0.3
85, 0.0
86, -0.1
87, 0.3
88, 0.0
89, 0.5
90, 0.2
91, 0.1
92, 0.0
93, 0.2
94, 0.5
95, 0.0
96, 0.4
97, 0.2
98, 0.0
99, -0.2
100, -0.3
101, -0.1
102, 0.0
103, -0.1
104, 0.1
105, 0.3
106, -0.2
107, 0.4
108, 0.2
109, 0.3
110, 0.0
111, 0.1
112, 0.0
113, -0.1
114, 0.4
115, -0.1
116, -0.1
117, 0.4
118, -0.3
119, 0.3
120, 0.3
121, 0.2
122, 0.3
123, -0.3
124, 0.3
125, 0.2
126, 0.4
127, -0.1
128, 0.3
129, 0.5
130, 0.0
131, -0.6
132, -0.1
133, 0.2
134, -0.2
135, 0.2
136, 0.0
137, 0.2
138, -0.1
139, 0.1
140, 0.1
141, 0.1
142, 0.1
143, -0.2
144, 0.3
145, 0.2
146, -0.4
147, 0.0
148, -0.3
149, 0.4
150, -0.1
151, 0.2
152, -0.2
153, -0.5
154, -0.1
155, 0.0
156, -0.1
157, 0.1
158, 0.1
159, 0.2
160, 0.0
161, 0.1
162, -0.3
163, -0.1
164, 0.1
165, 0.1
166, -0.3
167, 0.0
168, 0.1
169, -0.1
170, 0.0
171, -0.7
172, 0.0
173, 0.0
174, 0.0
175, -0.1
176, -0.2
177, -0.1
178, 0.1
179, 0.0
180, 0.1
181, -0.3
182, 0.1
183, 0.3
184, 0.2
185, 0.2
186, 0.3
187, -0.4
188, 0.1
189, 0.2
190, 0.1
191, 0.0
192, 0.0
193, 0.3
194, -0.1
195, -0.1
196, 0.1
197, -0.3
198, -0.3
199, 0.0
200, -0.2
201, 0.2
202, 0.0
203, 0.3
204, 0.3
205, -0.1
206, -0.2
207, 0.2
208, 0.3
209, -0.1
210, 0.3
211, 0.3
212, -0.2
213, -0.2
214, 0.5
215, 0.0
216, 0.0
217, -0.1
218, 0.1
219, 0.0
220, 0.0
221, 0.1
222, 0.0
223, -0.1
224, 0.2
225, 0.3
226, 0.0
227, -0.4
228, 0.0
229, -0.2
230, 0.0
231, -0.1
232, -0.4
233, -0.2
234, 0.1
235, 0.3
236, 0.2
237, 0.0
238, -0.3
239, -0.1
240, -0.1
241, 0.0
242, -0.1
243, 0.2
244, 0.1
245, -0.2
246, 0.0
247, -0.4
248, 0.3
249, -0.1
250, 0.0
251, -0.3
252, 0.1
253, -0.1
254, 0.0
255, 0.0
256, -0.2
257, 0.0
258, 0.2
259, -0.1
260, 0.0
261, -0.2
262, 0.2
263, -0.1
264, 0.0
265, -0.5
266, -0.2
267, 0.2
268, 0.0
269, 0.2
270, 0.0
271, -0.1
272, -0.1
273, 0.2
274, 0.3
275, 0.1
276, -0.2
277, -0.2
278, -0.4
279, 0.3
280, 0.0
281, -0.2
282, 0.1
283, 0.4
284, 0.1
285, 0.1
286, 0.1
287, -0.3
288, 0.0
289, 0.3
290, -0.1
291, -0.1
292, 0.1
293, -0.3
294, -0.2
295, 0.2
296, 0.0
297, 0.1
298, 0.1
299, -0.5
300, -0.1
301, 0.1
302, 0.4
303, -0.3
304, -0.1
305, -0.2
306, 0.2
307, -0.1
308, 0.0
309, -0.1
310, 0.1
311, 0.0
312, 0.3
313, -0.7
314, 0.3
315, 0.1
316, -0.3
317, 0.1
318, -0.5
319, 0.3
320, 0.0
321, 0.3
322, 0.2
323, 0.4
324, 0.1
325, 0.0
326, 0.2
327, -0.5
328, 0.1
329, -0.2
330, -0.2
331, 0.3
332, -0.1
333, 0.3
334, -0.2
335, 0.3
336, 0.2
337, 0.3
338, 0.0
339, 0.0
340, 0.4
341, -0.4
342, 0.1
343, 0.4
344, 0.1
345, -0.1
346, 0.1
347, 0.0
348, -0.5
349, 0.0
350, 0.5
351, -0.2
352, 0.1
353, 0.0
354, 0.0
355, -0.2
356, -0.3
357, -0.1
358, 0.2
359, 0.0
360, 0.0
361, -0.3
362, 0.1
363, 0.1
364, 0.2
365, -0.1
366, 0.1
367, 0.0
368, -0.1
369, 0.0
370, 0.1
371, -0.1
372, 0.5
373, -0.2
374, 0.0
375, -0.2
376, -0.3
377, -0.2
378, 0.0
379, -0.2
380, 0.0
381, 0.0
382, -0.2
383, -0.4
384, -0.1
385, 0.0
386, 0.0
387, 0.2
388, 0.0
389, 0.1
390, 0.1
391, -0.4
392, 0.0
393, -0.1
394, 0.1
395, 0.0
396, 0.2
397, 0.0
398, 0.0
399, -0.4
400, 0.4
401, -0.1
402, -0.1
403, 0.0
404, 0.0
405, 0.0
406, -0.6
407, -0.1
408, 0.2
409, 0.0
410, -0.3
411, -0.1
412, 0.0
413, -0.2
414, 0.2
415, 0.1
416, 0.1
417, 0.4
418, -0.1
419, 0.2
420, 0.1
421, 0.0
422, 0.4
423, -0.1
424, 0.3
425, 0.1
426, 0.1
427, -0.3
428, -0.3
429, 0.0
430, 0.2
431, 0.0
432, 0.0
433, -0.3
434, -0.1
435, -0.1
436, 0.4
437, -0.4
438, -0.1
439, 0.1
440, -0.1
441, 0.1
442, 0.2
443, 0.1
444, -0.1
445, -0.1
446, -0.2
447, 0.0
448, 0.2
449, -0.1
450, 0.1
451, -0.3
452, -0.1
453, 0.1
454, 0.1
455, 0.0
456, 0.3
457, 0.0
458, 0.2
459, -0.1
460, 0.4
461, -0.3
462, -0.3
463, 0.4
464, 0.1
465, 0.0
466, 0.3
467, -0.2
468, 0.0
469, 0.0
470, 0.1
471, 0.1
472, -0.1
473, 0.1
474, -0.2
475, -0.3
476, 0.3
477, 0.0
478, 0.2
479, 0.1
480, 0.0
481, -0.2
482, 0.2
483, -0.2
484, 0.2
485, -0.3
486, 0.4
487, -0.3
488, 0.0
489, -0.2
490, 0.0
491, -0.4
492, -0.1
493, -0.2
494, 0.2
495, 0.1
496, 0.2
497, -0.3
498, -0.1
499, 0.0
500, -0.2
501, 0.2
502, -0.1
503, 0.0
504, -0.3
505, 0.4
506, -0.3
507, 0.0
508, -0.1
509, -0.1
510, 0.3
511, 0.0
512, 0.3
513, 0.2
514, -0.2
515, 0.3
516, 0.0
517, -0.4
518, 0.1
519, 0.1
520, 0.0
521, 0.0
522, 0.0
523, -0.2
524, 0.0
525, 0.1
526, -0.1
527, -0.2
528, 0.3
529, -0.3
530, -0.2
531, 0.2
532, 0.1
533, 0.2
534, 0.0
535, -0.2
536, -0.3
537, -0.1
538, 0.0
539, -0.3
540, -0.1
541, 0.0
542, 0.2
543, -0.6
544, -0.3
545, 0.2
546, -0.1
547, 0.2
548, 0.0
549, -0.3
550, -0.2
551, -0.3
552, 0.1
553, -0.1
554, -0.1
555, -0.1
556, -0.1
557, 0.3
558, -0.3
559, 0.0
560, 0.3
561, 0.4
562, -0.1
563, 0.4
564, 0.0
565, 0.1
566, 0.2
567, 0.0
568, 0.1
569, -0.1
570, -0.3
571, 0.1
572, 0.4
573, 0.2
574, -0.4
575, 0.1
576, 0.1
577, 0.2
578, 0.0
579, -0.2
580, 0.1
581, -0.1
582, -0.2
583, 0.2
584, -0.1
585, -0.2
586, 0.5
587, 0.4
588, 0.1
589, 0.1
590, -0.2
591, 0.1
592, -0.3
593, 0.2
594, 0.2
595, -0.2
596, -0.3
597, -0.6
598, -0.2
599, 0.2
600, 0.2
601, 0.2
602, -0.1
603, 0.1
604, 0.0
605, -0.1
606, 0.2
607, 0.0
608, 0.3
609, 0.4
610, 0.0
611, 0.1
612, 0.3
613, 0.3
614, -0.2
615, 0.1
616, -0.1
617, 0.0
618, 0.2
619, 0.0
620, -0.1
621, -0.4
622, -0.2
623, -0.1
624, 0.0
625, -0.3
626, -0.3
627, -0.4
628, 0.1
629, 0.4
630, 0.1
631, 0.1
632, -0.1
633, 0.1
634, -0.2
635, -0.2
636, 0.0
637, 0.4
638, -0.5
639, 0.1
640, -0.1
641, 0.3
642, -0.4
643, -0.3
644, 0.3
645, -0.4
646, -0.1
647, -0.2
648, 0.1
649, 0.0
650, 0.0
651, 0.0
652, 0.2
653, 0.2
654, 0.2
655, 0.3
656, -0.3
657, 0.1
658, 0.0
659, -0.2
660, -0.3
661, -0.2
662, 0.2
663, 0.2
664, 0.1
665, -0.4
666, 0.2
667, -0.5
668, -0.1
669, -0.4
670, 0.0
671, 0.1
672, 0.0
673, 0.0
674, -0.2
675, 0.1
676, 0.5
677, 0.2
678, -0.4
679, -0.1
680, -0.4
681, 0.4
682, 0.2
683, -0.1
684, 0.0
685, 0.1
686, 0.1
687, -0.2
688, -0.1
689, 0.2
690, -0.4
691, 0.0
692, -0.3
693, -0.2
694, 0.4
695, -0.1
696, 0.1
697, -0.1
698, -0.5
699, -0.1
700, 0.1
701, -0.3
702, -0.2
703, -0.2
704, -0.2
705, -0.1
706, 0.1
707, -0.2
708, 0.4
709, 0.0
710, 0.1
711, 0.4
712, -0.4
713, -0.2
714, 0.3
715, -0.3
716, -0.2
717, -0.3
718, 0.0
719, 0.2
720, 0.1
721, -0.2
722, 0.0
723, -0.5
724, 0.0
725, 0.2
726, 0.4
727, -0.1
728, 0.2
729, -0.2
730, -0.1
731, 0.0
732, -0.3
733, 0.0
734, -0.2
735, 0.3
736, 0.0
737, 0.2
738, 0.1
739, 0.1
740, -0.2
741, -0.4
742, 0.1
743, 0.2
744, -0.2
745, 0.0
746, -0.4
747, -0.2
748, 0.1
749, -0.2
750, -0.2
751, -0.2
752, 0.1
753, -0.3
754, 0.2
755, 0.1
756, -0.4
757, 0.1
758, 0.0
759, -0.3
760, 0.2
761, 0.0
762, 0.0
763, 0.0
764, 0.1
765, -0.3
766, 0.1
767, 0.1
768, 0.3
769, 0.1
770, -0.1
771, -0.5
772, -0.2
773, 0.1
774, 0.2
775, -0.2
776, 0.4
777, -0.1
778, 0.2
779, -0.5
780, 0.2
781, 0.1
782, 0.1
783, 0.5
784, -0.1
785, 0.2
786, -0.2
787, -0.4
788, 0.0
789, 0.3
790, 0.0
791, 0.0
792, -0.1
793, 0.0
794, 0.2
795, 0.0
796, 0.2
797, -0.1
798, -0.1
799, 0.0
800, -0.4
801, 0.3
802, 0.0
803, -0.1
804, 0.1
805, -0.1
806, 0.3
807, 0.3
808, 0.1
809, -0.4
810, 0.2
811, 0.0
812, -0.5
813, -0.5
814, -0.1
815, 0.0
816, 0.1
817, 0.2
818, 0.0
819, 0.0
820, -0.4
821, 0.4
822, 0.5
823, 0.1
824, 0.0
825, -0.1
826, -0.2
827, 0.1
828, -0.2
829, 0.3
830, -0.2
831, 0.1
832, -0.1
833, 0.0
834, 0.1
835, 0.3
836, 0.3
837, 0.3
838, 0.4
839, 0.3
840, 0.5
841, -0.1
842, 0.3
843, -0.1
844, 0.2
845, 0.3
846, 0.0
847, 0.0
848, 0.1
849, 0.1
850, -0.2
851, 0.0
852, 0.2
853, 0.0
854, 0.1
855, -0.3
856, -0.1
857, -0.4
858, 0.2
859, 0.1
860, 0.2
861, 0.2
862, -0.2
863, -0.3
864, 0.2
865, 0.3
866, 0.1
867, 0.1
868, -0.6
869, 0.0
870, 0.2
871, 0.1
872, -0.2
873, 0.2
874, 0.1
875, 0.1
876, 0.2
877, 0.0
878, 0.1
879, 0.1
880, 0.1
881, 0.2
882, 0.3
883, 0.0
884, -0.2
885, 0.2
886, 0.0
887, 0.3
888, 0.2
889, 0.2
890, -0.2
891, -0.2
892, 0.2
893, 0.1
894, 0.1
895, -0.1
896, 0.3
897, -0.2
898, 0.2
899, -0.2
900, -0.3
901, -0.3
902, 0.1
903, -0.1
904, -0.1
905, 0.0
906, 0.0
907, -0.3
908, 0.1
909, 0.0
910, -0.3
911, 0.2
912, 0.3
913, 0.1
914, -0.1
915, 0.1
916, -0.3
917, -0.5
918, -0.3
919, -0.2
920, -0.4
921, -0.1
922, 0.0
923, 0.3
924, 0.5
925, 0.1
926, -0.1
927, 0.1
928, 0.2
929, 0.2
930, 0.2
931, -0.1
932, 0.2
933, -0.1
934, -0.2
935, -0.4
936, 0.1
937, 0.3
938, 0.3
939, 0.4
940, 0.4
941, -0.1
942, -0.1
943, -0.3
944, 0.1
945, -0.2
946, 0.4
947, 0.0
948, 0.0
949, 0.0
950, -0.3
951, 0.1
952, 0.1
953, 0.2
954, 0.4
955, 0.0
956, 0.0
957, -0.2
958, 0.0
959, 0.0
960, 0.0
961, 0.0
962, 0.0
963, 0.3
964, 0.2
965, 0.1
966, -0.1
967, 0.1
968, 0.3
969, 0.2
970, -0.4
971, 0.0
972, 0.0
973, 0.2
974, -0.3
975, 0.3
976, 0.3
977, 0.3
978, -0.2
979, 0.3
980, 0.3
981, 0.2
982, 0.0
983, 0.0
984, 0.0
985, 0.0
986, -0.2
987, 0.2
988, -0.5
989, 0.5
990, -0.2
991, -0.3
992, 0.0
993, 0.0
994, -0.1
995, -0.1
996, -0.3
997, 0.3
998, -0.2
999, -0.4
1000, 0.2
1001, -0.1
1002, -0.1
1003, -0.2
1004, 0.1
1005, 0.0
1006, 0.3
1007, -0.5
1008, -0.2
1009, -0.2
1010, -0.1
1011, 0.1
1012, 0.3
1013, 0.1
1014, 0.0
1015, 0.1
1016, -0.3
1017, 0.3
1018, 0.2
1019, -0.1
1020, -0.4
1021, 0.2
1022, 0.2
1023, 0.2
1024, 0.2
1025, 0.1
1026, 0.2
1027, 0.1
1028, 0.3
1029, 0.0
1030, 0.3
1031, 0.1
1032, -0.2
1033, 0.0
1034, 0.2
1035, 0.2
1036, -0.2
1037, -0.1
1038, 0.4
1039, 0.2
1040, 0.0
1041, 0.0
1042, -0.2
1043, 0.4
1044, 0.0
1045, 0.1
1046, 0.4
1047, 0.1
1048, -0.2
1049, 0.2
1050, 0.1
1051, 0.2
1052, 0.0
1053, 0.3
1054, -0.1
1055, 0.1
1056, 0.1
1057, 0.3
1058, 0.0
1059, 0.0
1060, 0.1
1061, 0.4
1062, -0.1
1063, -0.3
1064, 0.0
1065, 0.1
1066, -0.3
1067, 0.4
1068, 0.1
1069, -0.2
1070, 0.1
1071, 0.1
1072, 0.1
1073, 0.0
1074, 0.1
1075, -0.6
1076, 0.0
1077, 0.0
1078, -0.4
1079, -0.2
1080, 0.2
1081, 0.4
1082, -0.1
1083, 0.2
1084, 0.0
1085, 0.3
1086, 0.2
1087, -0.2
1088, 0.0
1089, 0.1
1090, 0.1
1091, -0.4
1092, -0.1
1093, 0.1
1094, 0.1
1095, 0.5
1096, -0.2
1097, 0.3
1098, -0.1
1099, -0.1
1100, -0.2
1101, 0.3
1102, 0.2
1103, -0.1
1104, 0.1
1105, 0.3
1106, 0.3
1107, 0.3
1108, 0.4
1109, 0.1
1110, 0.4
1111, -0.2
1112, 0.3
1113, 0.1
1114, 0.1
1115, -0.2
1116, -0.1
1117, 0.1
1118, -0.3
1119, -0.5
1120, 0.1
1121, -0.2
1122, -0.2
1123, 0.3
1124, -0.1
1125, -0.2
1126, -0.3
1127, -0.1
1128, -0.4
1129, 0.1
1130, -0.2
1131, 0.2
1132, -0.4
1133, 0.3
1134, 0.1
1135, 0.3
1136, -0.3
1137, 0.2
1138, -0.2
1139, -0.3
1140, -0.3
1141, -0.1
1142, 0.0
1143, 0.1
1144, -0.2
1145, -0.4
1146, -0.2
1147, 0.0
1148, 0.1
1149, -0.1
1150, -0.2
1151, 0.2
1152, 0.3
1153, -0.4
1154, 0.1
1155, 0.1
1156, 0.1
1157, -0.2
1158, -0.2
1159, 0.0
1160, 0.0
1161, 0.1
1162, 0.0
1163, -0.4
1164, 0.5
1165, 0.2
1166, -0.2
1167, 0.0
1168, -0.2
1169, -0.5
1170, 0.2
1171, 0.3
1172, -0.2
1173, 0.4
1174, -0.3
1175, 0.1
1176, 0.3
1177, -0.1
1178, 0.3
1179, 0.3
1180, -0.2
1181, -0.2
1182, -0.2
1183, 0.1
1184, 0.2
1185, 0.2
1186, 0.1
1187, -0.1
1188, 0.0
1189, -0.1
1190, -0.1
1191, 0.1
1192, 0.1
1193, -0.3
1194, 0.2
1195, -0.4
1196, -0.1
1197, -0.4
1198, -0.1
1199, -0.2
1200, -0.1
1201, -0.3
1202, -0.2
1203, -0.2
1204, 0.4
1205, -0.2
1206, -0.3
1207, 0.1
1208, 0.5
1209, 0.2
1210, -0.6
1211, 0.1
1212, 0.0
1213, 0.4
1214, 0.3
1215, -0.4
1216, 0.2
1217, 0.3
1218, -0.2
1219, -0.1
1220, -0.3
1221, 0.1
1222, 0.2
1223, -0.5
1224, -0.1
1225, -0.2
1226, 0.0
1227, 0.3
1228, 0.4
1229, 0.3
1230, 0.1
1231, 0.1
1232, 0.2
1233, 0.3
1234, 0.4
1235, 0.1
1236, 0.0
1237, -0.3
1238, -0.1
1239, 0.0
1240, 0.0
1241, 0.2
1242, -0.4
1243, 0.2
1244, -0.6
1245, 0.0
1246, 0.3
1247, -0.3
1248, 0.4
1249, 0.0
1250, 0.0
1251, -0.1
1252, 0.2
1253, 0.2
1254, 0.1
1255, 0.2
1256, -0.2
1257, 0.0
1258, 0.2
1259, 0.4
1260, 0.0
1261, 0.0
1262, 0.1
1263, -0.1
1264, 0.0
1265, -0.3
1266, 0.0
1267, 0.1
1268, -0.1
1269, 0.2
1270, -0.5
1271, 0.0
1272, -0.2
1273, -0.2
1274, 0.2
1275, 0.1
1276, -0.1
1277, -0.5
1278, -0.5
1279, -0.2
1280, 0.3
1281, -0.2
1282, 0.2
1283, 0.0
1284, 0.2
1285, 0.2
1286, 0.2
1287, -0.4
1288, 0.4
1289, -0.3
1290, 0.1
1291, -0.1
1292, -0.2
1293, -0.2
1294, 0.3
1295, 0.0
1296, 0.1
1297, -0.3
1298, 0.0
1299, 0.2
1300, 0.0
1301, 0.2
1302, -0.1
1303, 0.1
1304, -0.5
1305, -0.1
1306, 0.0
1307, -0.2
1308, -0.3
1309, 0.1
1310, 0.0
1311, 0.2
1312, -0.1
1313, -0.1
1314, 0.1
1315, 0.0
1316, 0.4
1317, 0.0
1318, 0.2
1319, 0.0
1320, 0.2
1321, 0.2
1322, 0.0
1323, 0.2
1324, -0.1
1325, -0.1
1326, -0.4
1327, -0.4
1328, 0.0
1329, -0.3
1330, 0.3
1331, 0.3
1332, 0.0
1333, -0.2
1334, 0.1
1335, -0.3
1336, 0.1
1337, 0.2
1338, -0.2
1339, 0.3
1340, -0.1
1341, -0.2
1342, 0.0
1343, 0.1
1344, 0.1
1345, -0.1
1346, -0.1
1347, -0.1
1348, 0.1
1349, 0.0
1350, -0.1
1351, -0.2
1352, 0.0
1353, 0.1
1354, -0.3
1355, 0.2
1356, -0.1
1357, 0.2
1358, 0.1
1359, 0.1
1360, -0.1
1361, 0.0
1362, 0.3
1363, 0.3
1364, 0.1
1365, 0.1
1366, 0.1
1367, 0.4
1368, 0.3
1369, 0.1
1370, -0.1
1371, -0.2
1372, 0.1
1373, 0.0
1374, 0.4
1375, -0.1
1376, 0.3
1377, 0.1
1378, 0.3
1379, -0.3
1380, -0.3
1381, -0.3
1382, 0.1
1383, -0.2
1384, -0.1
1385, -0.2
1386, -0.1
1387, 0.2
1388, 0.0
1389, -0.3
1390, -0.1
1391, 0.0
1392, -0.1
1393, 0.2
1394, 0.3
1395, 0.0
1396, -0.1
1397, 0.1
1398, 0.4
1399, -0.6
1400, 0.0
1401, -0.2
1402, 0.2
1403, -0.3
1404, -0.6
1405, -0.5
1406, 0.1
1407, 0.1
1408, 0.0
1409, -0.2
1410, 0.1
1411, -0.2
1412, -0.4
1413, -0.2
1414, 0.2
1415, 0.0
1416, -0.2
1417, -0.2
1418, -0.2
1419, 0.1
1420, -0.2
1421, -0.2
1422, 0.1
1423, 0.0
1424, -0.2
1425, -0.1
1426, 0.3
1427, 0.1
1428, -0.3
1429, 0.0
1430, 0.0
1431, 0.1
1432, 0.1
1433, -0.4
1434, 0.1
1435, -0.1
1436, 0.0
1437, 0.1
1438, 0.0
1439, -0.3
1440, 0.1
1441, 0.1
1442, 0.0
1443, 0.1
1444, -0.2
1445, 0.2
1446, -0.4
1447, -0.3
1448, 0.4
1449, -0.3
1450, 0.0
1451, -0.1
1452, -0.5
1453, -0.4
1454, -0.1
1455, 0.3
1456, 0.0
1457, 0.2
1458, -0.2
1459, -0.4
1460, 0.1
1461, 0.0
1462, 0.1
1463, 0.0
1464, -0.4
1465, -0.6
1466, -0.5
1467, 0.4
1468, 0.3
1469, 0.3
1470, 0.0
1471, 0.1
1472, -0.3
1473, -0.2
1474, 0.3
1475, 0.2
1476, -0.2
1477, 0.2
1478, -0.1
1479, 0.0
1480, -0.1
1481, 0.1
1482, 0.3
1483, 0.4
1484, 0.1
1485, -0.2
1486, 0.1
1487, -0.1
1488, -0.1
1489, 0.3
1490, 0.0
1491, 0.0
1492, 0.4
1493, 0.4
1494, 0.1
1495, -0.1
1496, -0.2
1497, 0.1
1498, -0.1
1499, 0.0
1500, 0.1
1501, -0.1
1502, -0.1
1503, -0.2
1504, 0.2
1505, -0.3
1506, 0.0
1507, 0.0
1508, 0.1
1509, 0.1
1510, 0.2
1511, 0.1
1512, -0.4
1513, -0.3
1514, -0.1
1515, 0.1
1516, 0.0
1517, 0.3
1518, -0.2
1519, -0.1
1520, 0.0
1521, 0.4
1522, -0.3
1523, 0.2
1524, 0.1
1525, 0.1
1526, -0.4
1527, -0.1
1528, 0.1
1529, 0.0
1530, 0.3
1531, -0.3
1532, 0.1
1533, -0.2
1534, -0.6
1535, 0.1
1536, 0.0
1537, 0.0
1538, 0.5
1539, 0.0
1540, -0.5
1541, 0.3
1542, 0.1
1543, 0.3
1544, -0.2
1545, -0.1
1546, -0.1
1547, -0.2
1548, 0.2
1549, 0.1
1550, 0.1
1551, -0.1
1552, -0.1
1553, -0.2
1554, 0.2
1555, -0.2
1556, 0.1
1557, -0.2
1558, -0.3
1559, 0.1
1560, 0.3
1561, 0.5
1562, 0.1
1563, -0.3
1564, -0.4
1565, -0.2
1566, 0.0
1567, 0.2
1568, 0.4
1569, -0.4
1570, 0.3
1571, -0.1
1572, 0.2
1573, 0.0
1574, 0.1
1575, -0.1
1576, 0.0
1577, 0.1
1578, 0.0
1579, -0.4
1580, -0.4
1581, 0.0
1582, -0.4
1583, -0.2
1584, 0.1
1585, -0.4
1586, 0.2
1587, 0.3
1588, -0.1
1589, 0.0
1590, -0.4
1591, -0.2
1592, -0.2
1593, 0.3
1594, 0.0
1595, 0.1
1596, 0.1
1597, -0.4
1598, 0.5
1599, 0.1
1600, -0.3
1601, 0.1
1602, 0.0
1603, 0.3
1604, 0.4
1605, -0.2
1606, 0.3
1607, 0.3
1608, -0.1
1609, 0.1
1610, 0.0
1611, 0.2
1612, 0.0
1613, -0.4
1614, -0.3
1615, 0.1
1616, -0.1
1617, 0.4
1618, -0.1
1619, 0.0
1620, 0.0
1621, -0.3
1622, -0.2
1623, 0.2
1624, -0.1
1625, -0.3
1626, -0.2
1627, 0.1
1628, 0.0
1629, -0.2
1630, 0.0
1631, -0.1
1632, 0.2
1633, 0.0
1634, -0.1
1635, -0.4
1636, -0.1
1637, -0.3
1638, -0.2
1639, -0.1
1640, -0.2
1641, 0.3
1642, 0.2
1643, -0.1
1644, 0.1
1645, -0.2
1646, 0.0
1647, 0.2
1648, 0.2
1649, 0.0
1650, 0.0
1651, 0.1
1652, 0.4
1653, -0.2
1654, -0.2
1655, -0.2
1656, 0.3
1657, 0.1
1658, -0.1
1659, 0.0
1660, 0.1
1661, -0.1
1662, 0.3
1663, -0.1
1664, 0.1
1665, 0.2
1666, -0.2
1667, 0.2
1668, 0.2
1669, -0.2
1670, 0.2
1671, 0.2
1672, -0.2
1673, -0.1
1674, -0.5
1675, 0.0
1676, 0.2
1677, 0.3
1678, 0.3
1679, -0.5
1680, -0.1
1681, -0.2
1682, -0.2
1683, 0.4
1684, -0.2
1685, 0.2
1686, -0.5
1687, -0.1
1688, -0.1
1689, -0.1
1690, -0.2
1691, 0.3
1692, -0.2
1693, 0.0
1694, -0.2
1695, -0.4
1696, 0.0
1697, 0.0
1698, 0.2
1699, 0.4
1700, 0.0
1701, 0.1
1702, -0.2
1703, -0.2
1704, -0.1
1705, 0.0
1706, -0.3
1707, 0.1
1708, 0.2
1709, -0.1
1710, -0.1
1711, -0.1
1712, 0.2
1713, -0.2
1714, 0.0
1715, -0.4
1716, 0.1
1717, 0.1
1718, 0.2
1719, 0.1
1720, -0.3
1721, -0.3
1722, -0.2
1723, 0.2
1724, 0.1
1725, 0.0
1726, 0.2
1727, 0.2
1728, -0.2
1729, -0.2
1730, -0.1
1731, 0.1
1732, -0.3
1733, -0.5
1734, 0.1
1735, 0.1
1736, 0.0
1737, -0.3
1738, 0.1
1739, -0.4
1740, 0.1
1741, -0.2
1742, -0.2
1743, 0.1
1744, -0.1
1745, 0.3
1746, 0.0
1747, 0.2
1748, 0.0
1749, 0.4
1750, 0.1
1751, -0.5
1752, -0.1
1753, 0.3
1754, -0.3
1755, 0.0
1756, -0.3
1757, 0.1
1758, 0.1
1759, 0.3
1760, 0.4
1761, -0.2
1762, 0.1
1763, -0.2
1764, -0.1
1765, -0.1
1766, 0.3
1767, 0.3
1768, 0.1
1769, -0.1
1770, 0.0
1771, 0.0
1772, 0.1
1773, -0.2
1774, -0.1
1775, -0.4
1776, 0.1
1777, 0.3
1778, -0.1
1779, 0.0
1780, 0.1
1781, 0.1
1782, 0.4
1783, 0.2
1784, 0.1
1785, 0.3
1786, 0.0
1787, 0.4
1788, 0.0
1789, 0.0
1790, -0.1
1791, -0.1
1792, 0.0
1793, -0.2
1794, 0.3
1795, -0.3
1796, 0.0
1797, -0.3
1798, 0.3
1799, 0.0
1800, 0.0
1801, -0.2
1802, -0.1
1803, 0.3
1804, 0.1
1805, 0.0
1806, 0.1
1807, 0.2
1808, 0.2
1809, 0.3
1810, 0.2
1811, 0.1
1812, -0.1
1813, -0.1
1814, -0.1
1815, 0.0
1816, 0.1
1817, -0.3
1818, 0.3
1819, 0.2
1820, -0.1
1821, -0.3
1822, -0.1
1823, 0.0
1824, -0.3
1825, 0.0
1826, 0.0
1827, 0.2
1828, 0.2
1829, 0.0
1830, 0.1
1831, 0.2
1832, -0.1
1833, 0.3
1834, 0.0
1835, -0.2
1836, 0.1
1837, -0.1
1838, -0.4
1839, 0.4
1840, 0.2
1841, -0.2
1842, -0.5
1843, -0.1
1844, 0.0
1845, -0.3
1846, -0.1
1847, 0.1
1848, 0.0
1849, -0.3
1850, -0.1
1851, -0.1
1852, 0.4
1853, 0.0
1854, -0.2
1855, 0.3
1856, 0.0
1857, 0.0
1858, 0.3
1859, 0.0
1860, 0.1
1861, 0.1
1862, 0.2
1863, -0.1
1864, -0.3
1865, -0.3
1866, -0.1
1867, -0.2
1868, -0.1
1869, 0.0
1870, -0.3
1871, -0.4
1872, 0.1
1873, -0.2
1874, 0.3
1875, 0.1
1876, -0.2
1877, -0.2
1878, 0.0
1879, -0.5
1880, 0.0
1881, 0.3
1882, 0.2
1883, -0.1
1884, 0.4
1885, 0.5
1886, 0.1
1887, 0.2
1888, -0.5
1889, 0.2
1890, -0.1
1891, 0.0
1892, -0.4
1893, 0.0
1894, 0.2
1895, 0.0
1896, -0.5
1897, 0.2
1898, 0.1
1899, 0.0
1900, 0.1
1901, 0.1
1902, 0.2
1903, -0.4
1904, 0.2
1905, 0.3
1906, -0.3
1907, 0.2
1908, 0.3
1909, 0.4
1910, 0.0
1911, -0.2
1912, 0.2
1913, -0.2
1914, 0.4
1915, -0.4
1916, -0.2
1917, 0.1
1918, 0.4
1919, -0.4
1920, 0.1
1921, -0.3
1922, -0.2
1923, -0.4
1924, 0.1
1925, 0.0
1926, -0.2
1927, 0.0
1928, 0.0
1929, -0.1
1930, -0.5
1931, -0.3
1932, 0.0
1933, 0.2
1934, -0.2
1935, 0.2
1936, -0.3
1937, 0.2
1938, -0.6
1939, 0.0
1940, 0.2
1941, 0.0
1942, -0.1
1943, -0.4
1944, 0.2
1945, 0.1
1946, 0.3
1947, 0.1
1948, 0.1
1949, -0.2
1950, -0.2
1951, 0.1
1952, -0.4
1953, 0.1
1954, 0.0
1955, 0.1
1956, -0.1
1957, 0.1
1958, 0.1
1959, -0.1
1960, -0.1
1961, -0.2
1962, -0.3
1963, 0.2
1964, -0.2
1965, 0.0
1966, 0.1
1967, -0.3
1968, -0.1
1969, 0.0
1970, -0.2
1971, -0.3
1972, -0.1
1973, 0.2
1974, 0.2
1975, -0.1
1976, -0.7
1977, 0.4
1978, -0.2
1979, 0.1
1980, 0.0
1981, 0.1
1982, -0.3
1983, -0.2
1984, 0.0
1985, 0.0
1986, -0.2
1987, -0.3
1988, -0.1
1989, 0.1
1990, 0.0
1991, 0.0
1992, -0.1
1993, -0.3
1994, 0.1
1995, -0.2
1996, -0.4
1997, 0.2
1998, -0.2
1999, -0.1
2000, -0.5
2001, 0.0
2002, -0.1
2003, 0.1
2004, 0.0
2005, 0.2
2006, -0.3
2007, -0.3
2008, 0.2
2009, 0.2
2010, -0.2
2011, 0.0
2012, -0.2
2013, 0.0
2014, -0.6
2015, -0.2
2016, 0.4
2017, 0.0
2018, -0.2
2019, -0.2
2020, -0.2
2021, -0.1
2022, -0.5
2023, -0.1
2024, 0.0
2025, 0.4
2026, -0.1
2027, 0.0
2028, 0.2
2029, 0.0
2030, -0.6
2031, 0.0
2032, 0.0
2033, -0.1
2034, -0.2
2035, 0.2
2036, 0.0
2037, 0.3
2038, 0.1
2039, -0.1
2040, 0.3
2041, 0.1
2042, -0.2
2043, 0.2
2044, 0.4
2045, 0.1
2046, 0.2
2047, -0.1
2048, -0.2
2049, 0.3
2050, -0.1
2051, -0.4
2052, 0.2
2053, -0.2
2054, -0.4
2055, -0.2
2056, -0.1
2057, 0.3
2058, 0.0
2059, 0.2
2060, 0.2
2061, -0.4
2062, -0.2
2063, 0.1
2064, 0.1
2065, 0.1
2066, 0.1
2067, 0.3
2068, 0.0
2069, 0.4
2070, -0.1
2071, -0.2
2072, -0.4
2073, 0.4
2074, -0.1
2075, -0.1
2076, -0.4
2077, 0.3
2078, -0.2
2079, -0.2
2080, 0.0
2081, 0.1
2082, -0.1
2083, 0.1
2084, -0.3
2085, 0.5
2086, -0.2
2087, 0.2
2088, 0.2
2089, 0.2
2090, 0.0
2091, -0.2
2092, 0.3
2093, -0.1
2094, 0.2
2095, 0.0
2096, -0.1
2097, -0.2
2098, -0.1
2099, 0.0
2100, 0.1
2101, 0.1
2102, 0.3
2103, -0.1
2104, 0.1
2105, 0.1
2106, 0.0
2107, 0.1
2108, 0.0
2109, 0.1
2110, 0.1
2111, -0.1
2112, -0.2
2113, 0.1
2114, 0.0
2115, 0.0
2116, -0.1
2117, 0.1
2118, 0.1
2119, -0.2
2120, -0.3
2121, -0.1
2122, -0.1
2123, 0.4
2124, -0.4
2125, -0.2
2126, -0.1
2127, -0.7
2128, -0.2
2129, 0.0
2130, 0.0
2131, 0.3
2132, 0.0
2133, -0.2
2134, -0.1
2135, 0.4
2136, 0.1
2137, 0.1
2138, -0.1
2139, -0.1
2140, -0.1
2141, 0.0
2142, 0.0
2143, 0.0
2144, 0.2
2145, -0.2
2146, -0.2
2147, -0.3
2148, 0.2
2149, -0.4
2150, -0.3
2151, 0.1
2152, 0.4
2153, -0.2
2154, 0.4
2155, -0.1
2156, -0.2
2157, 0.1
2158, 0.1
2159, -0.1
2160, -0.1
2161, -0.1
2162, 0.0
2163, 0.3
2164, 0.4
2165, -0.4
2166, 0.0
2167, 0.2
2168, 0.2
2169, 0.2
2170, 0.0
2171, 0.3
2172, 0.1
2173, 0.2
2174, -0.5
2175, 0.2
2176, 0.1
2177, -0.3
2178, -0.2
2179, -0.1
2180, -0.1
2181, -0.5
2182, 0.3
2183, 0.2
2184, -0.1
2185, -0.5
2186, 0.1
2187, 0.1
2188, 0.2
2189, -0.1
2190, 0.1
2191, 0.1
2192, 0.5
2193, 0.3
2194, -0.1
2195, 0.3
2196, 0.2
2197, -0.1
2198, 0.0
2199, 0.0
2200, 0.2
2201, 0.5
2202, -0.3
2203, -0.1
2204, -0.1
2205, -0.2
2206, -0.1
2207, 0.0
2208, 0.0
2209, 0.4
2210, -0.5
2211, 0.0
2212, 0.4
2213, 0.0
2214, -0.2
2215, -0.4
2216, -0.1
2217, -0.1
2218, -0.1
2219, -0.1
2220, 0.1
2221, -0.2
2222, 0.1
2223, 0.3
2224, -0.1
2225, 0.1
2226, -0.2
2227, 0.3
2228, 0.2
2229, -0.6
2230, 0.2
2231, 0.1
2232, 0.0
2233, -0.1
2234, -0.5
2235, 0.0
2236, -0.4
2237, 0.0
2238, 0.2
2239, 0.1
2240, -0.1
2241, 0.1
2242, 0.1
2243, 0.1
2244, 0.3
2245, -0.2
2246, -0.3
2247, 0.0
2248, 0.2
2249, 0.1
2250, 0.1
2251, 0.0
2252, 0.0
2253, -0.3
2254, -0.2
2255, -0.2
2256, 0.1
2257, 0.1
2258, 0.0
2259, 0.3
2260, -0.3
2261, 0.2
2262, 0.1
2263, 0.4
2264, -0.1
2265, 0.3
2266, -0.4
2267, -0.2
2268, 0.1
2269, 0.0
2270, 0.0
2271, 0.1
2272, 0.1
2273, 0.0
2274, 0.1
2275, 0.0
2276, -0.6
2277, -0.1
2278, -0.1
2279, -0.6
2280, 0.0
2281, 0.0
2282, 0.4
2283, -0.3
2284, 0.5
2285, 0.1
2286, -0.1
2287, 0.1
2288, 0.0
2289, -0.3
2290, 0.4
2291, 0.0
2292, 0.1
2293, 0.3
2294, -0.2
2295, 0.2
2296, -0.4
2297, 0.0
2298, -0.1
2299, 0.2
2300, -0.1
2301, 0.1
2302, 0.0
2303, 0.3
2304, -0.2
2305, 0.3
2306, 0.0
2307, 0.2
2308, -0.2
2309, 0.1
2310, 0.1
2311, 0.2
2312, 0.0
2313, 0.2
2314, 0.2
2315, 0.1
2316, 0.0
2317, 0.2
2318, 0.3
2319, -0.3
2320, 0.0
2321, 0.3
2322, 0.3
2323, 0.1
2324, 0.4
2325, -0.1
2326, -0.2
2327, 0.0
2328, 0.3
2329, 0.2
2330, -0.3
2331, -0.7
2332, 0.0
2333, -0.2
2334, -0.2
2335, 0.0
2336, 0.0
2337, 0.1
2338, -0.1
2339, 0.0
2340, -0.2
2341, 0.3
2342, 0.1
2343, 0.0
2344, -0.2
2345, 0.2
2346, 0.3
2347, 0.2
2348, 0.3
2349, -0.3
2350, -0.1
2351, 0.1
2352, -0.2
2353, 0.3
2354, 0.1
2355, -0.2
2356, 0.0
2357, 0.0
2358, 0.2
2359, 0.4
2360, -0.1
2361, 0.2
2362, 0.5
2363, 0.2
2364, 0.1
2365, -0.3
2366, -0.2
2367, -0.3
2368, 0.4
2369, -0.4
2370, -0.1
2371, 0.1
2372, -0.4
2373, 0.2
2374, 0.2
2375, -0.1
2376, 0.0
2377, -0.1
2378, 0.1
2379, 0.1
2380, 0.1
2381, -0.3
2382, -0.4
2383, 0.3
2384, 0.1
2385, 0.2
2386, 0.3
2387, 0.1
2388, -0.1
2389, 0.2
2390, -0.1
2391, 0.1
2392, 0.0
2393, 0.1
2394, 0.1
2395, -0.3
2396, 0.0
2397, -0.1
2398, -0.3
2399, -0.3
2400, -0.1
2401, -0.2
2402, -0.1
2403, -0.3
2404, 0.2
2405, -0.2
2406, -0.1
2407, 0.1
2408, -0.3
2409, 0.1
2410, -0.3
2411, 0.1
2412, -0.1
2413, 0.0
2414, 0.3
2415, 0.4
2416, 0.1
2417, -0.1
2418, 0.1
2419, -0.3
2420, -0.1
2421, -0.2
2422, 0.4
2423, -0.4
2424, -0.3
2425, 0.2
2426, -0.6
2427, 0.2
2428, 0.2
2429, 0.0
2430, 0.3
2431, -0.5
2432, 0.1
2433, -0.1
2434, 0.0
2435, -0.1
2436, 0.0
2437, -0.2
2438, 0.1
2439, -0.2
2440, 0.2
2441, -0.3
2442, -0.2
2443, 0.0
2444, 0.1
2445, 0.2
2446, 0.3
2447, -0.1
2448, 0.2
2449, 0.1
2450, 0.3
2451, 0.2
2452, 0.2
2453, -0.1
2454, 0.3
2455, 0.0
2456, -0.1
2457, -0.5
2458, 0.3
2459, 0.0
2460, -0.4
2461, 0.0
2462, 0.0
2463, 0.0
2464, 0.1
2465, -0.3
2466, -0.1
2467, -0.2
2468, 0.1
2469, 0.2
2470, -0.1
2471, 0.2
2472, -0.1
2473, 0.2
2474, -0.4
2475, 0.1
2476, 0.2
2477, 0.0
2478, 0.0
2479, -0.4
2480, 0.2
2481, 0.1
2482, 0.0
2483, -0.5
2484, 0.1
2485, 0.0
2486, 0.1
2487, 0.3
2488, -0.3
2489, -0.2
2490, 0.1
2491, 0.0
2492, 0.0
2493, 0.0
2494, 0.1
2495, 0.1
2496, 0.3
2497, 0.1
2498, 0.3
2499, 0.2
2500, 0.1
2501, 0.1
2502, 0.1
2503, 0.0
2504, 0.2
2505, -0.3
2506, 0.0
2507, 0.0
2508, -0.2
2509, -0.1
2510, 0.3
2511, 0.2
2512, 0.0
2513, 0.3
2514, -0.2
2515, -0.3
2516, 0.0
2517, 0.2
2518, 0.2
2519, 0.0
2520, 0.4
2521, -0.3
2522, 0.4
2523, 0.1
2524, -0.2
2525, 0.1
2526, 0.3
2527, -0.1
2528, 0.1
2529, 0.1
2530, 0.2
2531, -0.3
2532, 0.0
2533, 0.4
2534, 0.1
2535, 0.0
2536, 0.3
2537, 0.0
2538, 0.2
2539, -0.3
2540, 0.1
2541, 0.0
2542, 0.1
2543, -0.1
2544, -0.1
2545, 0.2
2546, -0.2
2547, 0.1
2548, -0.3
2549, -0.2
2550, 0.0
2551, 0.4
2552, 0.1
2553, 0.0
2554, 0.0
2555, -0.1
2556, 0.1
2557, 0.0
2558, 0.4
2559, 0.4
2560, 0.1
2561, 0.1
2562, 0.0
2563, 0.2
2564, -0.3
2565, -0.3
2566, -0.1
2567, 0.1
2568, 0.1
2569, -0.1
2570, -0.2
2571, -0.1
2572, -0.2
2573, 0.2
2574, 0.0
2575, 0.0
2576, 0.0
2577, 0.0
2578, -0.1
2579, -0.2
2580, -0.2
2581, -0.2
2582, 0.0
2583, 0.0
2584, 0.1
2585, 0.5
2586, -0.5
2587, 0.3
2588, 0.3
2589, -0.1
2590, 0.3
2591, 0.0
2592, 0.0
2593, 0.0
2594, -0.3
2595, 0.0
2596, 0.1
2597, 0.2
2598, 0.0
2599, 0.2
2600, 0.2
2601, 0.2
2602, 0.3
2603, 0.0
2604, 0.2
2605, -0.3
2606, 0.2
2607, -0.5
2608, 0.3
2609, -0.2
2610, -0.4
2611, 0.0
2612, 0.2
2613, 0.0
2614, 0.0
2615, 0.0
2616, -0.2
2617, -0.8
2618, 0.1
2619, -0.6
2620, 0.1
2621, 0.3
2622, 0.0
2623, -0.3
2624, -0.2
2625, -0.2
2626, 0.3
2627, 0.2
2628, 0.2
2629, -0.1
2630, 0.1
2631, 0.0
2632, 0.1
2633, 0.3
2634, -0.2
2635, 0.1
2636, 0.5
2637, 0.3
2638, 0.0
2639, 0.1
2640, 0.1
2641, -0.4
2642, 0.4
2643, 0.1
2644, 0.1
2645, -0.1
2646, 0.0
2647, -0.1
2648, -0.1
2649, 0.2
2650, 0.5
2651, 0.1
2652, -0.2
2653, -0.5
2654, 0.2
2655, 0.2
2656, 0.0
2657, 0.0
2658, 0.2
2659, 0.3
2660, 0.4
2661, 0.1
2662, 0.1
2663, 0.0
2664, -0.1
2665, -0.3
2666, 0.4
2667, 0.0
2668, -0.1
2669, -0.2
2670, 0.0
2671, -0.1
2672, 0.2
2673, 0.1
2674, -0.2
2675, 0.1
2676, -0.1
2677, 0.3
2678, -0.2
2679, 0.1
2680, 0.1
2681, 0.0
2682, -0.3
2683, 0.1
2684, -0.1
2685, 0.4
2686, -0.2
2687, 0.0
2688, 0.1
2689, -0.2
2690, 0.1
2691, 0.4
2692, 0.0
2693, 0.0
2694, 0.2
2695, -0.5
2696, 0.2
2697, 0.0
2698, 0.2
2699, -0.1
2700, -0.3
2701, -0.1
2702, 0.4
2703, 0.0
2704, 0.3
2705, 0.1
2706, -0.1
2707, 0.3
2708, 0.0
2709, 0.1
2710, -0.3
2711, -0.6
2712, 0.0
2713, -0.3
2714, 0.1
2715, -0.1
2716, 0.3
2717, 0.3
2718, 0.0
2719, -0.1
2720, -0.1
2721, 0.0
2722, 0.1
2723, 0.1
2724, 0.1
2725, 0.2
2726, 0.2
2727, -0.1
2728, 0.0
2729, 0.2
2730, 0.0
2731, -0.1
2732, 0.1
2733, -0.1
2734, 0.2
2735, -0.2
2736, 0.0
2737, -0.2
2738, -0.5
2739, 0.3
2740, -0.3
2741, 0.0
2742, 0.0
2743, -0.2
2744, 0.1
2745, 0.4
2746, 0.3
2747, 0.3
2748, 0.1
2749, -0.1
2750, 0.3
2751, 0.0
2752, 0.0
2753, -0.4
2754, 0.1
2755, -0.1
2756, -0.2
2757, -0.1
2758, -0.2
2759, -0.2
2760, 0.3
2761, 0.1
2762, -0.1
2763, -0.3
2764, 0.0
2765, 0.0
2766, -0.3
2767, 0.3
2768, 0.1
2769, 0.2
2770, 0.0
2771, 0.3
2772, -0.3
2773, 0.1
2774, 0.1
2775, -0.1
2776, 0.0
2777, -0.2
2778, 0.3
2779, 0.2
2780, 0.0
2781, 0.2
2782, -0.3
2783, 0.1
2784, -0.3
2785, 0.2
2786, -0.1
2787, 0.0
2788, -0.1
2789, -0.4
2790, -0.4
2791, -0.1
2792, -0.4
2793, 0.0
2794, 0.2
2795, -0.1
2796, -0.3
2797, 0.1
2798, 0.2
2799, 0.4
2800, -0.3
2801, 0.3
2802, 0.1
2803, -0.3
2804, 0.5
2805, 0.0
2806, 0.2
2807, -0.1
2808, 0.2
2809, -0.3
2810, 0.0
2811, 0.1
2812, 0.2
2813, 0.1
2814, 0.0
2815, -0.1
2816, -0.1
2817, -0.3
2818, 0.0
2819, -0.4
2820, 0.2
2821, 0.3
2822, 0.1
2823, -0.1
2824, -0.1
2825, -0.1
2826, 0.2
2827, -0.1
2828, -0.2
2829, 0.0
2830, -0.2
2831, 0.2
2832, 0.0
2833, -0.1
2834, -0.2
2835, 0.2
2836, 0.2
2837, -0.2
2838, -0.3
2839, 0.0
2840, -0.1
2841, 0.1
2842, 0.3
2843, 0.3
2844, -0.1
2845, 0.0
2846, 0.3
2847, 0.1
2848, 0.0
2849, -0.2
2850, 0.0
2851, 0.1
2852, 0.0
2853, 0.2
2854, 0.2
2855, 0.1
2856, -0.3
2857, 0.2
2858, 0.1
2859, 0.4
2860, 0.2
2861, 0.0
2862, -0.4
2863, -0.1
2864, 0.1
2865, -0.5
2866, 0.2
2867, -0.1
2868, 0.5
2869, 0.0
2870, 0.1
2871, -0.2
2872, -0.2
2873, 0.4
2874, 0.2
2875, 0.0
2876, -0.5
2877, -0.2
2878, -0.4
2879, 0.0
2880, 0.1
2881, 0.3
2882, -0.6
2883, 0.2
2884, -0.2
2885, 0.2
2886, -0.1
2887, -0.2
2888, -0.1
2889, 0.0
2890, 0.1
2891, 0.2
2892, -0.5
2893, 0.1
2894, 0.5
2895, -0.1
2896, 0.2
2897, 0.4
2898, 0.2
2899, 0.2
2900, -0.2
2901, 0.1
2902, -0.4
2903, -0.5
2904, 0.1
2905, -0.2
2906, 0.3
2907, 0.3
2908, 0.0
2909, 0.2
2910, -0.3
2911, 0.1
2912, -0.2
2913, -0.1
2914, 0.0
2915, 0.0
2916, -0.3
2917, -0.2
2918, 0.0
2919, 0.4
2920, 0.2
2921, 0.0
2922, 0.2
2923, -0.7
2924, 0.4
2925, -0.1
2926, -0.1
2927, -0.1
2928, 0.0
2929, 0.1
2930, -0.5
2931, -0.2
2932, 0.0
2933, 0.0
2934, -0.2
2935, -0.3
2936, -0.1
2937, 0.0
2938, -0.3
2939, 0.1
2940, -0.1
2941, 0.0
2942, 0.0
2943, -0.1
2944, 0.1
2945, 0.2
2946, 0.1
2947, 0.0
2948, 0.0
2949, 0.0
2950, 0.1
2951, -0.2
2952, -0.2
2953, 0.2
2954, 0.2
2955, 0.1
2956, 0.2
2957, -0.2
2958, 0.2
2959, 0.0
2960, -0.2
2961, 0.0
2962, 0.1
2963, -0.1
2964, -0.1
2965, 0.3
2966, -0.5
2967, -0.4
2968, 0.0
2969, 0.3
2970, 0.2
2971, -0.2
2972, 0.1
2973, 0.2
2974, -0.4
2975, 0.3
2976, 0.0
2977, -0.1
2978, 0.2
2979, -0.2
2980, 0.0
2981, 0.1
2982, -0.1
2983, -0.1
2984, -0.2
2985, -0.2
2986, -0.1
2987, 0.0
2988, -0.3
2989, 0.0
2990, -0.5
2991, 0.0
2992, -0.2
2993, 0.2
2994, 0.2
2995, 0.2
2996, 0.0
2997, -0.5
2998, 0.1
2999, 0.0
3000, -0.1
3001, 0.1
3002, -0.1
3003, -0.1
3004, 0.0
3005, 0.3
3006, 0.1
3007, 0.1
3008, 0.3
3009, 0.0
3010, 0.2
3011, -0.4
3012, 0.1
3013, -0.2
3014, 0.3
3015, 0.3
3016, 0.1
3017, 0.2
3018, 0.0
3019, 0.0
3020, -0.4
3021, -0.2
3022, 0.2
3023, 0.0
3024, -0.1
3025, 0.0
3026, 0.3
3027, 0.3
3028, 0.1
3029, 0.1
3030, -0.1
3031, -0.2
3032, -0.3
3033, -0.3
3034, 0.2
3035, -0.2
3036, 0.1
3037, 0.2
3038, 0.2
3039, -0.4
3040, -0.1
3041, 0.1
3042, 0.1
3043, 0.1
3044, -0.2
3045, 0.0
3046, -0.2
3047, -0.5
3048, -0.1
3049, -0.1
3050, 0.3
3051, 0.1
3052, 0.0
3053, 0.1
3054, 0.2
3055, 0.4
3056, 0.0
3057, -0.3
3058, -0.1
3059, -0.4
3060, 0.1
3061, -0.1
3062, 0.3
3063, -0.1
3064, -0.2
3065, 0.0
3066, -0.5
3067, -0.3
3068, 0.3
3069, -0.2
3070, -0.3
3071, 0.1
3072, 0.0
3073, -0.1
3074, 0.2
3075, 0.1
3076, 0.1
3077, 0.3
3078, -0.4
3079, 0.1
3080, 0.1
3081, 0.1
3082, 0.1
3083, 0.0
3084, 0.3
3085, -0.2
3086, 0.0
3087, -0.2
3088, -0.3
3089, 0.2
3090, -0.3
3091, -0.1
3092, 0.1
3093, 0.3
3094, 0.2
3095, -0.1
3096, -0.2
3097, 0.2
3098, 0.3
3099, -0.1
3100, 0.1
3101, -0.2
3102, -0.2
3103, 0.1
3104, 0.2
3105, -0.1
3106, 0.2
3107, 0.2
3108, 0.1
3109, -0.4
3110, -0.3
3111, 0.1
3112, 0.2
3113, 0.4
3114, -0.1
3115, 0.1
3116, 0.1
3117, -0.1
3118, 0.1
3119, 0.0
3120, -0.1
3121, 0.0
3122, 0.0
3123, 0.1
3124, 0.3
3125, 0.1
3126, 0.1
3127, 0.0
3128, 0.0
3129, 0.1
3130, 0.2
3131, -0.4
3132, 0.1
3133, -0.1
3134, -0.5
3135, -0.2
3136, 0.0
3137, 0.0
3138, 0.2
3139, 0.3
3140, -0.2
3141, -0.3
3142, -0.1
3143, 0.0
3144, -0.1
3145, 0.2
3146, -0.1
3147, -0.1
3148, -0.4
3149, -0.1
3150, -0.4
3151, -0.2
3152, 0.2
3153, 0.0
3154, -0.5
3155, 0.5
3156, 0.0
3157, 0.0
3158, 0.0
3159, 0.2
3160, 0.2
3161, 0.0
3162, -0.1
3163, -0.1
3164, -0.1
3165, -0.2
3166, 0.1
3167, -0.1
3168, 0.1
3169, -0.1
3170, -0.2
3171, 0.0
3172, -0.2
3173, 0.1
3174, 0.3
3175, 0.0
3176, 0.0
3177, 0.1
3178, 0.4
3179, 0.0
3180, 0.1
3181, -0.1
3182, 0.0
3183, 0.2
3184, -0.3
3185, -0.1
3186, 0.1
3187, -0.2
3188, -0.2
3189, 0.2
3190, -0.1
3191, 0.3
3192, 0.1
3193, -0.1
3194, 0.1
3195, 0.1
3196, 0.4
3197, 0.0
3198, 0.0
3199, 0.0
3200, -0.4
3201, 0.1
3202, -0.1
3203, 0.2
3204, -0.1
3205, 0.4
3206, 0.1
3207, 0.2
3208, 0.1
3209, -0.2
3210, 0.2
3211, 0.1
3212, -0.4
3213, -0.1
3214, 0.0
3215, -0.1
3216, -0.3
3217, 0.1
3218, 0.2
3219, -0.3
3220, 0.1
3221, 0.3
3222, -0.1
3223, 0.2
3224, -0.1
3225, 0.1
3226, 0.0
3227, 0.1
3228, -0.4
3229, 0.4
3230, -0.4
3231, 0.0
3232, 0.2
3233, 0.0
3234, -0.2
3235, 0.0
3236, 0.0
3237, -0.3
3238, 0.5
3239, -0.2
3240, 0.1
3241, 0.1
3242, -0.3
3243, -0.1
3244, 0.0
3245, -0.6
3246, -0.2
3247, 0.0
3248, 0.1
3249, 0.1
3250, 0.2
3251, 0.0
3252, 0.3
3253, -0.1
3254, 0.0
3255, 0.0
3256, -0.2
3257, -0.2
3258, 0.0
3259, -0.1
3260, 0.2
3261, 0.0
3262, -0.2
3263, -0.2
3264, -0.1
3265, -0.2
3266, 0.0
3267, 0.0
3268, -0.1
3269, 0.3
3270, 0.1
3271, 0.2
3272, -0.2
3273, 0.3
3274, 0.1
3275, 0.0
3276, -0.2
3277, 0.1
3278, 0.3
3279, 0.1
3280, -0.2
3281, -0.6
3282, 0.0
3283, 0.4
3284, -0.2
3285, 0.0
3286, -0.1
3287, 0.1
3288, 0.1
3289, -0.2
3290, 0.0
3291, 0.1
3292, -0.3
3293, 0.1
3294, 0.2
3295, 0.1
3296, 0.2
3297, 0.0
3298, 0.0
3299, -0.2
3300, 0.2
3301, 0.1
3302, -0.1
3303, 0.0
3304, -0.6
3305, -0.1
3306, -0.1
3307, -0.3
3308, 0.0
3309, 0.1
3310, -0.3
3311, 0.2
3312, 0.5
3313, -0.1
3314, -0.2
3315, -0.1
3316, 0.1
3317, -0.2
3318, 0.2
3319, -0.2
3320, 0.1
3321, 0.1
3322, 0.2
3323, 0.0
3324, -0.1
3325, -0.2
3326, 0.0
3327, 0.3
3328, 0.3
3329, -0.2
3330, 0.0
3331, 0.0
3332, 0.1
3333, -0.2
3334, 0.3
3335, 0.4
3336, 0.0
3337, 0.1
3338, -0.1
3339, 0.5
3340, 0.1
3341, -0.4
3342, -0.1
3343, 0.1
3344, -0.2
3345, 0.0
3346, 0.1
3347, 0.0
3348, -0.2
3349, 0.2
3350, 0.2
3351, -0.1
3352, 0.2
3353, 0.1
3354, -0.3
3355, 0.0
3356, -0.3
3357, 0.4
3358, 0.0
3359, 0.1
3360, 0.3
3361, -0.4
3362, 0.2
3363, 0.1
3364, -0.2
3365, 0.3
3366, 0.1
3367, 0.2
3368, -0.5
3369, 0.1
3370, 0.3
3371, -0.1
3372, 0.3
3373, -0.2
3374, 0.0
3375, 0.2
3376, 0.0
3377, 0.5
3378, 0.1
3379, 0.5
3380, 0.0
3381, 0.1
3382, 0.2
3383, 0.1
3384, 0.2
3385, -0.3
3386, -0.3
3387, 0.2
3388, 0.0
3389, -0.3
3390, -0.1
3391, 0.1
3392, -0.2
3393, -0.3
3394, 0.3
3395, 0.2
3396, 0.0
3397, -0.2
3398, -0.2
3399, 0.1
3400, 0.0
3401, 0.0
3402, -0.2
3403, 0.0
3404, -0.1
3405, 0.0
3406, -0.1
3407, 0.0
3408, -0.3
3409, 0.1
3410, 0.0
3411, -0.1
3412, -0.3
3413, 0.0
3414, -0.1
3415, 0.3
3416, -0.3
3417, -0.3
3418, 0.4
3419, 0.2
3420, 0.2
3421, 0.1
3422, 0.2
3423, 0.0
3424, 0.0
3425, 0.0
3426, 0.1
3427, 0.2
3428, -0.1
3429, -0.2
3430, -0.3
3431, -0.4
3432, 0.4
3433, 0.5
3434, 0.1
3435, -0.1
3436, -0.3
3437, -0.1
3438, 0.1
3439, -0.4
3440, -0.2
3441, 0.1
3442, -0.1
3443, 0.3
3444, -0.1
3445, -0.3
3446, -0.5
3447, 0.2
3448, 0.0
3449, 0.2
3450, 0.2
3451, 0.5
3452, -0.1
3453, -0.3
3454, -0.2
3455, -0.2
3456, 0.1
3457, 0.3
3458, -0.3
3459, -0.1
3460, -0.1
3461, 0.1
3462, 0.0
3463, 0.1
3464, 0.2
3465, 0.3
3466, 0.0
3467, -0.1
3468, 0.1
3469, -0.2
3470, 0.4
3471, -0.5
3472, -0.2
3473, 0.0
3474, -0.1
3475, 0.2
3476, 0.1
3477, -0.3
3478, -0.2
3479, -0.1
3480, 0.0
3481, -0.7
3482, 0.0
3483, 0.1
3484, 0.0
3485, 0.1
3486, -0.1
3487, 0.0
3488, 0.0
3489, -0.4
3490, -0.2
3491, 0.2
3492, -0.1
3493, 0.1
3494, 0.0
3495, -0.3
3496, 0.1
3497, 0.0
3498, 0.2
3499, 0.2
3500, -0.1
3501, 0.1
3502, 0.2
3503, -0.2
3504, 0.0
3505, 0.3
3506, 0.2
3507, -0.2
3508, 0.1
3509, -0.3
3510, -0.2
3511, -0.4
3512, 0.3
3513, 0.3
3514, 0.0
3515, 0.2
3516, 0.3
3517, 0.2
3518, 0.0
3519, 0.0
3520, -0.1
3521, -0.6
3522, 0.2
3523, 0.0
3524, 0.1
3525, -0.1
3526, 0.0
3527, 0.4
3528, 0.0
3529, -0.1
3530, -0.2
3531, -0.3
3532, -0.2
3533, 0.4
3534, -0.2
3535, -0.5
3536, -0.2
3537, -0.1
3538, 0.2
3539, 0.0
3540, 0.2
3541, -0.3
3542, 0.1
3543, 0.1
3544, 0.0
3545, 0.0
3546, -0.2
3547, 0.1
3548, 0.0
3549, -0.3
3550, 0.4
3551, 0.3
3552, -0.3
3553, 0.0
3554, 0.1
3555, 0.2
3556, -0.3
3557, 0.0
3558, 0.4
3559, -0.1
3560, 0.0
3561, 0.1
3562, 0.0
3563, 0.0
3564, 0.0
3565, 0.2
3566, 0.4
3567, 0.0
3568, 0.3
3569, -0.1
3570, 0.0
3571, 0.1
3572, -0.1
3573, -0.2
3574, 0.2
3575, 0.1
3576, 0.0
3577, -0.1
3578, 0.1
3579, -0.2
3580, -0.2
3581, 0.1
3582, 0.0
3583, 0.0
3584, -0.2
3585, 0.3
3586, -0.1
3587, 0.1
3588, -0.2
3589, 0.1
3590, 0.2
3591, -0.1
3592, 0.5
3593, -0.1
3594, 0.2
3595, -0.3
3596, 0.2
3597, 0.1
3598, 0.3
3599, -0.1
3600, 0.0
3601, 0.2
3602, 0.1
3603, 0.0
3604, 0.0
3605, 0.1
3606, -0.4
3607, -0.2
3608, 0.1
3609, -0.4
3610, 0.0
3611, 0.1
3612, -0.3
3613, 0.4
3614, -0.1
3615, -0.4
3616, -0.3
3617, 0.0
3618, 0.1
3619, -0.1
3620, -0.2
3621, 0.2
3622, 0.3
3623, -0.4
3624, -0.1
3625, -0.1
3626, 0.2
3627, 0.0
3628, -0.4
3629, -0.1
3630, 0.2
3631, -0.2
3632, -0.3
3633, -0.2
3634, -0.1
3635, 0.0
3636, 0.1
3637, 0.0
3638, 0.0
3639, 0.0
3640, 0.0
3641, -0.2
3642, 0.0
3643, 0.1
3644, -0.1
3645, -0.2
3646, 0.1
3647, 0.2
3648, -0.1
3649, 0.0
3650, -0.3
3651, 0.3
3652, 0.0
3653, 0.1
3654, 0.2
3655, 0.1
3656, -0.1
3657, 0.2
3658, 0.3
3659, 0.0
3660, -0.3
3661, -0.3
3662, 0.2
3663, 0.1
3664, 0.1
3665, -0.1
3666, 0.1
3667, -0.3
3668, 0.1
3669, 0.2
3670, 0.2
3671, -0.1
3672, -0.2
3673, -0.1
3674, 0.1
3675, 0.0
3676, 0.2
3677, 0.0
3678, 0.2
3679, -0.1
3680, 0.2
3681, 0.0
3682, -0.3
3683, -0.4
3684, 0.0
3685, 0.0
3686, -0.4
3687, 0.2
3688, -0.1
3689, 0.2
3690, 0.3
3691, -0.6
3692, -0.3
3693, 0.3
3694, 0.2
3695, -0.1
3696, 0.3
3697, 0.1
3698, 0.2
3699, 0.2
3700, -0.2
3701, 0.1
3702, -0.2
3703, 0.1
3704, -0.4
3705, 0.1
3706, 0.1
3707, -0.1
3708, -0.1
3709, 0.5
3710, -0.2
3711, 0.1
3712, 0.0
3713, 0.1
3714, 0.0
3715, 0.3
3716, 0.2
3717, 0.2
3718, 0.2
3719, -0.5
3720, -0.1
3721, -0.1
3722, 0.2
3723, -0.1
3724, 0.3
3725, -0.3
3726, 0.0
3727, -0.1
3728, -0.4
3729, 0.2
3730, -0.1
3731, 0.3
3732, 0.0
3733, -0.3
3734, 0.1
3735, -0.1
3736, -0.1
3737, -0.2
3738, 0.0
3739, 0.1
3740, 0.0
3741, -0.4
3742, 0.1
3743, 0.1
3744, -0.3
3745, 0.1
3746, 0.3
3747, 0.1
3748, 0.2
3749, 0.1
3750, -0.2
3751, -0.1
3752, -0.1
3753, 0.0
3754, 0.5
3755, 0.0
3756, 0.3
3757, 0.1
3758, -0.2
3759, 0.1
3760, 0.1
3761, 0.2
3762, -0.1
3763, -0.4
3764, 0.0
3765, 0.0
3766, 0.2
3767, 0.1
3768, 0.0
3769, 0.1
3770, 0.0
3771, 0.1
3772, 0.2
3773, 0.2
3774, 0.3
3775, 0.1
3776, 0.0
3777, 0.5
3778, -0.1
3779, -0.3
3780, -0.1
3781, 0.0
3782, -0.1
3783, 0.0
3784, 0.0
3785, -0.2
3786, -0.4
3787, 0.3
3788, 0.0
3789, -0.3
3790, -0.3
3791, 0.3
3792, 0.1
3793, 0.0
3794, 0.2
3795, -0.4
3796, -0.4
3797, 0.1
3798, 0.3
3799, -0.1
3800, 0.2
3801, 0.2
3802, 0.0
3803, 0.0
3804, 0.1
3805, 0.3
3806, 0.0
3807, 0.1
3808, 0.0
3809, -0.2
3810, -0.1
3811, 0.0
3812, 0.0
3813, -0.2
3814, 0.1
3815, -0.2
3816, 0.2
3817, -0.3
3818, 0.1
3819, -0.1
3820, 0.4
3821, 0.0
3822, -0.1
3823, 0.0
3824, 0.3
3825, 0.1
3826, 0.2
3827, 0.2
3828, 0.2
3829, 0.1
3830, -0.3
3831, -0.2
3832, 0.2
3833, -0.4
3834, 0.0
3835, -0.1
3836, 0.0
3837, 0.1
3838, -0.6
3839, 0.5
3840, 0.1
3841, 0.1
3842, 0.0
3843, -0.1
3844, 0.1
3845, 0.0
3846, -0.1
3847, -0.1
3848, 0.4
3849, 0.2
3850, 0.2
3851, 0.2
3852, 0.0
3853, -0.2
3854, -0.1
3855, -0.2
3856, 0.0
3857, -0.1
3858, -0.2
3859, 0.2
3860, -0.4
3861, 0.3
3862, 0.4
3863, 0.1
3864, 0.0
3865, 0.0
3866, 0.0
3867, 0.1
3868, 0.1
3869, 0.2
3870, 0.2
3871, -0.2
3872, 0.2
3873, 0.2
3874, 0.1
3875, -0.2
3876, 0.0
3877, 0.2
3878, 0.2
3879, -0.4
3880, 0.3
3881, -0.2
3882, -0.1
3883, 0.1
3884, 0.3
3885, -0.3
3886, 0.5
3887, 0.3
3888, 0.2
3889, -0.2
3890, 0.0
3891, 0.3
3892, 0.1
3893, -0.3
3894, 0.2
3895, 0.2
3896, 0.2
3897, 0.2
3898, 0.1
3899, -0.2
3900, -0.1
3901, 0.3
3902, 0.0
3903, -0.1
3904, -0.2
3905, 0.4
3906, -0.1
3907, 0.1
3908, 0.1
3909, -0.2
3910, 0.2
3911, 0.3
3912, 0.5
3913, -0.1
3914, -0.1
3915, -0.2
3916, 0.1
3917, 0.1
3918, 0.2
3919, 0.1
3920, -0.2
3921, 0.1
3922, -0.3
3923, 0.3
3924, -0.3
3925, 0.1
3926, 0.1
3927, -0.3
3928, 0.1
3929, 0.1
3930, -0.1
3931, -0.2
3932, -0.2
3933, 0.0
3934, -0.3
3935, 0.0
3936, -0.2
3937, 0.0
3938, 0.2
3939, -0.2
3940, 0.0
3941, -0.1
3942, -0.4
3943, 0.2
3944, -0.4
3945, -0.1
3946, 0.1
3947, 0.2
3948, 0.0
3949, 0.1
3950, 0.2
3951, 0.1
3952, -0.1
3953, -0.2
3954, 0.0
3955, -0.1
3956, -0.1
3957, -0.1
3958, -0.2
3959, 0.2
3960, 0.0
3961, -0.1
3962, -0.2
3963, -0.2
3964, 0.0
3965, -0.1
3966, -0.2
3967, 0.0
3968, -0.1
3969, -0.3
3970, -0.4
3971, 0.1
3972, 0.1
3973, -0.1
3974, 0.1
3975, 0.3
3976, 0.2
3977, 0.0
3978, 0.1
3979, -0.2
3980, 0.1
3981, -0.4
3982, 0.3
3983, -0.1
3984, -0.1
3985, -0.3
3986, -0.1
3987, 0.3
3988, -0.2
3989, 0.2
3990, -0.3
3991, 0.0
3992, 0.2
3993, 0.3
3994, -0.3
3995, 0.3
3996, -0.3
3997, -0.3
3998, -0.3
3999, 0.0
