0, 0.2
1, -0.3
2, 0.4
3, 0.2
4, 0.0
5, -0.3
6, -0.2
7, -0.5
8, 0.2
9, 0.1
10, 0.0
11, 0.3
12, -0.2
13, 0.3
14, 0.1
15, 0.2
16, 0.4
17, 0.1
18, -0.1
19, 0.0
20, 0.2
21, 0.1
22, 0.1
23, -0.2
24, -0.1
25, -0.2
26, -0.2
27, 0.0
28, 0.1
29, 0.0
30, 0.1
31, 0.4
32, -0.1
33, -0.3
34, 0.1
35, 0.3
36, -0.3
37, -0.3
38, 0.2
39, -0.1
40, 0.1
41, 0.3
42, 0.3
43, -0.1
44, 0.3
45, -0.4
46, 0.1
47, -0.3
48, -0.4
49, 0.1
50, -0.1
51, 0.1
52, 0.0
53, 0.1
54, -0.1
55, 0.5
56, -0.6
57, -0.3
58, 0.1
59, -0.2
60, 0.1
61, -0.4
62, 0.1
63, 0.1
64, 0.2
65, 0.2
66, -0.1
67, 0.1
68, 0.2
69, -0.1
70, 0.0
71, -0.4
72, 0.0
73, 0.0
74, 0.1
75, -0.5
76, -0.2
77, 0.3
78, 0.1
79, 0.3
80, 0.1
81, -0.1
82, 0.2
83, 0.1
84, 0.4
85, -0.1
86, -0.1
87, -0.2
88, 0.1
89, 0.2
90, 0.1
91, 0.4
92, 0.3
93, -0.3
94, -0.2
95, -0.1
96, -0.1
97, -0.4
98, -0.1
99, 0.1
100, -0.5
101, -0.1
102, 0.2
103, 0.0
104, -0.1
105, -0.2
106, -0.5
107, 0.2
108, 0.0
109, -0.1
110, 0.1
111, 0.1
112, -0.4
113, 0.0
114, 0.0
115, 0.0
116, 0.1
117, -0.2
118, 0.3
119, 0.1
120, -0.3
121, 0.0
122, -0.2
123, 0.3
124, -0.1
125, -0.2
126, 0.4
127, 0.2
128, -0.1
129, 0.3
130, -0.1
131, -0.2
132, 0.0
133, 0.2
134, 0.0
135, 0.1
136, -0.3
137, -0.2
138, 0.0
139, -0.4
140, 0.3
141, -0.3
142, -0.1
143, -0.2
144, 0.2
145, 0.1
146, 0.4
147, -0.5
148, 0.3
149, 0.3
150, -0.1
151, 0.4
152, 0.0
153, -0.1
154, -0.3
155, 0.2
156, -0.1
157, 0.0
158, 0.2
159, -0.1
160, -0.4
161, 0.0
162, -0.1
163, 0.0
164, 0.0
165, 0.1
166, -0.2
167, -0.2
168, 0.0
169, 0.1
170, 0.2
171, -0.2
172, 0.2
173, 0.0
174, -0.2
175, -0.2
176, 0.2
177, -0.3
178, -0.2
179, 0.2
180, 0.1
181, -0.2
182, -0.1
183, -0.2
184, 0.1
185, 0.3
186, -0.4
187, 0.0
188, -0.2
189, 0.2
190, -0.1
191, 0.4
192, 0.0
193, -0.1
194, 0.2
195, -0.1
196, 0.1
197, 0.2
198, -0.2
199, 0.4
200, 0.2
201, 0.1
202, 0.2
203, -0.1
204, -0.2
205, 0.0
206, 0.0
207, 0.0
208, -0.1
209, 0.2
210, 0.0
211, 0.0
212, 0.1
213, 0.2
214, -0.4
215, -0.1
216, -0.5
217, 0.3
218, 0.5
219, -0.2
220, 0.2
221, -0.2
222, 0.3
223, -0.2
224, -0.2
225, 0.1
226, -0.1
227, 0.2
228, 0.1
229, -0.1
230, -0.1
231, -0.1
232, -0.4
233, 0.1
234, -0.2
235, -0.3
236, 0.4
237, 0.1
238, 0.1
239, -0.1
240, 0.1
241, -0.3
242, -0.3
243, -0.4
244, 0.0
245, 0.2
246, 0.4
247, -0.2
248, -0.1
249, 0.2
250, 0.3
251, 0.1
252, -0.5
253, 0.0
254, -0.2
255, 0.2
256, -0.5
257, 0.6
258, -0.1
259, -0.3
260, -0.4
261, 0.1
262, 0.4
263, 0.0
264, 0.0
265, -0.1
266, -0.2
267, 0.0
268, 0.0
269, -0.4
270, -0.2
271, 0.2
272, 0.1
273, 0.0
274, 0.5
275, 0.0
276, 0.1
277, 0.4
278, -0.2
279, -0.4
280, -0.3
281, -0.8
282, -0.3
283, 0.0
284, 0.0
285, 0.2
286, 0.0
287, -0.3
288, -0.2
289, -0.3
290, -0.2
291, 0.1
292, -0.1
293, 0.0
294, -0.3
295, 0.3
296, -0.1
297, 0.2
298, 0.2
299, 0.1
300, 0.1
301, 0.1
302, -0.1
303, -0.2
304, -0.1
305, 0.1
306, 0.0
307, -0.1
308, 0.2
309, -0.1
310, -0.4
311, 0.0
312, -0.1
313, 0.1
314, -0.3
315, 0.2
316, 0.0
317, -0.2
318, 0.1
319, -0.2
320, 0.0
321, 0.1
322, -0.1
323, 0.3
324, 0.0
325, 0.3
326, 0.1
327, 0.1
328, 0.3
329, 0.3
330, 0.3
331, 0.2
332, 0.0
333, 0.1
334, -0.4
335, 0.1
336, 0.0
337, -0.1
338, -0.3
339, 0.2
340, 0.2
341, 0.1
342, -0.1
343, 0.1
344, 0.1
345, -0.1
346, -0.2
347, -0.1
348, 0.0
349, -0.2
350, 0.2
351, 0.1
352, 0.4
353, 0.2
354, -0.1
355, 0.0
356, 0.1
357, -0.1
358, -0.4
359, 0.0
360, -0.2
361, -0.2
362, 0.2
363, 0.3
364, -0.3
365, 0.0
366, -0.1
367, 0.0
368, 0.2
369, -0.3
370, -0.4
371, 0.0
372, 0.1
373, 0.2
374, -0.2
375, 0.0
376, -0.1
377, -0.3
378, -0.3
379, 0.1
380, 0.1
381, -0.2
382, -0.1
383, 0.2
384, 0.0
385, 0.2
386, -0.2
387, 0.1
388, -0.1
389, -0.2
390, -0.4
391, -0.1
392, -0.7
393, 0.4
394, 0.0
395, 0.2
396, -0.4
397, 0.1
398, -0.3
399, -0.2
400, -0.3
401, 0.3
402, 0.3
403, -0.3
404, 0.1
405, -0.4
406, -0.3
407, -0.4
408, 0.0
409, -0.4
410, 0.1
411, 0.2
412, 0.3
413, 0.2
414, 0.0
415, 0.3
416, -0.1
417, 0.2
418, 0.1
419, 0.3
420, 0.1
421, 0.3
422, 0.2
423, -0.1
424, -0.1
425, -0.5
426, -0.5
427, 0.2
428, 0.0
429, 0.1
430, -0.1
431, 0.5
432, 0.0
433, 0.1
434, 0.2
435, -0.3
436, -0.4
437, 0.2
438, 0.3
439, -0.5
440, 0.1
441, 0.0
442, 0.3
443, -0.1
444, 0.2
445, 0.2
446, -0.3
447, -0.4
448, -0.1
449, 0.0
450, 0.3
451, 0.1
452, 0.3
453, 0.0
454, -0.1
455, 0.2
456, -0.1
457, -0.1
458, -0.5
459, 0.0
460, 0.0
461, 0.1
462, 0.4
463, 0.4
464, -0.3
465, 0.0
466, -0.3
467, 0.1
468, -0.3
469, -0.4
470, -0.1
471, 0.2
472, 0.2
473, -0.1
474, 0.5
475, -0.4
476, 0.4
477, -0.1
478, -0.2
479, 0.2
480, 0.3
481, 0.0
482, 0.0
483, 0.2
484, 0.1
485, 0.3
486, -0.1
487, -0.1
488, -0.1
489, 0.3
490, -0.1
491, 0.1
492, 0.1
493, 0.0
494, 0.3
495, -0.2
496, 0.0
497, -0.3
498, -0.2
499, -0.3
500, 0.2
501, -0.1
502, -0.1
503, 0.0
504, 0.3
505, -0.2
506, 0.3
507, 0.0
508, 0.1
509, 0.0
510, 0.2
511, 0.0
512, -0.1
513, -0.1
514, -0.1
515, 0.3
516, 0.1
517, -0.2
518, 0.3
519, 0.0
520, 0.2
521, 0.0
522, 0.2
523, 0.1
524, 0.2
525, 0.1
526, 0.3
527, -0.4
528, 0.3
529, 0.3
530, -0.2
531, 0.2
532, 0.2
533, -0.2
534, 0.1
535, -0.1
536, -0.3
537, 0.0
538, 0.0
539, 0.0
540, -0.2
541, 0.2
542, 0.4
543, -0.1
544, 0.0
545, -0.1
546, 0.1
547, -0.1
548, 0.1
549, -0.4
550, -0.2
551, 0.2
552, -0.3
553, -0.2
554, 0.3
555, -0.1
556, 0.1
557, -0.1
558, 0.2
559, 0.2
560, -0.2
561, 0.4
562, 0.0
563, 0.2
564, -0.3
565, 0.2
566, 0.1
567, 0.2
568, 0.2
569, -0.2
570, 0.0
571, 0.0
572, 0.0
573, -0.1
574, -0.1
575, -0.2
576, -0.4
577, 0.3
578, 0.0
579, 0.0
580, 0.0
581, -0.6
582, -0.1
583, -0.2
584, 0.2
585, -0.1
586, -0.3
587, 0.1
588, 0.4
589, 0.4
590, 0.0
591, 0.3
592, 0.1
593, 0.3
594, 0.0
595, 0.5
596, 0.0
597, -0.3
598, -0.1
599, -0.1
600, 0.0
601, 0.1
602, 0.5
603, 0.1
604, -0.1
605, -0.5
606, -0.3
607, -0.2
608, 0.1
609, -0.1
610, 0.0
611, 0.5
612, 0.1
613, 0.2
614, 0.3
615, 0.2
616, -0.4
617, 0.2
618, 0.1
619, 0.3
620, -0.2
621, 0.1
622, -0.2
623, 0.0
624, 0.1
625, -0.4
626, 0.0
627, -0.1
628, 0.3
629, 0.0
630, -0.1
631, -0.2
632, 0.0
633, -0.4
634, 0.0
635, 0.4
636, 0.1
637, 0.3
638, -0.2
639, -0.2
640, 0.0
641, 0.1
642, 0.0
643, -0.2
644, 0.2
645, 0.5
646, -0.2
647, 0.0
648, 0.2
649, 0.0
650, -0.6
651, -0.2
652, 0.0
653, -0.2
654, -0.6
655, 0.3
656, 0.0
657, 0.0
658, 0.0
659, 0.4
660, 0.2
661, -0.1
662, 0.3
663, 0.1
664, 0.2
665, -0.3
666, 0.0
667, -0.1
668, -0.4
669, -0.2
670, 0.2
671, -0.2
672, 0.1
673, 0.0
674, -0.3
675, -0.5
676, 0.0
677, -0.3
678, 0.1
679, 0.0
680, 0.0
681, -0.1
682, 0.0
683, 0.1
684, 0.0
685, 0.2
686, 0.0
687, 0.3
688, 0.1
689, 0.1
690, 0.2
691, 0.2
692, 0.2
693, 0.2
694, -0.2
695, 0.1
696, -0.3
697, 0.1
698, 0.0
699, 0.0
700, -0.2
701, -0.3
702, -0.4
703, -0.2
704, 0.3
705, -0.4
706, -0.3
707, 0.0
708, 0.1
709, 0.4
710, -0.1
711, -0.3
712, 0.1
713, -0.2
714, 0.0
715, -0.2
716, -0.2
717, 0.1
718, -0.3
719, -0.4
720, 0.0
721, 0.1
722, 0.0
723, 0.1
724, -0.2
725, -0.2
726, 0.1
727, 0.2
728, 0.0
729, 0.0
730, 0.2
731, 0.1
732, 0.0
733, 0.0
734, 0.0
735, 0.0
736, 0.1
737, -0.1
738, 0.4
739, -0.2
740, 0.0
741, 0.2
742, 0.2
743, 0.2
744, 0.0
745, -0.1
746, 0.0
747, 0.3
748, 0.2
749, 0.0
750, -0.5
751, -0.4
752, -0.3
753, -0.6
754, 0.0
755, 0.4
756, -0.5
757, -0.3
758, -0.2
759, 0.2
760, -0.1
761, -0.4
762, 0.1
763, -0.3
764, -0.2
765, -0.2
766, -0.1
767, 0.1
768, 0.3
769, 0.1
770, -0.4
771, -0.3
772, 0.1
773, 0.1
774, 0.1
775, 0.0
776, -0.2
777, -0.1
778, -0.1
779, -0.1
780, 0.2
781, 0.2
782, -0.1
783, -0.1
784, -0.4
785, 0.0
786, 0.1
787, 0.3
788, 0.0
789, -0.3
790, -0.4
791, 0.4
792, 0.0
793, -0.1
794, 0.2
795, 0.2
796, -0.2
797, -0.4
798, 0.0
799, 0.0
800, 0.0
801, 0.0
802, -0.1
803, 0.1
804, 0.0
805, -0.1
806, -0.3
807, 0.2
808, 0.0
809, -0.2
810, 0.2
811, -0.4
812, 0.3
813, 0.0
814, 0.1
815, 0.3
816, -0.1
817, -0.1
818, -0.1
819, -0.1
820, 0.0
821, 0.0
822, -0.1
823, 0.1
824, 0.3
825, -0.1
826, 0.4
827, 0.1
828, 0.2
829, 0.2
830, -0.4
831, 0.2
832, 0.2
833, -0.5
834, -0.4
835, 0.3
836, 0.2
837, 0.3
838, 0.2
839, 0.1
840, 0.1
841, 0.0
842, 0.0
843, -0.5
844, 0.1
845, 0.3
846, 0.1
847, 0.0
848, 0.3
849, -0.3
850, -0.2
851, -0.2
852, -0.5
853, 0.0
854, 0.0
855, -0.4
856, 0.1
857, -0.2
858, -0.1
859, 0.2
860, -0.1
861, 0.4
862, 0.2
863, -0.2
864, -0.4
865, -0.3
866, -0.4
867, 0.2
868, -0.1
869, -0.2
870, -0.1
871, -0.3
872, 0.3
873, -0.3
874, -0.4
875, -0.4
876, 0.0
877, -0.2
878, -0.1
879, 0.3
880, 0.1
881, -0.2
882, 0.0
883, -0.1
884, -0.6
885, 0.0
886, 0.1
887, 0.3
888, -0.3
889, -0.1
890, 0.0
891, -0.2
892, 0.0
893, 0.3
894, 0.0
895, -0.5
896, 0.3
897, 0.0
898, -0.1
899, -0.1
900, 0.1
901, -0.1
902, 0.3
903, 0.0
904, 0.0
905, 0.2
906, 0.3
907, 0.0
908, 0.3
909, 0.3
910, 0.1
911, 0.2
912, -0.3
913, 0.5
914, 0.3
915, 0.1
916, -0.4
917, 0.0
918, -0.1
919, 0.0
920, -0.3
921, 0.1
922, 0.2
923, 0.4
924, 0.1
925, 0.2
926, 0.2
927, -0.1
928, 0.0
929, -0.1
930, -0.2
931, 0.2
932, -0.2
933, 0.2
934, -0.2
935, 0.2
936, -0.2
937, 0.4
938, 0.2
939, -0.2
940, -0.3
941, -0.5
942, -0.5
943, -0.2
944, -0.1
945, -0.3
946, -0.1
947, -0.2
948, 0.1
949, 0.0
950, 0.0
951, -0.4
952, 0.0
953, 0.0
954, 0.2
955, 0.1
956, 0.1
957, -0.1
958, -0.1
959, -0.2
960, 0.1
961, 0.1
962, 0.0
963, 0.1
964, 0.0
965, -0.1
966, 0.0
967, -0.3
968, 0.2
969, 0.4
970, -0.2
971, 0.1
972, -0.1
973, 0.1
974, -0.1
975, 0.4
976, -0.2
977, -0.4
978, 0.1
979, -0.5
980, 0.2
981, -0.1
982, -0.1
983, 0.0
984, -0.1
985, 0.1
986, 0.3
987, 0.0
988, -0.3
989, 0.1
990, 0.3
991, -0.3
992, -0.1
993, -0.1
994, 0.0
995, 0.0
996, 0.3
997, 0.2
998, -0.2
999, 0.3
1000, 0.0
1001, 0.2
1002, 0.2
1003, -0.1
1004, 0.5
1005, -0.1
1006, 0.1
1007, 0.1
1008, -0.1
1009, 0.0
1010, 0.1
1011, -0.3
1012, 0.4
1013, -0.2
1014, 0.2
1015, -0.2
1016, 0.1
1017, 0.2
1018, 0.0
1019, 0.1
1020, 0.5
1021, 0.0
1022, 0.0
1023, -0.2
1024, 0.2
1025, -0.3
1026, 0.2
1027, 0.0
1028, 0.0
1029, 0.3
1030, 0.4
1031, 0.0
1032, 0.3
1033, -0.4
1034, 0.0
1035, -0.1
1036, 0.1
1037, 0.0
1038, 0.1
1039, 0.2
1040, -0.2
1041, -0.1
1042, -0.2
1043, 0.1
1044, 0.2
1045, 0.2
1046, 0.0
1047, 0.0
1048, 0.2
1049, 0.2
1050, -0.1
1051, 0.0
1052, 0.5
1053, -0.2
1054, 0.2
1055, 0.3
1056, 0.2
1057, 0.4
1058, -0.2
1059, -0.4
1060, 0.0
1061, -0.1
1062, 0.1
1063, -0.1
1064, -0.2
1065, 0.3
1066, 0.0
1067, 0.2
1068, 0.3
1069, 0.3
1070, 0.2
1071, 0.2
1072, 0.1
1073, -0.1
1074, -0.1
1075, -0.4
1076, -0.2
1077, 0.1
1078, 0.2
1079, 0.2
1080, -0.3
1081, -0.1
1082, -0.3
1083, 0.2
1084, 0.1
1085, 0.0
1086, -0.4
1087, 0.0
1088, -0.2
1089, 0.2
1090, 0.3
1091, -0.1
1092, 0.0
1093, 0.2
1094, -0.1
1095, -0.4
1096, -0.3
1097, -0.2
1098, 0.3
1099, 0.2
1100, -0.1
1101, 0.0
1102, 0.0
1103, 0.1
1104, -0.1
1105, -0.2
1106, 0.0
1107, -0.2
1108, 0.1
1109, -0.8
1110, -0.3
1111, -0.1
1112, 0.0
1113, 0.1
1114, 0.1
1115, 0.0
1116, -0.2
1117, 0.2
1118, 0.1
1119, 0.4
1120, -0.1
1121, 0.2
1122, 0.4
1123, 0.0
1124, 0.2
1125, 0.2
1126, 0.0
1127, 0.2
1128, 0.0
1129, -0.2
1130, 0.2
1131, -0.2
1132, -0.1
1133, -0.4
1134, 0.0
1135, -0.5
1136, 0.1
1137, 0.3
1138, 0.2
1139, 0.2
1140, 0.0
1141, 0.0
1142, -0.1
1143, 0.2
1144, 0.0
1145, 0.3
1146, -0.1
1147, -0.2
1148, 0.0
1149, 0.3
1150, 0.3
1151, -0.2
1152, 0.1
1153, 0.0
1154, 0.3
1155, 0.1
1156, 0.0
1157, -0.2
1158, 0.1
1159, 0.0
1160, 0.1
1161, 0.3
1162, -0.2
1163, 0.3
1164, -0.1
1165, -0.1
1166, -0.1
1167, 0.3
1168, 0.2
1169, 0.5
1170, 0.3
1171, -0.3
1172, -0.2
1173, -0.1
1174, 0.2
1175, -0.3
1176, -0.1
1177, 0.1
1178, 0.0
1179, -0.4
1180, -0.1
1181, 0.3
1182, 0.3
1183, 0.2
1184, -0.5
1185, 0.0
1186, 0.2
1187, -0.2
1188, 0.1
1189, 0.1
1190, 0.1
1191, 0.1
1192, 0.0
1193, 0.2
1194, 0.2
1195, -0.2
1196, -0.6
1197, -0.2
1198, -0.1
1199, -0.1
1200, 0.2
1201, 0.0
1202, -0.3
1203, 0.0
1204, 0.3
1205, 0.0
1206, -0.2
1207, 0.4
1208, -0.2
1209, 0.1
1210, 0.3
1211, 0.2
1212, 0.3
1213, -0.3
1214, -0.2
1215, 0.3
1216, -0.2
1217, -0.1
1218, 0.1
1219, -0.1
1220, 0.0
1221, 0.1
1222, -0.3
1223, 0.1
1224, -0.2
1225, 0.1
1226, 0.1
1227, 0.1
1228, 0.0
1229, 0.0
1230, -0.2
1231, 0.2
1232, 0.1
1233, -0.3
1234, 0.0
1235, 0.4
1236, 0.0
1237, 0.5
1238, 0.3
1239, -0.2
1240, -0.4
1241, -0.4
1242, -0.2
1243, 0.2
1244, 0.4
1245, -0.5
1246, 0.1
1247, 0.2
1248, 0.3
1249, 0.3
1250, 0.1
1251, -0.4
1252, -0.2
1253, 0.1
1254, -0.1
1255, 0.3
1256, 0.2
1257, -0.1
1258, -0.1
1259, 0.1
1260, -0.1
1261, -0.1
1262, -0.1
1263, 0.0
1264, 0.0
1265, 0.1
1266, 0.1
1267, 0.0
1268, 0.1
1269, -0.3
1270, 0.3
1271, 0.2
1272, 0.2
1273, 0.3
1274, -0.2
1275, 0.1
1276, -0.1
1277, -0.2
1278, 0.2
1279, 0.0
1280, 0.1
1281, -0.1
1282, -0.1
1283, -0.2
1284, 0.3
1285, 0.0
1286, -0.4
1287, -0.2
1288, 0.3
1289, -0.1
1290, 0.0
1291, -0.2
1292, 0.2
1293, 0.3
1294, 0.1
1295, 0.0
1296, 0.4
1297, 0.3
1298, 0.1
1299, 0.1
1300, 0.2
1301, -0.5
1302, 0.0
1303, 0.1
1304, 0.3
1305, 0.1
1306, -0.3
1307, -0.5
1308, -0.5
1309, -0.2
1310, 0.0
1311, 0.4
1312, 0.0
1313, 0.1
1314, 0.2
1315, -0.3
1316, 0.3
1317, 0.1
1318, 0.0
1319, -0.4
1320, 0.0
1321, 0.2
1322, 0.2
1323, -0.3
1324, 0.1
1325, 0.0
1326, 0.1
1327, 0.0
1328, 0.1
1329, -0.2
1330, 0.0
1331, 0.0
1332, 0.0
1333, -0.2
1334, 0.2
1335, -0.3
1336, -0.1
1337, 0.3
1338, 0.1
1339, 0.0
1340, 0.1
1341, 0.1
1342, 0.1
1343, 0.0
1344, 0.0
1345, 0.1
1346, 0.2
1347, -0.3
1348, 0.0
1349, 0.3
1350, 0.2
1351, 0.3
1352, 0.1
1353, 0.0
1354, 0.1
1355, 0.3
1356, 0.2
1357, -0.2
1358, 0.2
1359, -0.1
1360, -0.1
1361, 0.2
1362, 0.1
1363, -0.2
1364, 0.3
1365, -0.2
1366, 0.2
1367, 0.1
1368, -0.4
1369, 0.2
1370, -0.3
1371, -0.3
1372, 0.1
1373, -0.2
1374, 0.2
1375, 0.1
1376, 0.4
1377, 0.0
1378, -0.3
1379, -0.2
1380, -0.1
1381, 0.0
1382, 0.4
1383, -0.4
1384, 0.5
1385, -0.1
1386, 0.0
1387, -0.1
1388, -0.1
1389, 0.3
1390, -0.6
1391, 0.0
1392, 0.0
1393, 0.1
1394, 0.3
1395, -0.2
1396, 0.2
1397, -0.1
1398, -0.1
1399, 0.1
1400, 0.0
1401, 0.1
1402, 0.4
1403, 0.1
1404, 0.1
1405, -0.1
1406, 0.1
1407, 0.1
1408, 0.0
1409, 0.3
1410, 0.1
1411, 0.0
1412, 0.1
1413, 0.0
1414, 0.1
1415, -0.1
1416, 0.0
1417, -0.5
1418, 0.5
1419, 0.2
1420, -0.3
1421, 0.3
1422, -0.1
1423, 0.0
1424, 0.2
1425, -0.5
1426, 0.3
1427, 0.1
1428, -0.1
1429, 0.1
1430, 0.1
1431, 0.1
1432, 0.0
1433, 0.3
1434, 0.0
1435, 0.4
1436, -0.1
1437, 0.3
1438, 0.2
1439, 0.0
1440, 0.0
1441, -0.1
1442, 0.0
1443, 0.3
1444, 0.0
1445, 0.0
1446, 0.0
1447, 0.3
1448, 0.0
1449, 0.1
1450, -0.3
1451, 0.1
1452, 0.4
1453, 0.4
1454, -0.1
1455, -0.1
1456, -0.5
1457, -0.1
1458, -0.1
1459, 0.3
1460, 0.3
1461, -0.2
1462, 0.1
1463, 0.0
1464, -0.2
1465, 0.2
1466, 0.3
1467, 0.1
1468, -0.1
1469, -0.1
1470, 0.0
1471, -0.3
1472, -0.1
1473, -0.5
1474, 0.0
1475, -0.1
1476, -0.2
1477, 0.3
1478, 0.3
1479, 0.5
1480, 0.0
1481, 0.1
1482, 0.0
1483, 0.0
1484, -0.2
1485, -0.1
1486, 0.2
1487, -0.1
1488, 0.0
1489, 0.0
1490, -0.2
1491, 0.0
1492, 0.3
1493, -0.1
1494, -0.1
1495, 0.3
1496, 0.1
1497, -0.1
1498, -0.2
1499, 0.1
1500, 0.2
1501, -0.4
1502, 0.2
1503, -0.1
1504, -0.1
1505, -0.3
1506, 0.4
1507, 0.1
1508, 0.2
1509, 0.0
1510, 0.1
1511, 0.0
1512, -0.2
1513, -0.4
1514, 0.5
1515, -0.5
1516, -0.2
1517, -0.1
1518, 0.0
1519, -0.1
1520, -0.1
1521, -0.2
1522, 0.4
1523, -0.1
1524, -0.3
1525, 0.2
1526, -0.2
1527, -0.1
1528, -0.4
1529, 0.1
1530, 0.1
1531, -0.5
1532, 0.0
1533, 0.0
1534, 0.2
1535, 0.3
1536, -0.3
1537, -0.3
1538, -0.3
1539, 0.5
1540, -0.2
1541, 0.5
1542, -0.4
1543, -0.6
1544, 0.0
1545, -0.4
1546, 0.0
1547, 0.0
1548, 0.0
1549, 0.0
1550, -0.1
1551, 0.0
1552, -0.3
1553, 0.4
1554, -0.1
1555, 0.0
1556, 0.4
1557, -0.1
1558, 0.0
1559, 0.0
1560, 0.3
1561, -0.1
1562, 0.0
1563, 0.0
1564, -0.2
1565, 0.0
1566, 0.4
1567, -0.1
1568, 0.2
1569, 0.1
1570, 0.2
1571, 0.1
1572, -0.2
1573, -0.5
1574, -0.2
1575, -0.1
1576, 0.3
1577, -0.3
1578, -0.1
1579, 0.1
1580, 0.3
1581, 0.2
1582, 0.1
1583, 0.0
1584, 0.5
1585, 0.2
1586, 0.0
1587, -0.1
1588, 0.1
1589, 0.0
1590, -0.3
1591, -0.3
1592, -0.2
1593, 0.0
1594, 0.0
1595, 0.3
1596, 0.1
1597, -0.3
1598, 0.0
1599, -0.1
1600, 0.1
1601, 0.1
1602, 0.0
1603, 0.2
1604, 0.2
1605, 0.3
1606, 0.0
1607, -0.3
1608, 0.2
1609, 0.1
1610, -0.2
1611, 0.0
1612, 0.1
1613, -0.1
1614, 0.2
1615, -0.1
1616, 0.1
1617, 0.0
1618, 0.3
1619, 0.4
1620, -0.1
1621, 0.0
1622, 0.4
1623, -0.1
1624, -0.5
1625, -0.1
1626, 0.0
1627, 0.1
1628, 0.3
1629, 0.1
1630, 0.0
1631, 0.4
1632, 0.2
1633, 0.2
1634, -0.2
1635, 0.0
1636, 0.1
1637, 0.2
1638, 0.1
1639, -0.3
1640, -0.2
1641, 0.3
1642, -0.2
1643, 0.3
1644, 0.0
1645, -0.2
1646, 0.3
1647, -0.1
1648, 0.0
1649, 0.1
1650, 0.4
1651, 0.0
1652, 0.1
1653, -0.4
1654, 0.1
1655, -0.1
1656, 0.1
1657, -0.2
1658, 0.2
1659, 0.0
1660, -0.1
1661, 0.1
1662, 0.3
1663, -0.5
1664, -0.5
1665, -0.2
1666, 0.3
1667, 0.2
1668, -0.1
1669, 0.0
1670, 0.0
1671, 0.1
1672, -0.3
1673, -0.3
1674, 0.4
1675, -0.2
1676, 0.2
1677, 0.1
1678, 0.2
1679, 0.0
1680, 0.3
1681, -0.2
1682, 0.0
1683, -0.2
1684, 0.3
1685, 0.2
1686, -0.1
1687, 0.2
1688, 0.4
1689, 0.1
1690, 0.2
1691, -0.1
1692, 0.3
1693, -0.3
1694, -0.4
1695, 0.3
1696, 0.0
1697, -0.3
1698, -0.1
1699, -0.2
1700, -0.1
1701, 0.2
1702, 0.1
1703, -0.2
1704, 0.2
1705, 0.0
1706, 0.3
1707, 0.2
1708, 0.1
1709, 0.2
1710, -0.1
1711, 0.0
1712, 0.3
1713, -0.2
1714, 0.0
1715, 0.0
1716, -0.1
1717, -0.1
1718, -0.1
1719, 0.3
1720, -0.3
1721, 0.0
1722, 0.1
1723, 0.1
1724, 0.2
1725, -0.1
1726, 0.0
1727, -0.1
1728, 0.3
1729, 0.1
1730, -0.1
1731, -0.3
1732, -0.2
1733, 0.1
1734, -0.1
1735, 0.0
1736, -0.4
1737, 0.1
1738, -0.1
1739, 0.3
1740, 0.0
1741, -0.1
1742, 0.0
1743, -0.3
1744, -0.2
1745, -0.1
1746, -0.1
1747, 0.2
1748, 0.0
1749, 0.1
1750, 0.2
1751, 0.0
1752, 0.0
1753, 0.0
1754, -0.1
1755, 0.0
1756, 0.2
1757, 0.0
1758, -0.1
1759, -0.6
1760, 0.1
1761, 0.1
1762, 0.4
1763, -0.1
1764, -0.2
1765, 0.0
1766, 0.0
1767, -0.1
1768, 0.1
1769, -0.3
1770, -0.7
1771, 0.0
1772, 0.0
1773, 0.1
1774, 0.0
1775, -0.1
1776, 0.0
1777, -0.1
1778, 0.3
1779, -0.1
1780, 0.2
1781, 0.1
1782, -0.1
1783, 0.0
1784, 0.1
1785, -0.2
1786, -0.4
1787, 0.2
1788, 0.3
1789, -0.3
1790, 0.0
1791, 0.4
1792, -0.1
1793, -0.1
1794, 0.1
1795, -0.5
1796, 0.3
1797, -0.2
1798, 0.0
1799, -0.4
1800, 0.1
1801, 0.4
1802, -0.3
1803, -0.5
1804, -0.2
1805, -0.1
1806, -0.2
1807, 0.3
1808, 0.0
1809, 0.0
1810, 0.0
1811, 0.0
1812, -0.3
1813, 0.3
1814, 0.4
1815, 0.2
1816, 0.1
1817, 0.0
1818, -0.4
1819, 0.2
1820, 0.2
1821, 0.1
1822, -0.1
1823, -0.4
1824, 0.1
1825, 0.0
1826, 0.0
1827, -0.1
1828, 0.2
1829, 0.0
1830, 0.3
1831, 0.0
1832, -0.4
1833, -0.3
1834, -0.3
1835, 0.0
1836, -0.2
1837, 0.0
1838, 0.2
1839, 0.1
1840, 0.1
1841, 0.2
1842, 0.3
1843, 0.2
1844, 0.2
1845, -0.1
1846, 0.2
1847, 0.0
1848, 0.2
1849, 0.0
1850, 0.3
1851, 0.2
1852, -0.3
1853, -0.1
1854, 0.1
1855, -0.1
1856, 0.4
1857, 0.1
1858, -0.1
1859, 0.4
1860, 0.3
1861, 0.1
1862, 0.0
1863, 0.1
1864, 0.1
1865, -0.3
1866, 0.2
1867, -0.2
1868, 0.0
1869, 0.2
1870, -0.1
1871, 0.1
1872, 0.1
1873, -0.2
1874, 0.0
1875, 0.4
1876, 0.1
1877, 0.1
1878, 0.3
1879, 0.2
1880, -0.2
1881, 0.1
1882, -0.4
1883, -0.1
1884, 0.3
1885, 0.1
1886, -0.2
1887, 0.1
1888, 0.2
1889, 0.2
1890, -0.5
1891, 0.1
1892, 0.0
1893, 0.3
1894, -0.1
1895, 0.0
1896, 0.1
1897, 0.1
1898, -0.1
1899, -0.3
1900, -0.1
1901, -0.1
1902, 0.2
1903, -0.2
1904, 0.0
1905, 0.0
1906, 0.2
1907, 0.3
1908, 0.2
1909, 0.0
1910, 0.4
1911, 0.2
1912, 0.2
1913, 0.2
1914, 0.2
1915, 0.0
1916, 0.4
1917, 0.3
1918, -0.1
1919, 0.1
1920, 0.0
1921, -0.4
1922, 0.3
1923, 0.0
1924, -0.3
1925, 0.3
1926, -0.3
1927, 0.1
1928, 0.1
1929, 0.1
1930, -0.4
1931, -0.3
1932, 0.2
1933, 0.0
1934, -0.7
1935, 0.2
1936, -0.1
1937, 0.3
1938, 0.2
1939, -0.2
1940, 0.3
1941, 0.1
1942, -0.3
1943, -0.2
1944, 0.0
1945, 0.2
1946, -0.5
1947, 0.3
1948, -0.1
1949, -0.3
1950, -0.3
1951, 0.1
1952, 0.0
1953, -0.1
1954, 0.3
1955, 0.1
1956, 0.2
1957, 0.5
1958, 0.1
1959, 0.2
1960, -0.1
1961, -0.3
1962, -0.1
1963, 0.4
1964, 0.2
1965, -0.1
1966, 0.1
1967, 0.3
1968, 0.5
1969, -0.1
1970, 0.0
1971, -0.7
1972, 0.0
1973, 0.3
1974, 0.2
1975, 0.1
1976, -0.1
1977, -0.2
1978, -0.4
1979, 0.1
1980, 0.2
1981, 0.1
1982, 0.3
1983, -0.2
1984, -0.3
1985, 0.1
1986, -0.2
1987, 0.2
1988, -0.1
1989, 0.3
1990, -0.1
1991, -0.5
1992, 0.3
1993, 0.1
1994, -0.3
1995, -0.5
1996, 0.1
1997, -0.3
1998, -0.2
1999, -0.4
2000, 0.2
2001, 0.2
2002, 0.3
2003, -0.3
2004, -0.3
2005, -0.2
2006, 0.0
2007, -0.1
2008, 0.0
2009, 0.2
2010, 0.0
2011, 0.0
2012, 0.0
2013, 0.1
2014, -0.5
2015, 0.1
2016, 0.2
2017, -0.2
2018, 0.1
2019, 0.0
2020, 0.0
2021, 0.1
2022, 0.1
2023, 0.0
2024, -0.1
2025, -0.3
2026, -0.2
2027, 0.2
2028, 0.1
2029, -0.3
2030, -0.1
2031, 0.3
2032, 0.2
2033, 0.3
2034, 0.1
2035, 0.1
2036, 0.1
2037, 0.1
2038, 0.4
2039, 0.0
2040, 0.1
2041, -0.3
2042, 0.5
2043, -0.3
2044, 0.4
2045, -0.1
2046, 0.1
2047, 0.1
2048, 0.2
2049, -0.3
2050, 0.2
2051, -0.1
2052, -0.1
2053, 0.1
2054, 0.1
2055, 0.0
2056, 0.1
2057, 0.1
2058, 0.2
2059, 0.3
2060, 0.2
2061, -0.1
2062, 0.1
2063, -0.2
2064, 0.1
2065, -0.2
2066, -0.3
2067, 0.0
2068, 0.0
2069, -0.2
2070, 0.0
2071, 0.1
2072, 0.1
2073, 0.3
2074, 0.2
2075, 0.3
2076, 0.1
2077, -0.3
2078, 0.1
2079, 0.1
2080, -0.4
2081, 0.1
2082, -0.2
2083, 0.1
2084, -0.3
2085, 0.2
2086, 0.0
2087, -0.1
2088, 0.0
2089, -0.6
2090, -0.2
2091, 0.2
2092, 0.2
2093, -0.1
2094, 0.2
2095, 0.0
2096, 0.0
2097, 0.5
2098, 0.2
2099, 0.2
2100, -0.2
2101, -0.3
2102, 0.1
2103, -0.1
2104, 0.0
2105, 0.0
2106, -0.1
2107, 0.3
2108, -0.2
2109, -0.2
2110, -0.3
2111, 0.2
2112, 0.1
2113, 0.2
2114, -0.3
2115, -0.4
2116, 0.3
2117, 0.2
2118, 0.0
2119, -0.2
2120, 0.3
2121, 0.2
2122, 0.0
2123, 0.0
2124, -0.1
2125, -0.2
2126, 0.1
2127, 0.0
2128, 0.1
2129, 0.1
2130, -0.2
2131, 0.0
2132, 0.2
2133, 0.0
2134, 0.0
2135, 0.0
2136, 0.1
2137, -0.3
2138, 0.2
2139, -0.2
2140, 0.3
2141, 0.3
2142, 0.3
2143, -0.4
2144, 0.1
2145, -0.5
2146, 0.1
2147, 0.5
2148, 0.2
2149, -0.1
2150, 0.3
2151, 0.0
2152, 0.3
2153, 0.0
2154, -0.1
2155, 0.0
2156, 0.0
2157, -0.3
2158, 0.0
2159, -0.1
2160, -0.1
2161, 0.0
2162, 0.0
2163, 0.0
2164, 0.2
2165, -0.1
2166, 0.0
2167, 0.0
2168, -0.2
2169, 0.1
2170, 0.1
2171, -0.2
2172, -0.6
2173, 0.1
2174, 0.0
2175, 0.2
2176, -0.1
2177, -0.4
2178, 0.0
2179, -0.3
2180, 0.3
2181, -0.1
2182, 0.1
2183, -0.2
2184, 0.1
2185, 0.0
2186, 0.2
2187, -0.1
2188, 0.0
2189, 0.1
2190, -0.1
2191, 0.2
2192, 0.1
2193, 0.1
2194, -0.4
2195, 0.2
2196, 0.4
2197, 0.1
2198, -0.4
2199, 0.0
2200, 0.2
2201, 0.1
2202, -0.1
2203, -0.1
2204, 0.0
2205, 0.0
2206, 0.1
2207, 0.0
2208, -0.2
2209, 0.1
2210, 0.3
2211, 0.0
2212, 0.2
2213, 0.1
2214, 0.3
2215, -0.5
2216, 0.0
2217, -0.2
2218, 0.4
2219, 0.5
2220, 0.4
2221, 0.2
2222, 0.1
2223, 0.1
2224, 0.3
2225, -0.1
2226, 0.0
2227, -0.1
2228, 0.0
2229, 0.4
2230, 0.0
2231, -0.2
2232, 0.1
2233, 0.3
2234, 0.1
2235, -0.1
2236, -0.4
2237, 0.0
2238, -0.2
2239, -0.5
2240, 0.1
2241, 0.3
2242, 0.2
2243, 0.3
2244, 0.3
2245, 0.4
2246, 0.1
2247, -0.4
2248, -0.4
2249, -0.4
2250, 0.0
2251, 0.3
2252, -0.3
2253, 0.2
2254, 0.1
2255, 0.1
2256, -0.1
2257, -0.3
2258, -0.3
2259, 0.0
2260, 0.2
2261, 0.0
2262, -0.1
2263, 0.1
2264, -0.2
2265, 0.1
2266, 0.0
2267, 0.0
2268, 0.1
2269, 0.5
2270, 0.0
2271, 0.0
2272, 0.2
2273, -0.1
2274, 0.1
2275, 0.0
2276, 0.2
2277, -0.4
2278, -0.2
2279, 0.1
2280, -0.3
2281, -0.1
2282, 0.1
2283, 0.3
2284, 0.3
2285, -0.1
2286, -0.2
2287, -0.1
2288, -0.1
2289, 0.1
2290, 0.1
2291, -0.3
2292, 0.1
2293, 0.1
2294, 0.4
2295, -0.3
2296, -0.2
2297, 0.1
2298, 0.2
2299, -0.5
2300, -0.1
2301, 0.1
2302, 0.1
2303, 0.5
2304, -0.2
2305, 0.2
2306, 0.2
2307, 0.2
2308, 0.1
2309, 0.1
2310, -0.1
2311, 0.0
2312, -0.2
2313, 0.0
2314, -0.1
2315, 0.0
2316, 0.0
2317, -0.2
2318, -0.2
2319, 0.2
2320, 0.4
2321, 0.0
2322, 0.0
2323, -0.1
2324, 0.2
2325, 0.1
2326, -0.1
2327, 0.0
2328, 0.3
2329, 0.0
2330, 0.0
2331, 0.1
2332, -0.2
2333, -0.3
2334, -0.2
2335, -0.1
2336, 0.2
2337, 0.2
2338, 0.0
2339, -0.3
2340, 0.3
2341, -0.2
2342, -0.4
2343, -0.2
2344, -0.2
2345, -0.2
2346, 0.2
2347, 0.2
2348, 0.4
2349, 0.4
2350, 0.0
2351, 0.0
2352, -0.2
2353, 0.1
2354, -0.1
2355, -0.4
2356, 0.0
2357, -0.1
2358, 0.2
2359, 0.2
2360, 0.0
2361, 0.1
2362, 0.2
2363, 0.0
2364, 0.3
2365, -0.1
2366, -0.2
2367, 0.1
2368, -0.1
2369, -0.1
2370, 0.3
2371, 0.2
2372, 0.3
2373, -0.2
2374, -0.6
2375, -0.2
2376, -0.1
2377, 0.2
2378, -0.1
2379, 0.3
2380, -0.3
2381, -0.3
2382, 0.2
2383, -0.1
2384, -0.1
2385, 0.0
2386, 0.3
2387, 0.0
2388, -0.2
2389, 0.0
2390, -0.3
2391, -0.2
2392, 0.0
2393, 0.4
2394, 0.1
2395, 0.0
2396, -0.1
2397, -0.4
2398, -0.3
2399, 0.3
2400, 0.0
2401, 0.1
2402, 0.1
2403, -0.2
2404, 0.3
2405, 0.0
2406, 0.1
2407, 0.0
2408, 0.1
2409, -0.2
2410, 0.1
2411, 0.0
2412, -0.1
2413, -0.5
2414, -0.1
2415, -0.1
2416, -0.1
2417, 0.1
2418, 0.3
2419, 0.1
2420, -0.2
2421, 0.0
2422, -0.2
2423, 0.3
2424, -0.4
2425, 0.3
2426, 0.0
2427, 0.2
2428, 0.4
2429, -0.3
2430, -0.2
2431, 0.1
2432, 0.2
2433, -0.3
2434, 0.0
2435, 0.0
2436, -0.3
2437, 0.0
2438, -0.1
2439, 0.1
2440, 0.0
2441, -0.3
2442, -0.2
2443, 0.3
2444, -0.2
2445, 0.1
2446, 0.2
2447, 0.2
2448, 0.1
2449, -0.1
2450, 0.3
2451, 0.0
2452, 0.1
2453, 0.0
2454, 0.0
2455, 0.0
2456, -0.2
2457, 0.3
2458, 0.1
2459, 0.0
2460, 0.1
2461, 0.0
2462, 0.0
2463, 0.0
2464, 0.0
2465, -0.2
2466, -0.3
2467, -0.1
2468, 0.1
2469, -0.3
2470, 0.2
2471, 0.1
2472, 0.5
2473, 0.1
2474, -0.3
2475, 0.1
2476, -0.1
2477, 0.0
2478, -0.3
2479, 0.1
2480, -0.3
2481, 0.2
2482, 0.0
2483, 0.0
2484, 0.1
2485, 0.3
2486, -0.1
2487, -0.2
2488, -0.2
2489, -0.2
2490, 0.1
2491, 0.1
2492, 0.1
2493, 0.0
2494, -0.6
2495, -0.4
2496, 0.1
2497, 0.2
2498, -0.1
2499, 0.1
2500, 0.2
2501, 0.2
2502, -0.1
2503, -0.1
2504, 0.1
2505, 0.0
2506, -0.1
2507, 0.1
2508, 0.1
2509, 0.4
2510, 0.1
2511, -0.1
2512, 0.2
2513, -0.3
2514, 0.3
2515, 0.2
2516, 0.3
2517, 0.0
2518, 0.3
2519, 0.3
2520, -0.1
2521, -0.2
2522, -0.1
2523, 0.3
2524, 0.5
2525, 0.1
2526, 0.4
2527, 0.1
2528, 0.2
2529, -0.2
2530, 0.0
2531, 0.1
2532, -0.2
2533, 0.1
2534, 0.0
2535, 0.2
2536, 0.5
2537, 0.0
2538, -0.2
2539, -0.2
2540, -0.2
2541, 0.1
2542, -0.1
2543, 0.0
2544, 0.0
2545, -0.3
2546, -0.3
2547, -0.2
2548, 0.1
2549, 0.1
2550, -0.3
2551, 0.3
2552, 0.2
2553, -0.2
2554, 0.0
2555, -0.1
2556, -0.4
2557, 0.1
2558, 0.3
2559, -0.2
2560, 0.4
2561, 0.0
2562, 0.2
2563, 0.3
2564, 0.0
2565, 0.1
2566, 0.1
2567, 0.0
2568, -0.2
2569, -0.2
2570, -0.3
2571, 0.2
2572, 0.4
2573, -0.2
2574, -0.3
2575, 0.0
2576, 0.0
2577, 0.0
2578, -0.2
2579, -0.3
2580, -0.1
2581, 0.1
2582, 0.1
2583, -0.3
2584, 0.2
2585, 0.5
2586, 0.0
2587, -0.1
2588, 0.2
2589, 0.1
2590, -0.2
2591, -0.1
2592, -0.2
2593, -0.1
2594, -0.2
2595, 0.1
2596, 0.1
2597, 0.2
2598, 0.1
2599, -0.1
2600, -0.2
2601, 0.2
2602, -0.5
2603, 0.1
2604, 0.2
2605, -0.4
2606, 0.1
2607, 0.0
2608, 0.1
2609, 0.1
2610, 0.1
2611, 0.2
2612, 0.1
2613, 0.1
2614, 0.2
2615, 0.0
2616, 0.1
2617, 0.2
2618, -0.1
2619, -0.2
2620, 0.2
2621, 0.1
2622, 0.2
2623, 0.1
2624, 0.2
2625, 0.0
2626, -0.3
2627, -0.1
2628, 0.4
2629, -0.6
2630, -0.4
2631, -0.3
2632, 0.2
2633, -0.1
2634, 0.3
2635, 0.2
2636, -0.2
2637, 0.0
2638, 0.0
2639, -0.1
2640, -0.2
2641, -0.2
2642, 0.4
2643, -0.3
2644, -0.1
2645, -0.2
2646, 0.1
2647, 0.1
2648, 0.1
2649, 0.3
2650, 0.5
2651, -0.3
2652, 0.1
2653, -0.2
2654, -0.2
2655, 0.1
2656, 0.4
2657, 0.0
2658, 0.5
2659, 0.1
2660, 0.1
2661, 0.1
2662, 0.0
2663, -0.6
2664, 0.3
2665, 0.3
2666, 0.2
2667, 0.1
2668, -0.2
2669, 0.1
2670, 0.0
2671, 0.3
2672, -0.2
2673, -0.3
2674, -0.7
2675, 0.2
2676, 0.3
2677, 0.0
2678, -0.2
2679, 0.0
2680, -0.4
2681, -0.2
2682, 0.2
2683, 0.2
2684, -0.5
2685, 0.0
2686, -0.2
2687, -0.4
2688, -0.4
2689, 0.2
2690, -0.1
2691, 0.1
2692, -0.1
2693, -0.5
2694, -0.2
2695, 0.1
2696, 0.2
2697, 0.1
2698, 0.2
2699, -0.1
2700, 0.0
2701, -0.2
2702, -0.1
2703, 0.3
2704, -0.1
2705, -0.1
2706, -0.2
2707, 0.3
2708, 0.0
2709, 0.4
2710, -0.1
2711, -0.2
2712, -0.1
2713, -0.3
2714, 0.1
2715, 0.1
2716, -0.3
2717, -0.1
2718, 0.3
2719, 0.5
2720, -0.1
2721, -0.3
2722, -0.1
2723, 0.1
2724, -0.4
2725, -0.1
2726, 0.2
2727, 0.2
2728, 0.0
2729, -0.2
2730, -0.5
2731, 0.1
2732, 0.1
2733, 0.2
2734, 0.5
2735, 0.4
2736, 0.3
2737, -0.3
2738, 0.2
2739, 0.2
2740, -0.1
2741, 0.0
2742, 0.0
2743, -0.4
2744, 0.0
2745, 0.3
2746, 0.2
2747, 0.0
2748, 0.0
2749, -0.2
2750, -0.2
2751, 0.2
2752, 0.1
2753, -0.2
2754, 0.0
2755, -0.1
2756, 0.2
2757, 0.0
2758, 0.0
2759, -0.1
2760, -0.3
2761, -0.2
2762, 0.3
2763, 0.0
2764, 0.0
2765, 0.1
2766, 0.3
2767, -0.2
2768, -0.1
2769, 0.4
2770, 0.2
2771, 0.1
2772, 0.1
2773, 0.2
2774, -0.1
2775, 0.0
2776, 0.0
2777, 0.4
2778, 0.5
2779, 0.2
2780, 0.1
2781, 0.1
2782, 0.1
2783, -0.1
2784, 0.3
2785, 0.1
2786, 0.4
2787, -0.3
2788, 0.0
2789, -0.4
2790, 0.2
2791, -0.2
2792, -0.1
2793, -0.2
2794, -0.2
2795, -0.1
2796, 0.4
2797, 0.0
2798, 0.1
2799, 0.0
2800, 0.1
2801, 0.5
2802, -0.3
2803, -0.3
2804, 0.0
2805, -0.1
2806, 0.2
2807, -0.2
2808, 0.0
2809, 0.3
2810, 0.1
2811, 0.2
2812, 0.1
2813, -0.1
2814, -0.1
2815, 0.3
2816, -0.3
2817, 0.1
2818, 0.0
2819, 0.1
2820, 0.3
2821, 0.0
2822, 0.1
2823, -0.3
2824, 0.1
2825, 0.0
2826, 0.0
2827, 0.0
2828, -0.1
2829, 0.3
2830, 0.0
2831, 0.1
2832, 0.4
2833, 0.2
2834, 0.2
2835, -0.1
2836, 0.0
2837, 0.4
2838, 0.2
2839, 0.0
2840, -0.1
2841, -0.3
2842, 0.1
2843, 0.3
2844, 0.1
2845, -0.4
2846, -0.1
2847, 0.5
2848, -0.2
2849, 0.1
2850, 0.2
2851, 0.1
2852, 0.0
2853, -0.2
2854, -0.2
2855, 0.1
2856, 0.1
2857, 0.1
2858, 0.2
2859, 0.5
2860, -0.7
2861, 0.0
2862, 0.1
2863, -0.1
2864, -0.4
2865, 0.0
2866, 0.2
2867, -0.2
2868, 0.3
2869, 0.2
2870, 0.4
2871, 0.0
2872, 0.3
2873, -0.1
2874, 0.0
2875, 0.1
2876, 0.0
2877, 0.0
2878, 0.0
2879, 0.2
2880, 0.1
2881, -0.3
2882, 0.4
2883, 0.2
2884, 0.2
2885, -0.3
2886, 0.3
2887, 0.1
2888, 0.3
2889, 0.2
2890, -0.2
2891, 0.2
2892, 0.2
2893, -0.1
2894, -0.6
2895, 0.5
2896, 0.2
2897, 0.3
2898, 0.1
2899, -0.1
2900, -0.2
2901, 0.3
2902, -0.1
2903, -0.1
2904, 0.1
2905, -0.2
2906, -0.2
2907, -0.4
2908, -0.1
2909, -0.1
2910, 0.3
2911, 0.3
2912, -0.1
2913, -0.1
2914, 0.0
2915, 0.4
2916, -0.1
2917, 0.1
2918, 0.4
2919, -0.3
2920, 0.2
2921, 0.0
2922, -0.5
2923, -0.4
2924, 0.1
2925, -0.2
2926, -0.6
2927, 0.0
2928, -0.4
2929, 0.5
2930, 0.2
2931, 0.0
2932, 0.0
2933, 0.1
2934, 0.0
2935, 0.2
2936, 0.1
2937, 0.0
2938, -0.2
2939, 0.0
2940, 0.3
2941, 0.0
2942, 0.0
2943, -0.2
2944, -0.8
2945, 0.3
2946, 0.1
2947, -0.5
2948, 0.1
2949, 0.3
2950, 0.0
2951, -0.4
2952, -0.1
2953, 0.2
2954, 0.4
2955, 0.0
2956, -0.1
2957, 0.1
2958, 0.1
2959, 0.1
2960, 0.0
2961, 0.1
2962, -0.3
2963, 0.1
2964, -0.1
2965, 0.1
2966, 0.1
2967, -0.5
2968, -0.1
2969, 0.3
2970, 0.1
2971, -0.2
2972, 0.2
2973, -0.2
2974, -0.1
2975, 0.3
2976, -0.2
2977, 0.2
2978, -0.2
2979, 0.2
2980, 0.0
2981, 0.1
2982, 0.0
2983, 0.1
2984, 0.2
2985, 0.1
2986, 0.1
2987, 0.3
2988, -0.2
2989, -0.1
2990, -0.3
2991, -0.2
2992, 0.1
2993, 0.2
2994, -0.2
2995, 0.1
2996, 0.1
2997, 0.2
2998, 0.3
2999, 0.2
3000, -0.2
3001, 0.3
3002, -0.5
3003, -0.1
3004, 0.2
3005, 0.4
3006, -0.4
3007, 0.0
3008, -0.2
3009, 0.1
3010, -0.1
3011, 0.0
3012, 0.0
3013, 0.1
3014, -0.1
3015, -0.3
3016, 0.1
3017, -0.3
3018, -0.1
3019, 0.1
3020, 0.0
3021, 0.0
3022, -0.1
3023, 0.0
3024, 0.3
3025, 0.4
3026, 0.3
3027, 0.0
3028, 0.2
3029, -0.2
3030, 0.0
3031, -0.1
3032, 0.3
3033, 0.0
3034, -0.5
3035, 0.0
3036, 0.1
3037, 0.3
3038, 0.1
3039, 0.3
3040, 0.1
3041, 0.0
3042, -0.1
3043, -0.3
3044, 0.1
3045, 0.0
3046, 0.3
3047, 0.2
3048, 0.2
3049, 0.4
3050, 0.3
3051, -0.2
3052, -0.2
3053, 0.1
3054, -0.2
3055, -0.3
3056, 0.3
3057, -0.4
3058, -0.1
3059, 0.1
3060, -0.1
3061, 0.3
3062, 0.2
3063, -0.5
3064, -0.2
3065, 0.2
3066, 0.2
3067, 0.2
3068, 0.0
3069, -0.1
3070, 0.1
3071, 0.0
3072, -0.5
3073, 0.1
3074, -0.5
3075, -0.3
3076, 0.0
3077, 0.2
3078, 0.0
3079, -0.1
3080, 0.2
3081, -0.2
3082, 0.0
3083, -0.1
3084, -0.2
3085, -0.5
3086, 0.1
3087, 0.0
3088, -0.2
3089, 0.3
3090, 0.3
3091, -0.5
3092, -0.3
3093, 0.2
3094, 0.0
3095, -0.4
3096, -0.3
3097, 0.0
3098, -0.3
3099, -0.3
3100, -0.2
3101, -0.4
3102, 0.3
3103, -0.1
3104, 0.1
3105, -0.1
3106, 0.1
3107, -0.1
3108, -0.1
3109, 0.1
3110, 0.1
3111, -0.1
3112, -0.1
3113, -0.4
3114, 0.2
3115, 0.1
3116, -0.3
3117, -0.3
3118, 0.2
3119, -0.2
3120, -0.2
3121, -0.1
3122, -0.3
3123, 0.1
3124, 0.3
3125, 0.0
3126, -0.3
3127, 0.5
3128, -0.2
3129, 0.2
3130, -0.2
3131, 0.3
3132, -0.2
3133, 0.0
3134, 0.0
3135, -0.1
3136, 0.0
3137, -0.2
3138, 0.0
3139, 0.1
3140, 0.2
3141, -0.3
3142, 0.3
3143, 0.0
3144, -0.3
3145, 0.0
3146, -0.4
3147, 0.0
3148, 0.2
3149, -0.1
3150, 0.1
3151, 0.2
3152, -0.3
3153, 0.2
3154, -0.1
3155, -0.2
3156, 0.3
3157, 0.1
3158, 0.1
3159, -0.2
3160, 0.2
3161, -0.2
3162, 0.1
3163, 0.0
3164, 0.1
3165, -0.1
3166, -0.3
3167, -0.2
3168, 0.0
3169, 0.2
3170, -0.1
3171, -0.2
3172, 0.1
3173, 0.1
3174, 0.0
3175, 0.1
3176, -0.1
3177, -0.1
3178, 0.3
3179, -0.2
3180, 0.1
3181, -0.2
3182, 0.1
3183, -0.4
3184, 0.2
3185, -0.3
3186, 0.1
3187, -0.2
3188, -0.2
3189, -0.2
3190, 0.3
3191, -0.4
3192, -0.2
3193, 0.2
3194, 0.2
3195, 0.0
3196, 0.2
3197, 0.3
3198, 0.2
3199, 0.2
3200, 0.3
3201, -0.2
3202, 0.0
3203, 0.2
3204, 0.4
3205, 0.2
3206, 0.1
3207, -0.1
3208, 0.0
3209, 0.0
3210, 0.2
3211, -0.2
3212, -0.4
3213, -0.1
3214, 0.4
3215, 0.0
3216, 0.0
3217, -0.3
3218, 0.2
3219, -0.2
3220, -0.2
3221, 0.0
3222, 0.0
3223, 0.2
3224, 0.1
3225, 0.2
3226, 0.0
3227, 0.0
3228, -0.2
3229, 0.0
3230, 0.1
3231, 0.1
3232, -0.2
3233, 0.1
3234, 0.2
3235, -0.3
3236, -0.1
3237, -0.1
3238, -0.1
3239, 0.1
3240, 0.1
3241, 0.1
3242, 0.0
3243, 0.3
3244, 0.4
3245, -0.7
3246, 0.2
3247, -0.1
3248, 0.2
3249, 0.2
3250, 0.1
3251, 0.2
3252, -0.1
3253, 0.5
3254, -0.1
3255, 0.1
3256, -0.1
3257, 0.0
3258, -0.3
3259, 0.3
3260, -0.1
3261, -0.1
3262, 0.4
3263, -0.2
3264, 0.0
3265, 0.1
3266, 0.0
3267, -0.3
3268, 0.2
3269, 0.1
3270, -0.3
3271, 0.0
3272, 0.4
3273, 0.2
3274, -0.2
3275, 0.2
3276, 0.1
3277, 0.0
3278, 0.0
3279, 0.1
3280, -0.3
3281, -0.3
3282, -0.4
3283, 0.2
3284, 0.2
3285, -0.2
3286, 0.2
3287, 0.4
3288, -0.1
3289, 0.2
3290, -0.2
3291, -0.2
3292, -0.3
3293, -0.5
3294, 0.3
3295, 0.3
3296, 0.1
3297, 0.3
3298, -0.2
3299, 0.1
3300, 0.1
3301, 0.4
3302, 0.2
3303, 0.0
3304, 0.1
3305, 0.0
3306, 0.0
3307, -0.2
3308, -0.3
3309, 0.1
3310, -0.4
3311, 0.0
3312, -0.1
3313, 0.0
3314, 0.3
3315, -0.3
3316, 0.2
3317, 0.0
3318, 0.4
3319, -0.2
3320, 0.4
3321, -0.3
3322, 0.3
3323, -0.1
3324, -0.3
3325, 0.3
3326, -0.3
3327, -0.1
3328, 0.1
3329, 0.2
3330, 0.1
3331, -0.4
3332, 0.4
3333, -0.1
3334, 0.1
3335, -0.2
3336, -0.1
3337, -0.7
3338, 0.0
3339, 0.0
3340, -0.1
3341, 0.0
3342, -0.4
3343, -0.4
3344, -0.2
3345, -0.2
3346, 0.0
3347, 0.0
3348, 0.3
3349, -0.3
3350, 0.1
3351, 0.1
3352, 0.1
3353, -0.1
3354, 0.1
3355, 0.0
3356, 0.0
3357, 0.2
3358, -0.3
3359, 0.0
3360, -0.1
3361, 0.1
3362, -0.3
3363, -0.3
3364, 0.2
3365, 0.3
3366, -0.1
3367, -0.3
3368, 0.3
3369, -0.2
3370, 0.2
3371, -0.3
3372, -0.4
3373, -0.1
3374, 0.0
3375, -0.1
3376, -0.4
3377, 0.3
3378, 0.2
3379, -0.2
3380, 0.3
3381, 0.1
3382, 0.2
3383, 0.1
3384, 0.2
3385, 0.1
3386, -0.2
3387, 0.0
3388, 0.0
3389, -0.4
3390, -0.1
3391, -0.2
3392, -0.2
3393, 0.0
3394, -0.3
3395, -0.2
3396, -0.3
3397, 0.0
3398, -0.5
3399, 0.0
3400, 0.2
3401, 0.3
3402, 0.2
3403, -0.2
3404, 0.3
3405, 0.3
3406, 0.1
3407, -0.2
3408, 0.5
3409, 0.3
3410, 0.1
3411, 0.0
3412, -0.2
3413, -0.1
3414, 0.1
3415, -0.2
3416, -0.5
3417, 0.0
3418, -0.1
3419, 0.1
3420, -0.1
3421, 0.2
3422, 0.1
3423, -0.5
3424, 0.3
3425, 0.2
3426, -0.2
3427, -0.1
3428, 0.1
3429, 0.1
3430, -0.2
3431, 0.1
3432, 0.0
3433, -0.1
3434, 0.0
3435, 0.2
3436, 0.0
3437, 0.2
3438, 0.0
3439, 0.3
3440, -0.2
3441, 0.1
3442, 0.0
3443, 0.0
3444, 0.0
3445, 0.2
3446, -0.2
3447, -0.4
3448, -0.1
3449, -0.3
3450, 0.2
3451, 0.0
3452, 0.0
3453, 0.0
3454, 0.0
3455, 0.0
3456, -0.1
3457, 0.1
3458, -0.3
3459, -0.2
3460, 0.0
3461, -0.5
3462, -0.2
3463, 0.1
3464, -0.1
3465, 0.0
3466, -0.2
3467, -0.4
3468, 0.1
3469, -0.3
3470, 0.3
3471, -0.1
3472, -0.4
3473, 0.4
3474, 0.0
3475, -0.3
3476, 0.3
3477, 0.0
3478, -0.1
3479, 0.2
3480, 0.2
3481, -0.2
3482, 0.4
3483, 0.1
3484, -0.2
3485, -0.6
3486, -0.3
3487, 0.0
3488, 0.2
3489, 0.2
3490, -0.2
3491, 0.0
3492, 0.1
3493, -0.1
3494, 0.1
3495, -0.1
3496, -0.1
3497, 0.2
3498, 0.0
3499, 0.0
3500, -0.2
3501, -0.2
3502, -0.2
3503, -0.1
3504, 0.3
3505, 0.2
3506, 0.3
3507, -0.1
3508, -0.2
3509, 0.1
3510, 0.0
3511, 0.3
3512, -0.4
3513, -0.4
3514, -0.5
3515, 0.4
3516, -0.1
3517, -0.2
3518, -0.1
3519, 0.0
3520, -0.4
3521, -0.1
3522, -0.1
3523, -0.6
3524, -0.1
3525, 0.1
3526, -0.1
3527, 0.1
3528, -0.3
3529, 0.0
3530, 0.3
3531, 0.3
3532, -0.2
3533, -0.1
3534, 0.0
3535, -0.2
3536, 0.0
3537, 0.1
3538, 0.3
3539, -0.1
3540, 0.3
3541, 0.0
3542, -0.2
3543, -0.5
3544, 0.3
3545, 0.1
3546, -0.3
3547, 0.1
3548, 0.2
3549, 0.2
3550, 0.1
3551, -0.3
3552, 0.2
3553, -0.3
3554, 0.2
3555, 0.2
3556, 0.0
3557, 0.0
3558, -0.2
3559, 0.0
3560, 0.0
3561, -0.1
3562, 0.4
3563, 0.1
3564, 0.3
3565, 0.1
3566, -0.1
3567, 0.0
3568, 0.3
3569, 0.2
3570, 0.1
3571, 0.2
3572, 0.1
3573, 0.0
3574, 0.0
3575, 0.1
3576, -0.2
3577, 0.0
3578, 0.2
3579, 0.2
3580, -0.3
3581, 0.1
3582, 0.1
3583, -0.2
3584, -0.2
3585, -0.2
3586, -0.2
3587, 0.2
3588, -0.2
3589, 0.4
3590, 0.1
3591, -0.4
3592, 0.0
3593, 0.0
3594, -0.1
3595, -0.1
3596, -0.1
3597, 0.0
3598, -0.1
3599, 0.1
3600, 0.1
3601, 0.1
3602, 0.2
3603, -0.1
3604, 0.3
3605, 0.2
3606, 0.2
3607, 0.2
3608, 0.3
3609, 0.1
3610, 0.0
3611, 0.4
3612, -0.2
3613, -0.3
3614, 0.1
3615, 0.1
3616, 0.3
3617, 0.0
3618, 0.0
3619, 0.3
3620, -0.2
3621, -0.1
3622, -0.3
3623, 0.1
3624, 0.1
3625, -0.4
3626, 0.0
3627, -0.1
3628, 0.1
3629, -0.1
3630, -0.4
3631, -0.1
3632, -0.1
3633, 0.5
3634, -0.3
3635, 0.3
3636, 0.0
3637, -0.8
3638, -0.2
3639, -0.1
3640, 0.2
3641, 0.1
3642, 0.2
3643, -0.5
3644, -0.3
3645, -0.2
3646, 0.1
3647, 0.2
3648, 0.0
3649, 0.0
3650, 0.2
3651, -0.2
3652, 0.2
3653, 0.5
3654, 0.2
3655, 0.0
3656, 0.0
3657, 0.3
3658, 0.0
3659, 0.3
3660, -0.2
3661, -0.3
3662, -0.1
3663, -0.2
3664, 0.1
3665, -0.1
3666, -0.4
3667, -0.1
3668, -0.2
3669, 0.0
3670, 0.0
3671, -0.1
3672, -0.1
3673, -0.1
3674, 0.1
3675, -0.2
3676, -0.1
3677, 0.0
3678, 0.1
3679, -0.4
3680, 0.1
3681, 0.2
3682, 0.0
3683, 0.0
3684, -0.4
3685, -0.2
3686, 0.3
3687, 0.2
3688, 0.0
3689, 0.2
3690, 0.0
3691, -0.2
3692, 0.1
3693, 0.0
3694, 0.2
3695, -0.3
3696, 0.0
3697, -0.3
3698, -0.1
3699, -0.3
3700, 0.2
3701, 0.1
3702, 0.2
3703, -0.3
3704, 0.3
3705, 0.1
3706, 0.0
3707, 0.5
3708, -0.1
3709, -0.5
3710, 0.0
3711, 0.0
3712, 0.1
3713, 0.1
3714, 0.1
3715, -0.3
3716, 0.0
3717, 0.0
3718, 0.3
3719, -0.2
3720, 0.2
3721, -0.4
3722, 0.0
3723, -0.2
3724, 0.3
3725, -0.1
3726, 0.2
3727, 0.1
3728, 0.1
3729, 0.2
3730, -0.4
3731, -0.1
3732, -0.1
3733, 0.0
3734, -0.1
3735, -0.2
3736, -0.1
3737, 0.0
3738, -0.1
3739, 0.2
3740, 0.0
3741, -0.4
3742, 0.1
3743, -0.3
3744, -0.4
3745, 0.2
3746, 0.2
3747, -0.4
3748, -0.2
3749, 0.0
3750, 0.0
3751, 0.3
3752, 0.2
3753, -0.3
3754, -0.1
3755, -0.6
3756, 0.3
3757, 0.0
3758, -0.1
3759, -0.2
3760, 0.1
3761, 0.0
3762, 0.1
3763, 0.2
3764, 0.1
3765, 0.2
3766, -0.3
3767, -0.1
3768, 0.2
3769, 0.0
3770, -0.6
3771, -0.1
3772, 0.2
3773, -0.4
3774, 0.0
3775, -0.5
3776, 0.4
3777, 0.2
3778, 0.0
3779, 0.2
3780, 0.0
3781, -0.2
3782, 0.2
3783, 0.0
3784, 0.1
3785, -0.2
3786, -0.4
3787, 0.2
3788, 0.3
3789, -0.3
3790, 0.2
3791, 0.0
3792, 0.2
3793, -0.4
3794, -0.4
3795, 0.1
3796, -0.2
3797, 0.1
3798, 0.1
3799, 0.2
3800, 0.2
3801, 0.0
3802, 0.0
3803, -0.1
3804, -0.1
3805, -0.1
3806, 0.2
3807, 0.2
3808, 0.4
3809, 0.1
3810, -0.1
3811, -0.2
3812, -0.2
3813, -0.1
3814, 0.0
3815, -0.1
3816, 0.0
3817, 0.0
3818, -0.2
3819, 0.0
3820, -0.3
3821, -0.1
3822, 0.2
3823, -0.1
3824, 0.2
3825, 0.0
3826, -0.1
3827, 0.3
3828, 0.2
3829, 0.0
3830, 0.0
3831, -0.1
3832, 0.0
3833, 0.0
3834, -0.1
3835, 0.1
3836, 0.1
3837, 0.3
3838, 0.1
3839, 0.1
3840, -0.1
3841, -0.1
3842, 0.0
3843, 0.1
3844, 0.1
3845, -0.6
3846, -0.1
3847, -0.3
3848, -0.1
3849, -0.1
3850, -0.1
3851, 0.1
3852, 0.1
3853, 0.1
3854, 0.2
3855, 0.1
3856, -0.3
3857, 0.3
3858, 0.3
3859, -0.3
3860, 0.0
3861, 0.1
3862, 0.3
3863, 0.2
3864, -0.1
3865, 0.0
3866, 0.0
3867, -0.2
3868, 0.3
3869, 0.0
3870, -0.1
3871, -0.1
3872, -0.1
3873, -0.2
3874, 0.4
3875, -0.2
3876, 0.1
3877, 0.3
3878, 0.1
3879, -0.1
3880, 0.1
3881, 0.0
3882, 0.2
3883, -0.1
3884, 0.1
3885, -0.4
3886, -0.3
3887, -0.2
3888, -0.2
3889, 0.1
3890, 0.1
3891, -0.1
3892, 0.2
3893, 0.2
3894, -0.1
3895, -0.2
3896, -0.2
3897, -0.1
3898, 0.5
3899, 0.1
3900, 0.3
3901, -0.3
3902, -0.6
3903, -0.2
3904, 0.4
3905, -0.2
3906, 0.3
3907, 0.4
3908, 0.0
3909, -0.2
3910, -0.3
3911, -0.2
3912, 0.0
3913, 0.2
3914, -0.2
3915, 0.0
3916, 0.1
3917, 0.0
3918, 0.2
3919, 0.4
3920, 0.0
3921, 0.0
3922, -0.2
3923, 0.2
3924, 0.2
3925, -0.2
3926, 0.0
3927, 0.1
3928, 0.0
3929, 0.0
3930, -0.1
3931, 0.0
3932, 0.2
3933, -0.3
3934, 0.0
3935, -0.3
3936, -0.1
3937, -0.1
3938, -0.3
3939, 0.1
3940, 0.0
3941, 0.3
3942, 0.4
3943, 0.0
3944, 0.1
3945, 0.4
3946, -0.1
3947, 0.2
3948, -0.1
3949, 0.3
3950, 0.0
3951, 0.0
3952, -0.4
3953, 0.2
3954, 0.1
3955, -0.1
3956, 0.2
3957, 0.0
3958, -0.4
3959, 0.1
3960, 0.0
3961, 0.5
3962, -0.2
3963, 0.0
3964, -0.4
3965, 0.1
3966, -0.3
3967, 0.3
3968, -0.1
3969, 0.2
3970, 0.1
3971, 0.2
3972, 0.2
3973, 0.1
3974, 0.1
3975, 0.0
3976, 0.0
3977, 0.3
3978, 0.0
3979, 0.2
3980, 0.4
3981, 0.2
3982, 0.0
3983, -0.1
3984, -0.1
3985, 0.2
3986, -0.1
3987, 0.4
3988, -0.1
3989, 0.0
3990, -0.3
3991, 0.0
3992, -0.2
3993, 0.0
3994, -0.1
3995, 0.2
3996, -0.1
3997, 0.2
3998, 0.2
3999, 0.0
