0, 0.4
1, 0.2
2, -0.1
3, -0.1
4, 0.3
5, -0.1
6, -0.3
7, -0.1
8, 0.2
9, 0.3
10, -0.1
11, -0.1
12, 0.1
13, 0.1
14, -0.1
15, 0.5
16, 0.5
17, 0.2
18, 0.0
19, -0.1
20, 0.1
21, -0.4
22, -0.1
23, 0.1
24, 0.2
25, 0.0
26, -0.3
27, -0.1
28, 0.3
29, -0.1
30, 0.2
31, 0.4
32, 0.1
33, -0.1
34, -0.2
35, 0.1
36, 0.3
37, 0.0
38, 0.1
39, -0.2
40, 0.3
41, -0.1
42, 0.2
43, -0.1
44, 0.1
45, 0.2
46, 0.2
47, -0.1
48, 0.0
49, 0.3
50, 0.0
51, 0.3
52, -0.1
53, 0.1
54, 0.3
55, -0.3
56, -0.3
57, -0.1
58, 0.2
59, 0.3
60, 0.2
61, 0.1
62, 0.3
63, -0.2
64, -0.1
65, 0.1
66, -0.3
67, 0.5
68, -0.2
69, 0.3
70, 0.1
71, 0.0
72, -0.1
73, -0.2
74, 0.3
75, 0.2
76, 0.3
77, -0.1
78, 0.1
79, -0.2
80, 0.2
81, 0.0
82, -0.3
83, -0.1
84, -0.4
85, 0.4
86, 0.3
87, -0.3
88, 0.1
89, 0.5
90, 0.1
91, 0.1
92, -0.2
93, 0.4
94, -0.1
95, 0.1
96, -0.1
97, 0.3
98, -0.3
99, 0.0
100, 0.0
101, 0.0
102, 0.2
103, 0.0
104, -0.1
105, -0.2
106, -0.3
107, -0.1
108, 0.2
109, -0.2
110, 0.1
111, -0.1
112, 0.3
113, -0.1
114, -0.4
115, 0.2
116, 0.0
117, -0.4
118, 0.3
119, 0.0
120, -0.5
121, -0.2
122, 0.1
123, 0.2
124, -0.2
125, 0.0
126, 0.3
127, 0.3
128, 0.1
129, 0.3
130, -0.1
131, 0.2
132, -0.1
133, 0.0
134, 0.1
135, -0.1
136, 0.3
137, 0.3
138, 0.1
139, -0.4
140, 0.3
141, 0.5
142, 0.0
143, 0.0
144, 0.2
145, 0.0
146, 0.0
147, 0.2
148, 0.2
149, 0.2
150, 0.4
151, -0.4
152, -0.2
153, 0.4
154, 0.3
155, 0.1
156, -0.2
157, -0.2
158, -0.1
159, 0.0
160, 0.1
161, 0.2
162, 0.2
163, -0.4
164, -0.2
165, 0.0
166, 0.1
167, -0.2
168, -0.5
169, 0.1
170, 0.1
171, -0.3
172, 0.1
173, 0.0
174, 0.2
175, 0.2
176, 0.2
177, 0.1
178, -0.2
179, 0.2
180, 0.1
181, -0.3
182, 0.4
183, 0.0
184, 0.0
185, 0.2
186, -0.4
187, 0.2
188, 0.0
189, -0.1
190, 0.5
191, -0.2
192, 0.0
193, -0.3
194, -0.2
195, 0.2
196, 0.0
197, -0.2
198, -0.1
199, 0.1
200, 0.0
201, 0.0
202, 0.0
203, -0.2
204, -0.2
205, 0.4
206, 0.1
207, 0.1
208, -0.2
209, -0.4
210, 0.2
211, -0.1
212, 0.1
213, 0.1
214, -0.2
215, -0.2
216, -0.2
217, -0.2
218, -0.2
219, 0.3
220, 0.0
221, 0.2
222, -0.2
223, -0.2
224, 0.5
225, -0.1
226, -0.3
227, 0.3
228, 0.1
229, 0.1
230, 0.0
231, -0.4
232, -0.2
233, 0.0
234, 0.0
235, 0.4
236, 0.2
237, 0.0
238, 0.2
239, -0.3
240, 0.2
241, -0.2
242, 0.0
243, 0.3
244, 0.1
245, 0.0
246, 0.2
247, 0.0
248, 0.3
249, 0.2
250, -0.2
251, 0.0
252, 0.2
253, -0.2
254, 0.0
255, 0.0
256, -0.5
257, -0.3
258, -0.2
259, -0.2
260, -0.1
261, 0.1
262, 0.3
263, -0.3
264, 0.3
265, -0.1
266, -0.2
267, -0.3
268, 0.1
269, -0.3
270, -0.2
271, 0.2
272, -0.1
273, 0.1
274, 0.1
275, -0.2
276, 0.3
277, 0.2
278, -0.5
279, 0.1
280, -0.1
281, -0.4
282, 0.1
283, 0.0
284, -0.1
285, 0.2
286, 0.2
287, 0.5
288, -0.2
289, 0.0
290, -0.1
291, -0.5
292, 0.3
293, -0.2
294, 0.2
295, -0.1
296, 0.3
297, -0.5
298, 0.0
299, 0.1
300, 0.2
301, -0.4
302, 0.1
303, 0.2
304, -0.2
305, -0.3
306, -0.2
307, -0.2
308, 0.0
309, 0.3
310, -0.1
311, 0.1
312, 0.4
313, -0.1
314, 0.1
315, -0.6
316, 0.3
317, -0.3
318, 0.0
319, 0.0
320, -0.2
321, 0.0
322, 0.2
323, 0.3
324, 0.3
325, -0.2
326, -0.3
327, -0.4
328, 0.2
329, -0.2
330, 0.0
331, -0.4
332, -0.1
333, 0.3
334, 0.2
335, 0.0
336, -0.3
337, -0.1
338, 0.3
339, -0.1
340, -0.3
341, -0.1
342, 0.1
343, -0.2
344, 0.0
345, 0.4
346, 0.2
347, 0.1
348, 0.0
349, -0.2
350, 0.2
351, -0.1
352, -0.1
353, 0.2
354, -0.1
355, -0.2
356, 0.2
357, 0.1
358, 0.1
359, 0.2
360, -0.1
361, -0.3
362, 0.1
363, 0.1
364, -0.3
365, 0.1
366, 0.4
367, 0.0
368, -0.1
369, -0.2
370, 0.0
371, -0.3
372, -0.4
373, 0.0
374, -0.1
375, 0.0
376, -0.2
377, -0.4
378, 0.2
379, 0.1
380, 0.3
381, 0.2
382, 0.4
383, -0.2
384, 0.0
385, 0.1
386, 0.1
387, -0.3
388, 0.2
389, 0.1
390, 0.0
391, 0.1
392, 0.0
393, -0.6
394, 0.1
395, -0.4
396, 0.0
397, 0.3
398, 0.1
399, -0.2
400, -0.1
401, 0.2
402, 0.1
403, 0.4
404, -0.3
405, 0.5
406, 0.2
407, 0.0
408, -0.2
409, -0.4
410, 0.2
411, 0.3
412, 0.1
413, 0.1
414, 0.1
415, 0.5
416, -0.2
417, 0.2
418, 0.2
419, 0.3
420, 0.3
421, 0.3
422, 0.5
423, 0.0
424, -0.4
425, 0.0
426, -0.2
427, 0.3
428, 0.0
429, 0.4
430, 0.0
431, -0.1
432, -0.1
433, 0.1
434, -0.3
435, 0.0
436, -0.4
437, -0.3
438, -0.1
439, -0.1
440, 0.2
441, 0.0
442, 0.1
443, 0.0
444, 0.0
445, -0.2
446, 0.1
447, -0.2
448, -0.1
449, -0.2
450, -0.2
451, 0.0
452, 0.3
453, -0.2
454, 0.3
455, 0.0
456, -0.4
457, -0.1
458, 0.1
459, 0.2
460, -0.1
461, -0.3
462, -0.2
463, 0.2
464, -0.2
465, 0.2
466, -0.1
467, 0.1
468, 0.0
469, -0.3
470, -0.1
471, 0.3
472, 0.1
473, -0.2
474, -0.5
475, -0.4
476, 0.0
477, 0.0
478, 0.2
479, -0.1
480, -0.1
481, 0.2
482, -0.3
483, -0.1
484, -0.4
485, -0.6
486, 0.1
487, -0.3
488, -0.2
489, 0.0
490, 0.3
491, -0.1
492, -0.2
493, 0.1
494, -0.4
495, 0.2
496, -0.4
497, 0.2
498, 0.0
499, 0.2
500, 0.0
501, 0.0
502, -0.5
503, 0.1
504, 0.2
505, 0.1
506, 0.0
507, -0.3
508, 0.0
509, 0.0
510, -0.3
511, 0.0
512, 0.4
513, 0.0
514, 0.0
515, -0.1
516, -0.1
517, 0.0
518, 0.1
519, 0.5
520, -0.3
521, 0.1
522, 0.0
523, 0.0
524, -0.2
525, 0.0
526, 0.0
527, 0.4
528, -0.1
529, -0.2
530, 0.2
531, -0.1
532, -0.1
533, 0.1
534, 0.2
535, -0.5
536, -0.1
537, 0.2
538, -0.2
539, 0.4
540, 0.2
541, -0.3
542, 0.2
543, -0.2
544, -0.2
545, -0.3
546, -0.4
547, 0.3
548, 0.1
549, 0.1
550, -0.2
551, 0.0
552, -0.3
553, -0.1
554, 0.3
555, -0.1
556, -0.1
557, -0.1
558, 0.1
559, 0.1
560, -0.1
561, -0.2
562, 0.0
563, 0.0
564, -0.4
565, 0.2
566, -0.3
567, 0.2
568, 0.0
569, 0.0
570, 0.0
571, 0.1
572, 0.1
573, 0.2
574, 0.5
575, 0.2
576, -0.1
577, 0.0
578, -0.3
579, -0.1
580, -0.3
581, -0.1
582, -0.1
583, -0.3
584, -0.2
585, -0.5
586, -0.1
587, 0.1
588, 0.2
589, -0.1
590, 0.1
591, 0.5
592, 0.2
593, -0.2
594, 0.3
595, -0.2
596, -0.1
597, -0.1
598, -0.3
599, -0.1
600, -0.2
601, -0.3
602, -0.1
603, -0.1
604, 0.1
605, -0.1
606, 0.2
607, -0.1
608, -0.2
609, 0.0
610, -0.2
611, 0.2
612, -0.6
613, 0.4
614, 0.3
615, -0.1
616, 0.1
617, 0.1
618, -0.3
619, 0.1
620, 0.1
621, -0.1
622, 0.1
623, 0.0
624, 0.2
625, -0.1
626, -0.1
627, -0.2
628, 0.1
629, 0.2
630, -0.1
631, 0.0
632, 0.0
633, -0.2
634, -0.2
635, 0.0
636, -0.2
637, 0.0
638, -0.2
639, -0.3
640, 0.1
641, 0.2
642, -0.3
643, -0.2
644, -0.1
645, -0.3
646, 0.0
647, 0.1
648, -0.3
649, -0.1
650, 0.0
651, 0.2
652, -0.2
653, -0.1
654, -0.1
655, 0.2
656, -0.1
657, 0.0
658, -0.1
659, 0.0
660, 0.4
661, 0.2
662, -0.3
663, -0.1
664, -0.2
665, -0.1
666, -0.2
667, -0.1
668, 0.0
669, 0.0
670, 0.0
671, -0.2
672, 0.1
673, 0.3
674, -0.2
675, 0.2
676, -0.8
677, 0.2
678, -0.1
679, 0.3
680, 0.0
681, -0.1
682, 0.3
683, 0.3
684, 0.0
685, -0.1
686, 0.3
687, 0.0
688, -0.1
689, 0.0
690, 0.3
691, 0.2
692, 0.0
693, 0.1
694, 0.4
695, 0.1
696, -0.1
697, -0.2
698, -0.1
699, -0.2
700, -0.3
701, -0.2
702, 0.1
703, 0.1
704, -0.3
705, 0.1
706, -0.1
707, 0.5
708, -0.4
709, -0.3
710, -0.1
711, 0.0
712, 0.2
713, 0.1
714, 0.4
715, 0.1
716, 0.0
717, -0.1
718, -0.2
719, -0.2
720, -0.2
721, -0.7
722, 0.1
723, 0.0
724, -0.1
725, -0.5
726, -0.2
727, 0.0
728, 0.0
729, -0.1
730, 0.0
731, 0.0
732, -0.2
733, 0.2
734, -0.1
735, 0.5
736, 0.2
737, 0.1
738, 0.0
739, 0.3
740, -0.5
741, 0.3
742, 0.2
743, 0.0
744, -0.4
745, 0.3
746, 0.1
747, -0.1
748, -0.5
749, 0.0
750, 0.3
751, -0.7
752, -0.2
753, 0.2
754, 0.0
755, -0.4
756, 0.2
757, 0.2
758, -0.3
759, 0.1
760, 0.2
761, 0.2
762, 0.1
763, -0.1
764, 0.1
765, 0.1
766, 0.1
767, -0.1
768, 0.1
769, 0.0
770, -0.3
771, 0.2
772, 0.2
773, 0.4
774, 0.2
775, 0.0
776, 0.3
777, -0.4
778, -0.1
779, 0.3
780, -0.4
781, -0.3
782, 0.3
783, -0.1
784, 0.0
785, 0.1
786, 0.4
787, 0.1
788, 0.0
789, -0.3
790, 0.3
791, -0.3
792, 0.0
793, 0.0
794, 0.0
795, -0.1
796, -0.5
797, 0.2
798, 0.0
799, -0.1
800, 0.2
801, -0.2
802, 0.0
803, -0.2
804, -0.1
805, -0.2
806, 0.1
807, -0.1
808, 0.0
809, -0.3
810, 0.5
811, -0.4
812, 0.1
813, -0.2
814, -0.1
815, -0.5
816, 0.2
817, 0.0
818, 0.0
819, -0.2
820, 0.3
821, 0.2
822, 0.1
823, -0.3
824, 0.1
825, 0.4
826, -0.4
827, -0.3
828, 0.0
829, 0.2
830, -0.2
831, 0.0
832, 0.3
833, -0.2
834, -0.1
835, 0.2
836, 0.2
837, 0.1
838, 0.1
839, -0.1
840, 0.2
841, 0.1
842, 0.3
843, -0.4
844, -0.1
845, -0.2
846, 0.3
847, 0.3
848, -0.4
849, 0.1
850, -0.5
851, -0.2
852, 0.1
853, -0.2
854, -0.5
855, -0.1
856, 0.1
857, -0.6
858, 0.3
859, 0.4
860, 0.1
861, 0.2
862, -0.2
863, -0.3
864, 0.2
865, -0.3
866, -0.1
867, -0.3
868, 0.0
869, 0.0
870, -0.1
871, 0.0
872, 0.1
873, -0.2
874, -0.2
875, 0.0
876, 0.3
877, 0.2
878, 0.2
879, 0.0
880, 0.0
881, -0.1
882, -0.4
883, 0.1
884, -0.2
885, -0.2
886, -0.1
887, 0.3
888, 0.2
889, -0.1
890, -0.3
891, 0.1
892, -0.2
893, -0.2
894, 0.2
895, -0.1
896, 0.0
897, 0.0
898, -0.1
899, -0.1
900, 0.0
901, 0.0
902, -0.3
903, 0.3
904, 0.2
905, -0.2
906, 0.0
907, -0.1
908, 0.1
909, 0.4
910, -0.1
911, -0.2
912, 0.1
913, 0.1
914, 0.5
915, -0.5
916, -0.2
917, 0.0
918, 0.3
919, 0.2
920, -0.2
921, -0.1
922, -0.4
923, -0.4
924, 0.0
925, 0.2
926, 0.0
927, 0.2
928, 0.1
929, 0.0
930, 0.0
931, -0.2
932, -0.2
933, -0.1
934, 0.1
935, 0.1
936, -0.2
937, -0.3
938, 0.2
939, 0.2
940, 0.2
941, 0.3
942, 0.1
943, 0.0
944, 0.1
945, 0.3
946, 0.1
947, 0.2
948, 0.2
949, -0.3
950, -0.1
951, 0.3
952, -0.4
953, -0.3
954, 0.1
955, -0.5
956, 0.0
957, 0.1
958, -0.1
959, 0.0
960, 0.2
961, 0.2
962, 0.3
963, 0.0
964, 0.4
965, 0.1
966, 0.1
967, -0.1
968, 0.0
969, -0.5
970, 0.1
971, 0.1
972, 0.2
973, 0.2
974, 0.1
975, 0.3
976, 0.1
977, 0.0
978, -0.4
979, 0.1
980, -0.2
981, -0.1
982, 0.1
983, 0.0
984, 0.1
985, 0.2
986, 0.0
987, -0.2
988, -0.1
989, -0.3
990, -0.2
991, -0.1
992, -0.2
993, 0.0
994, -0.1
995, 0.5
996, -0.1
997, 0.3
998, 0.4
999, -0.3
1000, 0.3
1001, 0.0
1002, 0.1
1003, -0.1
1004, 0.3
1005, 0.0
1006, -0.1
1007, 0.3
1008, 0.2
1009, 0.1
1010, 0.0
1011, 0.1
1012, -0.2
1013, 0.0
1014, -0.4
1015, -0.3
1016, -0.1
1017, 0.1
1018, -0.1
1019, 0.1
1020, -0.1
1021, 0.2
1022, 0.1
1023, 0.1
1024, 0.3
1025, 0.1
1026, -0.3
1027, 0.0
1028, 0.3
1029, 0.3
1030, 0.2
1031, 0.1
1032, 0.2
1033, -0.3
1034, 0.1
1035, -0.3
1036, 0.0
1037, 0.3
1038, -0.3
1039, -0.1
1040, 0.1
1041, 0.2
1042, 0.0
1043, 0.1
1044, 0.0
1045, 0.0
1046, 0.1
1047, 0.2
1048, 0.2
1049, 0.0
1050, 0.0
1051, 0.0
1052, 0.2
1053, 0.1
1054, 0.1
1055, -0.6
1056, 0.3
1057, -0.3
1058, 0.2
1059, -0.1
1060, -0.1
1061, 0.2
1062, 0.4
1063, 0.4
1064, 0.1
1065, 0.4
1066, -0.2
1067, 0.0
1068, 0.0
1069, 0.2
1070, -0.2
1071, -0.2
1072, 0.2
1073, -0.1
1074, -0.2
1075, 0.1
1076, 0.1
1077, -0.2
1078, -0.5
1079, -0.3
1080, 0.0
1081, -0.1
1082, 0.0
1083, -0.1
1084, 0.1
1085, 0.0
1086, 0.3
1087, 0.2
1088, 0.1
1089, -0.4
1090, 0.0
1091, 0.0
1092, -0.3
1093, 0.1
1094, 0.2
1095, 0.0
1096, -0.1
1097, -0.3
1098, 0.0
1099, -0.2
1100, -0.3
1101, -0.2
1102, -0.1
1103, 0.1
1104, 0.0
1105, -0.2
1106, -0.2
1107, -0.2
1108, 0.3
1109, 0.5
1110, 0.1
1111, 0.2
1112, -0.3
1113, -0.2
1114, -0.1
1115, 0.0
1116, 0.1
1117, -0.3
1118, -0.2
1119, 0.3
1120, 0.2
1121, 0.3
1122, 0.0
1123, 0.2
1124, 0.0
1125, -0.3
1126, 0.0
1127, -0.1
1128, 0.2
1129, 0.1
1130, 0.1
1131, -0.3
1132, 0.1
1133, -0.2
1134, 0.0
1135, 0.1
1136, 0.1
1137, -0.3
1138, -0.2
1139, -0.2
1140, 0.0
1141, -0.1
1142, -0.1
1143, 0.5
1144, -0.6
1145, 0.2
1146, 0.3
1147, -0.1
1148, 0.1
1149, 0.1
1150, 0.1
1151, -0.2
1152, -0.1
1153, 0.0
1154, 0.0
1155, 0.0
1156, -0.6
1157, 0.1
1158, -0.4
1159, 0.2
1160, -0.1
1161, 0.0
1162, 0.1
1163, 0.0
1164, 0.1
1165, 0.1
1166, 0.2
1167, 0.5
1168, -0.3
1169, -0.3
1170, -0.3
1171, -0.3
1172, -0.4
1173, -0.5
1174, -0.7
1175, -0.2
1176, 0.1
1177, 0.2
1178, -0.2
1179, -0.1
1180, -0.2
1181, -0.2
1182, 0.1
1183, 0.0
1184, -0.1
1185, 0.2
1186, 0.0
1187, 0.1
1188, 0.5
1189, 0.1
1190, -0.4
1191, -0.1
1192, 0.3
1193, -0.2
1194, 0.0
1195, -0.1
1196, 0.0
1197, -0.2
1198, 0.3
1199, 0.0
1200, 0.1
1201, -0.1
1202, -0.2
1203, -0.4
1204, -0.1
1205, -0.1
1206, -0.4
1207, 0.0
1208, -0.2
1209, 0.3
1210, 0.0
1211, -0.3
1212, 0.4
1213, -0.2
1214, -0.3
1215, -0.4
1216, -0.2
1217, 0.3
1218, -0.1
1219, -0.2
1220, -0.1
1221, 0.0
1222, 0.0
1223, 0.2
1224, 0.1
1225, 0.2
1226, 0.1
1227, -0.3
1228, 0.0
1229, 0.3
1230, 0.2
1231, -0.1
1232, -0.2
1233, 0.1
1234, -0.1
1235, 0.3
1236, 0.1
1237, 0.0
1238, -0.3
1239, 0.3
1240, -0.1
1241, -0.1
1242, 0.0
1243, 0.0
1244, -0.1
1245, -0.1
1246, -0.2
1247, 0.2
1248, -0.1
1249, 0.2
1250, 0.2
1251, 0.2
1252, 0.1
1253, 0.1
1254, -0.4
1255, 0.2
1256, 0.3
1257, -0.2
1258, -0.2
1259, -0.1
1260, 0.2
1261, 0.0
1262, 0.2
1263, -0.5
1264, -0.7
1265, 0.1
1266, 0.0
1267, 0.2
1268, 0.1
1269, 0.2
1270, -0.1
1271, 0.2
1272, -0.3
1273, -0.3
1274, -0.1
1275, -0.3
1276, 0.1
1277, -0.2
1278, 0.1
1279, 0.0
1280, -0.3
1281, -0.1
1282, -0.1
1283, -0.2
1284, 0.1
1285, -0.3
1286, 0.0
1287, 0.0
1288, 0.1
1289, 0.1
1290, 0.2
1291, 0.4
1292, 0.5
1293, -0.1
1294, 0.3
1295, 0.3
1296, 0.1
1297, 0.3
1298, -0.3
1299, -0.2
1300, -0.3
1301, -0.3
1302, 0.3
1303, -0.2
1304, 0.3
1305, -0.1
1306, 0.2
1307, 0.0
1308, -0.1
1309, 0.0
1310, 0.0
1311, -0.2
1312, 0.2
1313, -0.2
1314, -0.4
1315, 0.4
1316, 0.3
1317, -0.2
1318, 0.0
1319, 0.1
1320, -0.2
1321, -0.2
1322, 0.0
1323, 0.2
1324, 0.1
1325, -0.1
1326, -0.1
1327, 0.0
1328, 0.0
1329, 0.2
1330, -0.2
1331, -0.1
1332, -0.2
1333, -0.1
1334, -0.2
1335, 0.1
1336, 0.0
1337, 0.3
1338, 0.0
1339, 0.3
1340, -0.3
1341, 0.5
1342, 0.0
1343, -0.2
1344, 0.5
1345, -0.3
1346, 0.2
1347, 0.1
1348, -0.1
1349, -0.1
1350, -0.1
1351, 0.1
1352, -0.1
1353, 0.2
1354, 0.2
1355, 0.1
1356, -0.1
1357, 0.0
1358, 0.1
1359, -0.2
1360, 0.0
1361, -0.3
1362, 0.1
1363, -0.5
1364, 0.3
1365, -0.3
1366, 0.1
1367, 0.1
1368, 0.0
1369, 0.2
1370, -0.2
1371, 0.0
1372, 0.2
1373, -0.1
1374, -0.1
1375, -0.1
1376, -0.1
1377, 0.2
1378, 0.2
1379, 0.5
1380, 0.3
1381, -0.2
1382, 0.0
1383, -0.3
1384, 0.3
1385, -0.4
1386, 0.1
1387, 0.0
1388, -0.4
1389, -0.1
1390, 0.1
1391, 0.0
1392, 0.2
1393, -0.3
1394, 0.2
1395, 0.2
1396, -0.1
1397, -0.2
1398, 0.1
1399, 0.3
1400, 0.0
1401, 0.1
1402, -0.2
1403, 0.0
1404, 0.2
1405, 0.0
1406, -0.1
1407, -0.1
1408, -0.1
1409, 0.1
1410, -0.3
1411, 0.2
1412, 0.2
1413, -0.2
1414, 0.0
1415, -0.2
1416, 0.0
1417, -0.2
1418, -0.1
1419, -0.2
1420, 0.1
1421, 0.1
1422, 0.1
1423, 0.3
1424, -0.2
1425, 0.3
1426, 0.2
1427, -0.2
1428, 0.0
1429, 0.1
1430, -0.5
1431, 0.0
1432, -0.1
1433, -0.1
1434, 0.2
1435, -0.3
1436, 0.2
1437, -0.5
1438, 0.3
1439, 0.2
1440, 0.3
1441, 0.3
1442, -0.2
1443, 0.2
1444, 0.1
1445, 0.1
1446, 0.2
1447, 0.0
1448, 0.0
1449, 0.4
1450, 0.2
1451, -0.5
1452, 0.1
1453, 0.3
1454, -0.2
1455, 0.2
1456, 0.1
1457, -0.2
1458, -0.1
1459, 0.2
1460, 0.3
1461, 0.0
1462, -0.1
1463, 0.1
1464, -0.2
1465, -0.3
1466, 0.4
1467, 0.1
1468, -0.1
1469, 0.0
1470, -0.2
1471, -0.3
1472, 0.1
1473, -0.1
1474, -0.2
1475, 0.1
1476, 0.1
1477, 0.2
1478, -0.4
1479, -0.1
1480, 0.0
1481, -0.2
1482, -0.2
1483, -0.1
1484, 0.2
1485, -0.2
1486, 0.2
1487, 0.1
1488, -0.3
1489, 0.1
1490, 0.1
1491, 0.2
1492, 0.0
1493, 0.1
1494, -0.1
1495, -0.1
1496, -0.1
1497, 0.0
1498, -0.3
1499, -0.1
1500, -0.3
1501, 0.0
1502, 0.1
1503, 0.2
1504, 0.0
1505, 0.1
1506, 0.2
1507, 0.1
1508, 0.1
1509, -0.2
1510, -0.1
1511, 0.1
1512, -0.1
1513, -0.1
1514, 0.0
1515, 0.1
1516, -0.1
1517, 0.1
1518, 0.4
1519, 0.1
1520, 0.5
1521, -0.1
1522, 0.2
1523, 0.2
1524, 0.0
1525, 0.1
1526, 0.2
1527, -0.3
1528, 0.1
1529, 0.1
1530, 0.3
1531, 0.0
1532, 0.2
1533, -0.2
1534, 0.1
1535, 0.1
1536, 0.0
1537, 0.0
1538, 0.0
1539, -0.2
1540, 0.1
1541, 0.1
1542, -0.1
1543, -0.3
1544, 0.1
1545, -0.5
1546, -0.5
1547, -0.2
1548, -0.2
1549, 0.3
1550, 0.2
1551, 0.0
1552, -0.3
1553, -0.6
1554, 0.2
1555, 0.2
1556, 0.0
1557, 0.4
1558, 0.4
1559, 0.5
1560, 0.0
1561, 0.3
1562, 0.1
1563, -0.1
1564, 0.3
1565, -0.1
1566, 0.1
1567, -0.4
1568, 0.1
1569, 0.3
1570, 0.4
1571, -0.4
1572, -0.7
1573, 0.2
1574, 0.1
1575, 0.3
1576, -0.4
1577, -0.2
1578, -0.1
1579, 0.2
1580, -0.3
1581, 0.1
1582, 0.1
1583, 0.0
1584, 0.0
1585, -0.1
1586, -0.1
1587, 0.4
1588, -0.1
1589, 0.0
1590, 0.0
1591, 0.1
1592, 0.2
1593, -0.1
1594, 0.1
1595, 0.3
1596, -0.1
1597, -0.1
1598, -0.3
1599, 0.2
1600, -0.1
1601, 0.1
1602, -0.4
1603, 0.0
1604, 0.2
1605, 0.0
1606, 0.3
1607, 0.3
1608, 0.0
1609, 0.3
1610, 0.3
1611, -0.2
1612, -0.2
1613, -0.3
1614, 0.1
1615, -0.1
1616, 0.2
1617, -0.1
1618, 0.2
1619, 0.1
1620, 0.1
1621, -0.2
1622, -0.1
1623, -0.6
1624, 0.1
1625, 0.2
1626, 0.3
1627, -0.2
1628, 0.1
1629, -0.4
1630, 0.5
1631, 0.0
1632, -0.1
1633, -0.4
1634, -0.6
1635, -0.2
1636, -0.1
1637, 0.0
1638, 0.3
1639, 0.5
1640, -0.1
1641, 0.0
1642, -0.1
1643, -0.1
1644, -0.2
1645, 0.2
1646, -0.2
1647, -0.4
1648, 0.3
1649, -0.1
1650, 0.0
1651, 0.0
1652, 0.2
1653, 0.2
1654, 0.3
1655, 0.1
1656, 0.1
1657, -0.1
1658, 0.0
1659, 0.0
1660, 0.0
1661, 0.0
1662, -0.4
1663, -0.5
1664, 0.2
1665, 0.0
1666, 0.1
1667, 0.3
1668, 0.0
1669, 0.2
1670, -0.1
1671, -0.2
1672, 0.3
1673, -0.1
1674, -0.2
1675, -0.2
1676, -0.2
1677, 0.4
1678, 0.1
1679, -0.2
1680, 0.2
1681, -0.1
1682, -0.3
1683, 0.1
1684, 0.1
1685, 0.2
1686, -0.1
1687, -0.1
1688, 0.3
1689, -0.1
1690, 0.3
1691, 0.0
1692, 0.4
1693, -0.1
1694, -0.2
1695, 0.0
1696, 0.4
1697, 0.2
1698, -0.1
1699, 0.1
1700, -0.1
1701, 0.1
1702, -0.2
1703, -0.4
1704, 0.2
1705, 0.3
1706, -0.5
1707, -0.2
1708, 0.0
1709, 0.2
1710, 0.4
1711, 0.0
1712, 0.2
1713, -0.1
1714, -0.2
1715, 0.0
1716, 0.0
1717, -0.4
1718, 0.3
1719, 0.4
1720, 0.1
1721, -0.2
1722, -0.2
1723, 0.2
1724, 0.3
1725, -0.1
1726, 0.3
1727, 0.0
1728, 0.1
1729, 0.2
1730, -0.1
1731, 0.2
1732, -0.2
1733, 0.2
1734, 0.0
1735, -0.1
1736, 0.2
1737, 0.1
1738, 0.1
1739, -0.1
1740, 0.3
1741, 0.0
1742, 0.2
1743, -0.1
1744, 0.1
1745, -0.2
1746, -0.1
1747, 0.3
1748, 0.0
1749, 0.0
1750, 0.2
1751, -0.1
1752, 0.2
1753, 0.2
1754, -0.2
1755, 0.1
1756, -0.1
1757, -0.5
1758, -0.2
1759, 0.1
1760, 0.3
1761, 0.1
1762, -0.1
1763, -0.2
1764, -0.3
1765, -0.4
1766, 0.1
1767, -0.2
1768, -0.2
1769, 0.2
1770, -0.1
1771, -0.1
1772, -0.4
1773, 0.5
1774, -0.1
1775, 0.2
1776, 0.1
1777, -0.1
1778, 0.1
1779, -0.2
1780, -0.3
1781, -0.1
1782, -0.1
1783, -0.2
1784, -0.3
1785, -0.2
1786, -0.3
1787, 0.1
1788, 0.3
1789, 0.3
1790, 0.2
1791, 0.1
1792, -0.4
1793, -0.3
1794, 0.0
1795, 0.2
1796, 0.2
1797, -0.1
1798, 0.1
1799, 0.3
1800, -0.1
1801, 0.2
1802, 0.2
1803, 0.2
1804, 0.0
1805, -0.3
1806, -0.2
1807, 0.3
1808, 0.2
1809, 0.3
1810, 0.2
1811, -0.1
1812, -0.1
1813, 0.0
1814, -0.1
1815, 0.1
1816, -0.1
1817, 0.3
1818, 0.2
1819, 0.0
1820, 0.4
1821, -0.1
1822, -0.1
1823, -0.3
1824, -0.3
1825, -0.2
1826, 0.1
1827, 0.3
1828, 0.0
1829, 0.1
1830, -0.3
1831, 0.3
1832, 0.2
1833, -0.1
1834, -0.2
1835, -0.3
1836, 0.2
1837, 0.0
1838, 0.2
1839, 0.3
1840, 0.1
1841, 0.2
1842, 0.0
1843, -0.2
1844, -0.3
1845, -0.2
1846, 0.1
1847, 0.3
1848, 0.0
1849, 0.0
1850, -0.2
1851, -0.2
1852, -0.1
1853, -0.1
1854, 0.3
1855, 0.4
1856, 0.4
1857, 0.0
1858, -0.1
1859, -0.1
1860, -0.1
1861, -0.2
1862, 0.2
1863, -0.3
1864, 0.0
1865, -0.5
1866, 0.2
1867, 0.0
1868, 0.1
1869, -0.3
1870, -0.2
1871, -0.7
1872, 0.2
1873, 0.3
1874, -0.6
1875, -0.1
1876, 0.1
1877, 0.0
1878, 0.3
1879, 0.1
1880, 0.0
1881, 0.2
1882, 0.3
1883, 0.0
1884, 0.0
1885, -0.1
1886, -0.3
1887, 0.5
1888, 0.2
1889, 0.0
1890, -0.1
1891, -0.1
1892, 0.2
1893, -0.1
1894, 0.2
1895, 0.1
1896, -0.3
1897, 0.2
1898, 0.2
1899, -0.1
1900, 0.3
1901, 0.2
1902, -0.4
1903, -0.4
1904, 0.2
1905, 0.3
1906, 0.2
1907, 0.1
1908, -0.3
1909, -0.4
1910, 0.3
1911, 0.3
1912, 0.0
1913, 0.1
1914, -0.2
1915, 0.0
1916, 0.1
1917, 0.0
1918, 0.0
1919, 0.0
1920, -0.4
1921, -0.1
1922, 0.2
1923, 0.0
1924, 0.2
1925, 0.4
1926, 0.0
1927, 0.0
1928, 0.1
1929, 0.3
1930, 0.0
1931, -0.6
1932, -0.5
1933, -0.6
1934, 0.0
1935, -0.1
1936, 0.0
1937, -0.1
1938, -0.2
1939, 0.1
1940, 0.0
1941, 0.4
1942, 0.3
1943, 0.1
1944, -0.3
1945, 0.0
1946, -0.1
1947, 0.3
1948, 0.2
1949, -0.2
1950, 0.2
1951, 0.2
1952, 0.3
1953, -0.1
1954, 0.2
1955, 0.4
1956, 0.0
1957, 0.4
1958, 0.3
1959, -0.1
1960, 0.1
1961, -0.3
1962, 0.2
1963, 0.4
1964, 0.3
1965, 0.0
1966, 0.1
1967, 0.3
1968, -0.1
1969, 0.1
1970, 0.2
1971, -0.7
1972, -0.1
1973, 0.2
1974, 0.4
1975, 0.1
1976, 0.1
1977, 0.1
1978, 0.0
1979, 0.1
1980, 0.1
1981, 0.0
1982, 0.2
1983, -0.2
1984, -0.1
1985, 0.1
1986, -0.3
1987, -0.1
1988, 0.4
1989, 0.0
1990, 0.1
1991, -0.2
1992, -0.4
1993, 0.3
1994, 0.1
1995, 0.0
1996, 0.0
1997, -0.2
1998, -0.1
1999, 0.0
2000, -0.3
2001, 0.3
2002, 0.1
2003, 0.2
2004, -0.2
2005, 0.4
2006, 0.1
2007, 0.3
2008, -0.3
2009, 0.1
2010, 0.1
2011, 0.0
2012, 0.2
2013, 0.0
2014, -0.2
2015, 0.3
2016, 0.2
2017, 0.4
2018, -0.1
2019, -0.4
2020, 0.2
2021, 0.1
2022, 0.2
2023, 0.4
2024, 0.0
2025, -0.2
2026, 0.3
2027, 0.2
2028, 0.5
2029, -0.1
2030, 0.0
2031, -0.1
2032, 0.1
2033, 0.0
2034, 0.1
2035, 0.2
2036, -0.3
2037, 0.0
2038, -0.1
2039, 0.0
2040, -0.2
2041, 0.0
2042, 0.4
2043, 0.0
2044, -0.3
2045, -0.1
2046, 0.4
2047, -0.4
2048, -0.2
2049, 0.0
2050, -0.1
2051, -0.2
2052, 0.5
2053, 0.1
2054, 0.1
2055, 0.2
2056, 0.0
2057, 0.1
2058, 0.0
2059, 0.3
2060, -0.1
2061, 0.4
2062, -0.5
2063, 0.3
2064, 0.1
2065, -0.2
2066, 0.0
2067, 0.3
2068, 0.1
2069, 0.1
2070, 0.3
2071, 0.1
2072, -0.2
2073, -0.3
2074, 0.3
2075, 0.3
2076, -0.1
2077, 0.0
2078, -0.1
2079, -0.1
2080, 0.0
2081, -0.2
2082, 0.1
2083, -0.2
2084, 0.0
2085, 0.1
2086, -0.1
2087, -0.2
2088, -0.2
2089, -0.1
2090, 0.1
2091, 0.0
2092, 0.0
2093, -0.2
2094, 0.2
2095, 0.2
2096, 0.0
2097, 0.1
2098, 0.0
2099, -0.2
2100, -0.1
2101, -0.2
2102, 0.0
2103, 0.1
2104, 0.0
2105, 0.2
2106, 0.4
2107, 0.2
2108, -0.1
2109, 0.3
2110, -0.1
2111, -0.1
2112, -0.2
2113, -0.2
2114, -0.1
2115, -0.2
2116, 0.2
2117, 0.2
2118, 0.1
2119, 0.0
2120, 0.2
2121, 0.5
2122, 0.3
2123, -0.3
2124, -0.1
2125, 0.4
2126, 0.0
2127, 0.2
2128, 0.0
2129, -0.1
2130, -0.1
2131, 0.4
2132, 0.3
2133, -0.1
2134, -0.2
2135, -0.5
2136, -0.4
2137, 0.1
2138, -0.1
2139, 0.2
2140, -0.3
2141, -0.1
2142, -0.1
2143, 0.0
2144, 0.0
2145, 0.2
2146, 0.3
2147, -0.4
2148, -0.3
2149, -0.1
2150, 0.0
2151, -0.1
2152, -0.1
2153, -0.2
2154, 0.3
2155, -0.4
2156, 0.1
2157, 0.1
2158, -0.1
2159, 0.3
2160, -0.3
2161, -0.2
2162, -0.4
2163, 0.1
2164, 0.2
2165, 0.3
2166, 0.1
2167, -0.5
2168, -0.7
2169, -0.1
2170, -0.4
2171, 0.1
2172, 0.0
2173, 0.0
2174, -0.1
2175, 0.1
2176, 0.3
2177, 0.0
2178, 0.0
2179, -0.3
2180, 0.3
2181, 0.0
2182, 0.1
2183, 0.0
2184, -0.1
2185, 0.0
2186, 0.3
2187, 0.0
2188, 0.3
2189, -0.4
2190, -0.3
2191, 0.0
2192, -0.2
2193, 0.0
2194, 0.1
2195, 0.3
2196, -0.2
2197, -0.2
2198, 0.3
2199, -0.1
2200, 0.1
2201, 0.1
2202, -0.4
2203, -0.3
2204, -0.4
2205, 0.1
2206, -0.1
2207, 0.1
2208, -0.1
2209, -0.2
2210, -0.1
2211, -0.1
2212, -0.3
2213, 0.0
2214, 0.1
2215, 0.2
2216, 0.3
2217, -0.2
2218, -0.2
2219, 0.0
2220, 0.0
2221, 0.3
2222, 0.2
2223, 0.2
2224, -0.6
2225, 0.1
2226, -0.1
2227, 0.1
2228, -0.2
2229, 0.0
2230, 0.1
2231, 0.4
2232, 0.0
2233, 0.3
2234, 0.0
2235, 0.1
2236, -0.1
2237, 0.1
2238, 0.1
2239, 0.1
2240, 0.2
2241, 0.0
2242, 0.0
2243, 0.2
2244, 0.2
2245, -0.1
2246, -0.2
2247, 0.2
2248, -0.4
2249, 0.0
2250, 0.1
2251, -0.4
2252, 0.3
2253, -0.4
2254, 0.0
2255, 0.2
2256, -0.3
2257, 0.3
2258, -0.8
2259, -0.2
2260, 0.0
2261, -0.2
2262, 0.2
2263, 0.4
2264, 0.3
2265, 0.2
2266, 0.0
2267, -0.3
2268, 0.4
2269, -0.1
2270, 0.4
2271, -0.2
2272, 0.0
2273, 0.1
2274, 0.2
2275, 0.1
2276, 0.2
2277, 0.1
2278, 0.3
2279, -0.4
2280, -0.3
2281, -0.1
2282, -0.1
2283, 0.0
2284, 0.1
2285, 0.0
2286, 0.1
2287, -0.2
2288, 0.1
2289, -0.1
2290, 0.2
2291, 0.3
2292, -0.1
2293, -0.5
2294, -0.4
2295, -0.2
2296, 0.0
2297, -0.3
2298, 0.0
2299, -0.1
2300, -0.1
2301, 0.4
2302, 0.3
2303, 0.1
2304, -0.3
2305, 0.3
2306, 0.0
2307, 0.5
2308, 0.1
2309, 0.3
2310, -0.1
2311, 0.0
2312, 0.0
2313, 0.0
2314, -0.1
2315, 0.3
2316, 0.0
2317, 0.2
2318, 0.3
2319, 0.0
2320, -0.3
2321, -0.1
2322, 0.1
2323, -0.3
2324, 0.1
2325, -0.2
2326, 0.2
2327, -0.1
2328, 0.1
2329, 0.0
2330, 0.0
2331, 0.1
2332, 0.1
2333, -0.2
2334, 0.1
2335, 0.2
2336, -0.1
2337, 0.3
2338, 0.0
2339, 0.1
2340, -0.5
2341, 0.0
2342, -0.1
2343, 0.0
2344, -0.1
2345, 0.0
2346, 0.0
2347, 0.1
2348, 0.0
2349, 0.1
2350, 0.2
2351, -0.2
2352, -0.3
2353, 0.0
2354, 0.0
2355, 0.0
2356, -0.3
2357, -0.4
2358, 0.0
2359, 0.0
2360, 0.2
2361, 0.1
2362, 0.4
2363, 0.3
2364, -0.1
2365, -0.5
2366, 0.3
2367, 0.1
2368, 0.2
2369, 0.3
2370, -0.3
2371, 0.1
2372, 0.2
2373, 0.3
2374, 0.0
2375, 0.3
2376, 0.0
2377, -0.2
2378, 0.0
2379, -0.1
2380, 0.3
2381, 0.2
2382, -0.1
2383, -0.4
2384, -0.2
2385, 0.2
2386, 0.0
2387, -0.1
2388, 0.3
2389, 0.1
2390, -0.1
2391, 0.4
2392, 0.1
2393, -0.2
2394, -0.2
2395, -0.2
2396, -0.4
2397, 0.1
2398, 0.0
2399, 0.4
2400, 0.0
2401, 0.1
2402, -0.1
2403, -0.3
2404, 0.4
2405, -0.1
2406, 0.0
2407, 0.1
2408, 0.1
2409, -0.2
2410, -0.1
2411, 0.4
2412, -0.4
2413, 0.0
2414, 0.1
2415, -0.2
2416, -0.2
2417, -0.2
2418, 0.1
2419, -0.6
2420, -0.1
2421, -0.2
2422, -0.1
2423, -0.6
2424, -0.1
2425, 0.1
2426, 0.3
2427, 0.1
2428, 0.0
2429, -0.3
2430, 0.0
2431, 0.1
2432, -0.3
2433, 0.1
2434, -0.1
2435, 0.1
2436, -0.1
2437, -0.1
2438, -0.2
2439, -0.2
2440, 0.0
2441, -0.3
2442, 0.2
2443, -0.1
2444, -0.2
2445, -0.1
2446, 0.2
2447, -0.1
2448, -0.1
2449, -0.1
2450, -0.1
2451, 0.0
2452, -0.2
2453, -0.1
2454, 0.1
2455, -0.1
2456, -0.4
2457, 0.1
2458, 0.1
2459, 0.1
2460, 0.3
2461, 0.1
2462, 0.2
2463, -0.1
2464, 0.1
2465, 0.2
2466, 0.2
2467, -0.3
2468, -0.3
2469, -0.1
2470, 0.1
2471, -0.4
2472, -0.3
2473, -0.2
2474, 0.3
2475, -0.3
2476, -0.6
2477, -0.1
2478, 0.1
2479, -0.2
2480, -0.4
2481, 0.2
2482, 0.3
2483, 0.0
2484, 0.1
2485, 0.5
2486, 0.0
2487, 0.0
2488, 0.0
2489, 0.1
2490, 0.2
2491, -0.1
2492, 0.2
2493, 0.1
2494, -0.2
2495, 0.2
2496, -0.2
2497, 0.1
2498, 0.2
2499, 0.0
2500, -0.2
2501, 0.0
2502, 0.0
2503, 0.1
2504, -0.1
2505, 0.3
2506, -0.1
2507, 0.0
2508, 0.3
2509, 0.2
2510, -0.2
2511, -0.3
2512, 0.0
2513, -0.3
2514, 0.3
2515, 0.3
2516, 0.3
2517, -0.5
2518, 0.4
2519, -0.1
2520, 0.2
2521, 0.2
2522, 0.2
2523, 0.0
2524, 0.1
2525, 0.4
2526, 0.0
2527, -0.2
2528, -0.2
2529, 0.1
2530, 0.2
2531, -0.5
2532, 0.0
2533, -0.4
2534, 0.3
2535, -0.2
2536, 0.2
2537, 0.3
2538, 0.1
2539, 0.2
2540, 0.2
2541, 0.1
2542, 0.0
2543, 0.0
2544, -0.1
2545, 0.1
2546, 0.2
2547, 0.3
2548, 0.0
2549, 0.0
2550, -0.3
2551, -0.2
2552, -0.6
2553, 0.2
2554, 0.2
2555, 0.2
2556, -0.2
2557, 0.3
2558, -0.2
2559, 0.2
2560, 0.1
2561, -0.4
2562, -0.1
2563, 0.2
2564, -0.2
2565, -0.3
2566, 0.2
2567, 0.0
2568, 0.3
2569, 0.1
2570, -0.1
2571, -0.1
2572, 0.2
2573, -0.1
2574, -0.2
2575, 0.2
2576, 0.0
2577, 0.1
2578, -0.1
2579, 0.0
2580, 0.0
2581, 0.0
2582, -0.3
2583, 0.2
2584, 0.3
2585, 0.1
2586, 0.1
2587, 0.4
2588, 0.1
2589, 0.1
2590, 0.0
2591, 0.0
2592, -0.2
2593, 0.2
2594, 0.2
2595, 0.1
2596, -0.3
2597, -0.1
2598, 0.0
2599, 0.2
2600, -0.2
2601, 0.1
2602, -0.3
2603, -0.4
2604, -0.1
2605, 0.1
2606, -0.4
2607, 0.1
2608, 0.1
2609, 0.4
2610, 0.1
2611, 0.1
2612, -0.4
2613, 0.2
2614, -0.3
2615, -0.2
2616, -0.2
2617, -0.2
2618, 0.2
2619, 0.5
2620, -0.3
2621, 0.1
2622, -0.1
2623, -0.4
2624, -0.3
2625, -0.3
2626, 0.1
2627, 0.3
2628, 0.3
2629, -0.2
2630, 0.0
2631, -0.2
2632, 0.2
2633, 0.1
2634, -0.2
2635, -0.5
2636, 0.1
2637, 0.3
2638, 0.1
2639, 0.0
2640, 0.3
2641, 0.2
2642, 0.0
2643, -0.1
2644, -0.1
2645, 0.1
2646, 0.3
2647, -0.2
2648, -0.6
2649, -0.1
2650, -0.1
2651, 0.3
2652, 0.0
2653, 0.0
2654, -0.2
2655, -0.3
2656, 0.2
2657, -0.2
2658, 0.2
2659, -0.5
2660, -0.2
2661, -0.2
2662, 0.1
2663, 0.1
2664, -0.2
2665, 0.2
2666, 0.2
2667, 0.1
2668, -0.1
2669, 0.1
2670, 0.0
2671, 0.1
2672, 0.2
2673, -0.1
2674, -0.1
2675, -0.3
2676, -0.3
2677, -0.5
2678, 0.1
2679, 0.2
2680, -0.4
2681, 0.4
2682, 0.1
2683, 0.1
2684, -0.3
2685, 0.1
2686, -0.2
2687, 0.0
2688, 0.2
2689, 0.0
2690, 0.2
2691, 0.3
2692, -0.1
2693, 0.1
2694, -0.1
2695, -0.1
2696, 0.3
2697, -0.4
2698, 0.2
2699, -0.3
2700, -0.4
2701, -0.3
2702, 0.4
2703, 0.1
2704, -0.1
2705, 0.4
2706, 0.0
2707, 0.1
2708, -0.2
2709, 0.1
2710, 0.1
2711, -0.1
2712, 0.3
2713, 0.2
2714, 0.3
2715, 0.3
2716, -0.4
2717, -0.4
2718, -0.1
2719, 0.2
2720, -0.1
2721, -0.1
2722, 0.1
2723, 0.2
2724, -0.3
2725, 0.1
2726, 0.1
2727, 0.3
2728, 0.1
2729, -0.1
2730, 0.2
2731, 0.1
2732, 0.3
2733, -0.1
2734, 0.3
2735, 0.2
2736, 0.3
2737, 0.2
2738, 0.1
2739, 0.5
2740, 0.1
2741, 0.0
2742, -0.2
2743, 0.3
2744, -0.2
2745, 0.1
2746, 0.2
2747, -0.3
2748, 0.2
2749, -0.4
2750, 0.4
2751, 0.0
2752, 0.3
2753, -0.1
2754, 0.1
2755, 0.3
2756, -0.2
2757, 0.0
2758, -0.1
2759, -0.3
2760, 0.1
2761, -0.1
2762, 0.3
2763, -0.1
2764, 0.0
2765, 0.0
2766, 0.2
2767, -0.1
2768, -0.2
2769, 0.2
2770, -0.2
2771, -0.2
2772, 0.1
2773, 0.1
2774, 0.0
2775, 0.0
2776, 0.3
2777, -0.2
2778, 0.2
2779, 0.0
2780, -0.5
2781, -0.3
2782, -0.4
2783, -0.2
2784, 0.1
2785, 0.2
2786, 0.0
2787, 0.1
2788, -0.2
2789, -0.3
2790, 0.2
2791, -0.3
2792, 0.2
2793, 0.2
2794, 0.0
2795, -0.4
2796, 0.1
2797, -0.3
2798, -0.1
2799, 0.3
2800, 0.1
2801, -0.2
2802, -0.4
2803, 0.1
2804, -0.1
2805, 0.0
2806, -0.2
2807, -0.5
2808, 0.2
2809, 0.1
2810, 0.1
2811, 0.1
2812, 0.4
2813, 0.0
2814, 0.0
2815, 0.3
2816, 0.1
2817, -0.2
2818, 0.2
2819, 0.1
2820, 0.2
2821, -0.2
2822, 0.2
2823, -0.2
2824, 0.3
2825, 0.3
2826, -0.2
2827, 0.3
2828, 0.0
2829, 0.0
2830, 0.2
2831, 0.1
2832, 0.1
2833, 0.4
2834, 0.4
2835, 0.1
2836, 0.3
2837, 0.4
2838, -0.1
2839, 0.2
2840, 0.0
2841, 0.1
2842, -0.1
2843, 0.2
2844, -0.1
2845, 0.2
2846, -0.4
2847, 0.2
2848, 0.5
2849, 0.2
2850, 0.0
2851, 0.1
2852, 0.2
2853, 0.1
2854, 0.1
2855, 0.2
2856, 0.2
2857, -0.2
2858, -0.2
2859, 0.5
2860, -0.4
2861, -0.1
2862, 0.0
2863, 0.0
2864, -0.2
2865, -0.5
2866, 0.2
2867, -0.2
2868, 0.2
2869, 0.2
2870, -0.1
2871, -0.2
2872, -0.1
2873, -0.1
2874, 0.1
2875, 0.2
2876, 0.1
2877, 0.2
2878, -0.1
2879, -0.1
2880, -0.1
2881, -0.4
2882, 0.2
2883, 0.2
2884, -0.6
2885, 0.1
2886, 0.0
2887, -0.1
2888, 0.0
2889, 0.1
2890, -0.2
2891, -0.1
2892, -0.3
2893, 0.1
2894, 0.1
2895, -0.1
2896, 0.1
2897, 0.0
2898, 0.4
2899, -0.3
2900, -0.2
2901, -0.1
2902, 0.3
2903, 0.0
2904, -0.1
2905, 0.1
2906, -0.3
2907, -0.3
2908, -0.3
2909, 0.1
2910, 0.0
2911, -0.1
2912, -0.1
2913, 0.0
2914, -0.1
2915, 0.1
2916, -0.5
2917, -0.2
2918, 0.0
2919, 0.1
2920, 0.1
2921, 0.4
2922, 0.1
2923, 0.2
2924, -0.1
2925, 0.1
2926, 0.0
2927, -0.2
2928, 0.3
2929, 0.0
2930, -0.1
2931, -0.1
2932, -0.5
2933, 0.3
2934, 0.4
2935, -0.2
2936, 0.2
2937, 0.2
2938, 0.0
2939, -0.3
2940, 0.2
2941, 0.0
2942, -0.3
2943, 0.1
2944, -0.1
2945, -0.1
2946, -0.2
2947, 0.2
2948, 0.1
2949, -0.1
2950, -0.3
2951, 0.1
2952, 0.1
2953, -0.1
2954, 0.2
2955, 0.0
2956, 0.0
2957, -0.2
2958, -0.1
2959, 0.0
2960, -0.2
2961, 0.0
2962, 0.2
2963, -0.1
2964, -0.1
2965, -0.1
2966, 0.3
2967, -0.1
2968, -0.2
2969, 0.0
2970, 0.0
2971, -0.4
2972, 0.1
2973, -0.5
2974, -0.1
2975, -0.1
2976, -0.1
2977, 0.2
2978, -0.5
2979, 0.0
2980, -0.4
2981, 0.2
2982, 0.0
2983, -0.5
2984, -0.4
2985, -0.3
2986, -0.5
2987, 0.2
2988, 0.0
2989, 0.2
2990, 0.0
2991, 0.1
2992, -0.1
2993, 0.2
2994, -0.3
2995, -0.2
2996, -0.1
2997, 0.2
2998, 0.0
2999, -0.1
3000, -0.1
3001, -0.1
3002, 0.2
3003, 0.0
3004, 0.3
3005, 0.5
3006, 0.0
3007, 0.0
3008, -0.4
3009, 0.3
3010, 0.1
3011, 0.3
3012, 0.0
3013, -0.1
3014, 0.0
3015, -0.1
3016, -0.2
3017, -0.2
3018, -0.3
3019, 0.1
3020, 0.0
3021, -0.1
3022, -0.1
3023, -0.2
3024, 0.2
3025, -0.2
3026, 0.0
3027, -0.1
3028, -0.6
3029, 0.4
3030, 0.2
3031, 0.3
3032, -0.1
3033, -0.2
3034, -0.3
3035, 0.3
3036, 0.2
3037, 0.2
3038, 0.1
3039, -0.3
3040, -0.3
3041, -0.4
3042, -0.4
3043, -0.3
3044, -0.2
3045, 0.0
3046, 0.0
3047, 0.3
3048, 0.0
3049, -0.5
3050, -0.2
3051, -0.2
3052, 0.0
3053, 0.2
3054, -0.4
3055, 0.0
3056, -0.3
3057, 0.1
3058, 0.0
3059, 0.2
3060, 0.2
3061, 0.0
3062, 0.2
3063, 0.0
3064, -0.1
3065, 0.1
3066, -0.5
3067, -0.3
3068, 0.2
3069, 0.1
3070, 0.0
3071, -0.4
3072, -0.4
3073, -0.1
3074, -0.4
3075, 0.0
3076, 0.0
3077, 0.0
3078, 0.5
3079, 0.3
3080, -0.2
3081, 0.1
3082, 0.1
3083, 0.2
3084, 0.1
3085, -0.1
3086, 0.2
3087, 0.1
3088, 0.3
3089, -0.4
3090, -0.1
3091, 0.1
3092, 0.0
3093, -0.3
3094, -0.2
3095, -0.1
3096, -0.1
3097, 0.1
3098, 0.0
3099, 0.1
3100, -0.2
3101, -0.6
3102, -0.2
3103, 0.2
3104, 0.3
3105, 0.1
3106, -0.1
3107, -0.1
3108, 0.0
3109, -0.2
3110, -0.1
3111, 0.2
3112, 0.4
3113, 0.3
3114, 0.1
3115, 0.1
3116, 0.1
3117, -0.4
3118, 0.2
3119, -0.1
3120, 0.0
3121, -0.1
3122, -0.3
3123, 0.3
3124, 0.0
3125, 0.4
3126, -0.4
3127, 0.3
3128, -0.2
3129, 0.0
3130, 0.1
3131, -0.2
3132, 0.2
3133, 0.0
3134, 0.3
3135, -0.1
3136, 0.0
3137, -0.1
3138, 0.2
3139, 0.1
3140, 0.0
3141, 0.0
3142, -0.1
3143, 0.0
3144, -0.4
3145, -0.1
3146, 0.2
3147, 0.1
3148, 0.3
3149, -0.2
3150, -0.2
3151, 0.2
3152, -0.1
3153, 0.0
3154, 0.3
3155, 0.3
3156, -0.2
3157, -0.2
3158, -0.1
3159, 0.2
3160, 0.2
3161, 0.3
3162, 0.2
3163, -0.1
3164, -0.5
3165, 0.1
3166, 0.0
3167, 0.2
3168, 0.3
3169, 0.1
3170, 0.5
3171, 0.0
3172, 0.0
3173, 0.2
3174, -0.1
3175, 0.3
3176, 0.1
3177, 0.0
3178, 0.0
3179, 0.2
3180, -0.2
3181, -0.3
3182, -0.3
3183, 0.1
3184, -0.2
3185, 0.1
3186, 0.2
3187, 0.1
3188, 0.2
3189, -0.3
3190, 0.2
3191, -0.1
3192, 0.0
3193, -0.1
3194, -0.1
3195, 0.1
3196, 0.2
3197, -0.1
3198, 0.2
3199, 0.3
3200, -0.2
3201, 0.3
3202, 0.3
3203, -0.4
3204, -0.3
3205, -0.3
3206, 0.1
3207, 0.0
3208, 0.2
3209, -0.4
3210, -0.2
3211, -0.6
3212, 0.1
3213, -0.1
3214, -0.5
3215, 0.0
3216, 0.3
3217, 0.3
3218, -0.1
3219, 0.2
3220, -0.1
3221, 0.0
3222, 0.4
3223, -0.2
3224, -0.3
3225, 0.2
3226, -0.2
3227, -0.1
3228, 0.2
3229, 0.1
3230, -0.1
3231, 0.4
3232, -0.3
3233, 0.3
3234, -0.1
3235, 0.0
3236, 0.2
3237, 0.0
3238, -0.5
3239, -0.1
3240, -0.3
3241, -0.3
3242, -0.2
3243, -0.1
3244, -0.1
3245, -0.5
3246, -0.1
3247, -0.2
3248, 0.3
3249, -0.1
3250, 0.4
3251, 0.2
3252, 0.1
3253, -0.7
3254, -0.1
3255, 0.1
3256, 0.4
3257, -0.2
3258, 0.1
3259, 0.1
3260, 0.2
3261, 0.1
3262, 0.1
3263, 0.1
3264, 0.4
3265, 0.2
3266, 0.2
3267, -0.4
3268, 0.4
3269, 0.3
3270, 0.0
3271, 0.0
3272, -0.5
3273, -0.2
3274, 0.0
3275, -0.1
3276, 0.3
3277, 0.2
3278, -0.1
3279, -0.1
3280, -0.4
3281, -0.5
3282, 0.3
3283, -0.2
3284, 0.1
3285, -0.2
3286, -0.2
3287, 0.2
3288, 0.3
3289, 0.1
3290, 0.1
3291, 0.3
3292, 0.1
3293, -0.4
3294, 0.3
3295, 0.2
3296, 0.3
3297, -0.3
3298, 0.4
3299, 0.3
3300, 0.3
3301, 0.3
3302, -0.1
3303, 0.3
3304, 0.1
3305, -0.2
3306, 0.4
3307, 0.0
3308, 0.1
3309, 0.1
3310, 0.3
3311, 0.1
3312, 0.3
3313, 0.0
3314, -0.2
3315, -0.1
3316, 0.1
3317, 0.1
3318, 0.1
3319, 0.1
3320, 0.0
3321, 0.1
3322, -0.5
3323, 0.0
3324, 0.0
3325, 0.1
3326, -0.3
3327, -0.1
3328, -0.2
3329, 0.1
3330, 0.2
3331, -0.5
3332, -0.3
3333, 0.1
3334, 0.2
3335, 0.3
3336, 0.4
3337, -0.5
3338, -0.1
3339, 0.2
3340, -0.1
3341, -0.1
3342, 0.0
3343, 0.0
3344, -0.1
3345, -0.1
3346, 0.3
3347, 0.0
3348, -0.3
3349, -0.2
3350, 0.3
3351, 0.0
3352, 0.4
3353, 0.1
3354, 0.0
3355, 0.2
3356, 0.4
3357, -0.2
3358, 0.3
3359, 0.3
3360, 0.2
3361, -0.3
3362, -0.2
3363, 0.1
3364, 0.1
3365, -0.1
3366, -0.5
3367, 0.3
3368, 0.4
3369, 0.2
3370, 0.1
3371, 0.3
3372, -0.3
3373, -0.4
3374, 0.0
3375, -0.2
3376, 0.0
3377, 0.1
3378, -0.2
3379, 0.0
3380, 0.2
3381, -0.1
3382, -0.2
3383, 0.1
3384, 0.3
3385, 0.4
3386, 0.3
3387, 0.4
3388, 0.2
3389, 0.3
3390, 0.1
3391, 0.2
3392, 0.1
3393, 0.0
3394, 0.1
3395, -0.2
3396, 0.2
3397, -0.6
3398, 0.1
3399, -0.1
3400, 0.4
3401, 0.1
3402, 0.0
3403, -0.2
3404, 0.1
3405, 0.1
3406, 0.4
3407, -0.1
3408, -0.2
3409, 0.1
3410, 0.3
3411, 0.2
3412, 0.2
3413, 0.3
3414, -0.2
3415, -0.3
3416, 0.2
3417, 0.1
3418, 0.1
3419, 0.4
3420, -0.1
3421, 0.0
3422, 0.0
3423, -0.1
3424, -0.1
3425, 0.1
3426, 0.2
3427, -0.2
3428, 0.1
3429, 0.1
3430, -0.1
3431, -0.4
3432, -0.1
3433, 0.2
3434, -0.2
3435, 0.1
3436, 0.2
3437, 0.0
3438, 0.0
3439, 0.5
3440, -0.2
3441, 0.0
3442, -0.3
3443, -0.5
3444, -0.2
3445, 0.1
3446, 0.1
3447, 0.1
3448, 0.2
3449, 0.3
3450, 0.0
3451, 0.2
3452, -0.2
3453, 0.5
3454, 0.4
3455, 0.0
3456, -0.1
3457, -0.6
3458, 0.3
3459, 0.0
3460, -0.2
3461, -0.2
3462, -0.2
3463, 0.0
3464, -0.3
3465, -0.6
3466, 0.4
3467, -0.1
3468, 0.0
3469, 0.1
3470, 0.4
3471, 0.2
3472, -0.2
3473, -0.1
3474, 0.0
3475, -0.3
3476, 0.1
3477, 0.0
3478, -0.2
3479, 0.2
3480, -0.1
3481, 0.0
3482, 0.3
3483, -0.2
3484, 0.3
3485, -0.3
3486, -0.1
3487, 0.3
3488, 0.0
3489, -0.7
3490, 0.0
3491, -0.5
3492, 0.0
3493, 0.1
3494, 0.0
3495, 0.2
3496, -0.2
3497, 0.0
3498, 0.2
3499, -0.5
3500, -0.3
3501, 0.2
3502, -0.2
3503, -0.2
3504, 0.1
3505, 0.0
3506, 0.4
3507, -0.1
3508, -0.1
3509, -0.1
3510, 0.0
3511, -0.2
3512, 0.0
3513, 0.1
3514, 0.0
3515, -0.2
3516, 0.0
3517, -0.1
3518, 0.0
3519, 0.2
3520, -0.1
3521, 0.1
3522, -0.2
3523, 0.0
3524, 0.0
3525, 0.0
3526, 0.1
3527, -0.4
3528, -0.1
3529, 0.1
3530, 0.0
3531, 0.4
3532, -0.1
3533, -0.1
3534, 0.0
3535, -0.1
3536, 0.1
3537, -0.3
3538, -0.6
3539, -0.1
3540, 0.3
3541, 0.1
3542, 0.3
3543, 0.0
3544, -0.1
3545, 0.2
3546, 0.3
3547, 0.5
3548, 0.2
3549, -0.1
3550, -0.4
3551, -0.1
3552, 0.1
3553, 0.0
3554, -0.1
3555, 0.1
3556, 0.1
3557, -0.2
3558, 0.2
3559, -0.3
3560, -0.1
3561, -0.3
3562, 0.0
3563, 0.0
3564, 0.0
3565, 0.0
3566, -0.1
3567, 0.0
3568, -0.4
3569, 0.0
3570, -0.4
3571, 0.0
3572, -0.2
3573, 0.1
3574, 0.4
3575, 0.3
3576, -0.1
3577, 0.0
3578, 0.4
3579, -0.1
3580, 0.3
3581, -0.1
3582, -0.1
3583, -0.1
3584, 0.0
3585, 0.1
3586, 0.0
3587, 0.5
3588, -0.1
3589, 0.4
3590, 0.3
3591, 0.1
3592, 0.0
3593, 0.2
3594, 0.0
3595, 0.0
3596, 0.2
3597, -0.6
3598, 0.0
3599, 0.4
3600, -0.4
3601, -0.1
3602, -0.3
3603, 0.2
3604, 0.2
3605, -0.2
3606, 0.0
3607, 0.0
3608, -0.3
3609, 0.2
3610, 0.1
3611, 0.1
3612, 0.2
3613, 0.3
3614, -0.1
3615, -0.1
3616, 0.0
3617, 0.2
3618, 0.0
3619, 0.1
3620, 0.1
3621, -0.2
3622, -0.1
3623, -0.5
3624, 0.2
3625, 0.4
3626, 0.1
3627, 0.2
3628, -0.5
3629, -0.4
3630, -0.2
3631, 0.1
3632, -0.3
3633, -0.2
3634, -0.1
3635, 0.0
3636, 0.1
3637, 0.0
3638, 0.2
3639, 0.0
3640, 0.2
3641, 0.3
3642, 0.1
3643, 0.2
3644, 0.2
3645, -0.1
3646, 0.4
3647, 0.2
3648, 0.0
3649, 0.1
3650, 0.4
3651, 0.0
3652, 0.1
3653, 0.3
3654, 0.2
3655, 0.0
3656, 0.2
3657, -0.3
3658, -0.6
3659, 0.1
3660, 0.4
3661, 0.2
3662, -0.1
3663, 0.1
3664, 0.0
3665, -0.2
3666, 0.1
3667, -0.2
3668, -0.1
3669, 0.3
3670, -0.3
3671, -0.2
3672, -0.3
3673, 0.2
3674, -0.2
3675, 0.2
3676, -0.1
3677, 0.2
3678, -0.2
3679, 0.1
3680, 0.4
3681, 0.1
3682, -0.2
3683, 0.1
3684, 0.0
3685, -0.1
3686, 0.1
3687, 0.3
3688, -0.1
3689, 0.1
3690, 0.2
3691, 0.0
3692, 0.2
3693, 0.0
3694, -0.2
3695, -0.4
3696, -0.2
3697, 0.0
3698, 0.2
3699, -0.4
3700, -0.4
3701, -0.2
3702, -0.3
3703, -0.1
3704, -0.2
3705, 0.1
3706, 0.4
3707, 0.0
3708, -0.4
3709, -0.1
3710, 0.1
3711, -0.1
3712, 0.0
3713, -0.2
3714, -0.3
3715, 0.1
3716, 0.3
3717, -0.1
3718, 0.3
3719, -0.2
3720, 0.1
3721, 0.0
3722, 0.3
3723, 0.3
3724, 0.2
3725, 0.3
3726, 0.3
3727, -0.3
3728, 0.0
3729, -0.1
3730, 0.0
3731, -0.2
3732, -0.2
3733, -0.3
3734, -0.4
3735, -0.2
3736, 0.0
3737, 0.3
3738, 0.1
3739, -0.2
3740, 0.0
3741, 0.3
3742, 0.2
3743, 0.0
3744, -0.1
3745, -0.2
3746, 0.1
3747, 0.1
3748, 0.3
3749, 0.2
3750, -0.1
3751, 0.0
3752, 0.1
3753, 0.2
3754, 0.3
3755, 0.3
3756, -0.1
3757, 0.0
3758, -0.2
3759, 0.1
3760, 0.4
3761, 0.2
3762, 0.5
3763, -0.1
3764, 0.1
3765, 0.1
3766, -0.2
3767, -0.2
3768, 0.2
3769, -0.2
3770, 0.0
3771, -0.3
3772, -0.2
3773, 0.4
3774, 0.1
3775, 0.1
3776, -0.1
3777, -0.4
3778, 0.2
3779, -0.1
3780, 0.2
3781, -0.2
3782, 0.2
3783, 0.2
3784, 0.4
3785, -0.1
3786, -0.5
3787, 0.2
3788, 0.3
3789, 0.3
3790, -0.1
3791, -0.2
3792, 0.1
3793, -0.3
3794, -0.2
3795, -0.2
3796, 0.5
3797, 0.2
3798, -0.2
3799, 0.0
3800, -0.2
3801, 0.1
3802, -0.2
3803, -0.1
3804, -0.5
3805, 0.2
3806, 0.0
3807, -0.1
3808, -0.1
3809, 0.2
3810, 0.2
3811, -0.1
3812, 0.0
3813, -0.3
3814, -0.3
3815, 0.3
3816, 0.0
3817, 0.0
3818, -0.3
3819, 0.2
3820, -0.1
3821, -0.1
3822, 0.3
3823, 0.0
3824, 0.4
3825, -0.3
3826, 0.0
3827, -0.3
3828, 0.3
3829, 0.0
3830, -0.2
3831, 0.1
3832, 0.1
3833, -0.2
3834, 0.0
3835, 0.1
3836, -0.3
3837, -0.4
3838, 0.3
3839, -0.1
3840, -0.4
3841, -0.2
3842, -0.3
3843, -0.2
3844, 0.2
3845, -0.5
3846, -0.1
3847, 0.0
3848, 0.0
3849, -0.2
3850, 0.5
3851, 0.3
3852, 0.0
3853, -0.1
3854, 0.2
3855, 0.0
3856, -0.1
3857, 0.4
3858, -0.3
3859, 0.0
3860, -0.1
3861, -0.2
3862, -0.1
3863, 0.1
3864, 0.2
3865, -0.1
3866, 0.3
3867, -0.1
3868, 0.1
3869, 0.0
3870, 0.2
3871, 0.0
3872, -0.1
3873, 0.0
3874, 0.0
3875, 0.1
3876, 0.2
3877, -0.2
3878, 0.2
3879, -0.3
3880, -0.5
3881, 0.0
3882, -0.1
3883, 0.1
3884, 0.3
3885, 0.3
3886, 0.1
3887, 0.0
3888, 0.1
3889, -0.1
3890, 0.1
3891, -0.3
3892, 0.2
3893, 0.1
3894, 0.3
3895, -0.2
3896, 0.3
3897, -0.2
3898, 0.1
3899, 0.0
3900, -0.2
3901, -0.3
3902, -0.5
3903, -0.3
3904, 0.0
3905, 0.1
3906, -0.5
3907, -0.2
3908, -0.2
3909, 0.1
3910, -0.2
3911, 0.4
3912, 0.1
3913, -0.2
3914, -0.2
3915, -0.3
3916, -0.2
3917, 0.1
3918, -0.1
3919, 0.2
3920, 0.1
3921, 0.4
3922, 0.0
3923, 0.2
3924, 0.1
3925, -0.2
3926, -0.1
3927, 0.5
3928, 0.1
3929, 0.2
3930, -0.2
3931, 0.0
3932, 0.0
3933, -0.1
3934, 0.2
3935, -0.2
3936, 0.1
3937, 0.1
3938, -0.1
3939, 0.1
3940, -0.1
3941, 0.1
3942, 0.2
3943, 0.1
3944, 0.0
3945, -0.1
3946, 0.0
3947, -0.3
3948, 0.1
3949, -0.1
3950, -0.2
3951, -0.3
3952, -0.3
3953, -0.1
3954, -0.1
3955, 0.0
3956, 0.0
3957, 0.1
3958, -0.4
3959, -0.2
3960, 0.3
3961, 0.4
3962, -0.1
3963, 0.3
3964, 0.0
3965, 0.0
3966, 0.2
3967, 0.3
3968, -0.1
3969, -0.1
3970, -0.3
3971, 0.0
3972, -0.3
3973, 0.3
3974, 0.0
3975, 0.2
3976, 0.1
3977, 0.3
3978, 0.1
3979, 0.0
3980, -0.1
3981, -0.5
3982, 0.0
3983, -0.4
3984, 0.2
3985, -0.1
3986, -0.4
3987, 0.1
3988, 0.1
3989, 0.1
3990, -0.1
3991, -0.1
3992, 0.1
3993, 0.0
3994, 0.1
3995, 0.3
3996, -0.1
3997, -0.1
3998, 0.2
3999, -0.1
