0, -0.1
1, 0.4
2, -0.5
3, 0.3
4, -0.4
5, 0.2
6, -0.6
7, 0.1
8, -0.2
9, -0.1
10, -0.3
11, -0.2
12, 0.2
13, 0.1
14, 0.1
15, 0.3
16, 0.4
17, 0.5
18, -0.2
19, 0.1
20, -0.1
21, -0.2
22, 0.1
23, -0.1
24, 0.4
25, -0.3
26, 0.0
27, 0.0
28, -0.5
29, 0.3
30, -0.1
31, -0.3
32, -0.1
33, -0.3
34, 0.2
35, 0.3
36, -0.1
37, -0.4
38, 0.2
39, 0.1
40, -0.2
41, -0.4
42, -0.4
43, -0.1
44, 0.2
45, 0.4
46, -0.4
47, 0.0
48, -0.1
49, -0.2
50, -0.4
51, -0.1
52, -0.4
53, 0.0
54, 0.0
55, -0.1
56, 0.1
57, 0.2
58, 0.1
59, 0.1
60, -0.2
61, -0.2
62, -0.1
63, -0.2
64, -0.5
65, 0.3
66, 0.2
67, 0.0
68, -0.2
69, -0.2
70, 0.3
71, 0.0
72, -0.3
73, 0.2
74, -0.2
75, -0.7
76, -0.3
77, -0.1
78, -0.2
79, 0.1
80, -0.1
81, -0.1
82, 0.2
83, 0.0
84, 0.1
85, 0.1
86, -0.1
87, 0.5
88, 0.1
89, 0.0
90, 0.4
91, 0.2
92, -0.1
93, 0.1
94, 0.2
95, -0.3
96, -0.1
97, 0.1
98, 0.0
99, 0.1
100, 0.0
101, 0.1
102, 0.2
103, 0.1
104, 0.2
105, 0.2
106, 0.1
107, 0.5
108, -0.4
109, 0.2
110, -0.2
111, 0.0
112, -0.1
113, 0.0
114, 0.0
115, 0.2
116, -0.3
117, -0.2
118, -0.3
119, 0.0
120, 0.0
121, -0.3
122, 0.4
123, -0.5
124, -0.4
125, 0.1
126, 0.3
127, -0.1
128, 0.0
129, 0.4
130, -0.2
131, 0.2
132, 0.1
133, -0.5
134, -0.4
135, 0.0
136, 0.0
137, -0.1
138, 0.3
139, 0.0
140, -0.2
141, -0.1
142, 0.1
143, 0.0
144, 0.3
145, 0.0
146, 0.0
147, -0.2
148, 0.2
149, -0.4
150, 0.1
151, 0.2
152, -0.3
153, 0.2
154, -0.2
155, 0.1
156, -0.2
157, 0.1
158, -0.2
159, -0.1
160, 0.1
161, -0.1
162, -0.1
163, 0.3
164, 0.1
165, -0.3
166, 0.1
167, -0.1
168, 0.2
169, 0.3
170, -0.1
171, 0.1
172, 0.0
173, 0.0
174, 0.2
175, 0.1
176, 0.0
177, -0.1
178, 0.2
179, 0.0
180, 0.0
181, 0.1
182, 0.2
183, -0.4
184, -0.7
185, 0.1
186, 0.3
187, 0.2
188, 0.3
189, -0.5
190, -0.5
191, -0.2
192, 0.1
193, 0.5
194, 0.2
195, -0.4
196, 0.2
197, 0.2
198, -0.2
199, 0.1
200, -0.2
201, 0.2
202, 0.2
203, -0.2
204, -0.2
205, 0.0
206, 0.3
207, 0.1
208, 0.3
209, -0.2
210, 0.0
211, -0.1
212, 0.1
213, -0.1
214, -0.1
215, -0.3
216, -0.6
217, 0.2
218, 0.3
219, 0.1
220, -0.2
221, -0.2
222, -0.1
223, -0.5
224, -0.4
225, 0.3
226, 0.3
227, 0.4
228, 0.3
229, -0.3
230, -0.4
231, 0.3
232, 0.1
233, 0.2
234, -0.2
235, -0.3
236, 0.0
237, -0.1
238, 0.2
239, -0.1
240, 0.3
241, -0.6
242, 0.5
243, -0.1
244, 0.0
245, 0.2
246, 0.4
247, 0.2
248, -0.6
249, -0.2
250, -0.3
251, -0.2
252, 0.3
253, -0.3
254, -0.3
255, 0.0
256, -0.4
257, 0.1
258, 0.0
259, 0.2
260, -0.2
261, -0.4
262, -0.4
263, -0.1
264, 0.1
265, -0.2
266, 0.1
267, 0.1
268, 0.2
269, -0.1
270, 0.1
271, 0.1
272, 0.0
273, 0.0
274, 0.0
275, 0.2
276, -0.3
277, 0.2
278, 0.1
279, 0.0
280, -0.4
281, -0.1
282, 0.2
283, -0.2
284, 0.0
285, 0.1
286, -0.2
287, 0.0
288, -0.5
289, -0.2
290, -0.1
291, -0.2
292, 0.2
293, 0.2
294, -0.2
295, -0.3
296, 0.2
297, -0.1
298, -0.1
299, 0.0
300, -0.2
301, 0.3
302, -0.2
303, 0.0
304, -0.2
305, -0.3
306, -0.3
307, -0.3
308, -0.2
309, 0.3
310, -0.1
311, 0.2
312, -0.1
313, 0.0
314, 0.1
315, 0.1
316, -0.3
317, 0.0
318, -0.4
319, 0.0
320, 0.1
321, 0.0
322, -0.2
323, 0.0
324, -0.2
325, -0.1
326, 0.2
327, 0.0
328, 0.1
329, -0.6
330, -0.1
331, 0.3
332, 0.0
333, 0.2
334, 0.4
335, 0.0
336, 0.0
337, 0.0
338, -0.5
339, 0.1
340, -0.3
341, 0.0
342, -0.2
343, 0.2
344, -0.1
345, -0.1
346, 0.2
347, 0.2
348, -0.4
349, 0.1
350, 0.5
351, 0.3
352, -0.1
353, 0.0
354, -0.2
355, 0.1
356, 0.4
357, -0.4
358, 0.1
359, 0.0
360, -0.2
361, 0.3
362, -0.5
363, 0.3
364, -0.2
365, 0.2
366, 0.1
367, 0.3
368, -0.1
369, 0.2
370, -0.2
371, 0.1
372, 0.4
373, 0.2
374, 0.2
375, -0.1
376, -0.1
377, 0.3
378, 0.2
379, 0.3
380, -0.2
381, 0.4
382, 0.0
383, 0.2
384, -0.1
385, 0.4
386, 0.0
387, 0.1
388, 0.0
389, 0.1
390, -0.3
391, 0.2
392, 0.2
393, 0.1
394, 0.1
395, 0.1
396, 0.1
397, 0.2
398, -0.3
399, 0.0
400, -0.4
401, 0.0
402, 0.4
403, 0.2
404, 0.3
405, -0.1
406, -0.1
407, 0.3
408, -0.2
409, 0.0
410, 0.0
411, -0.2
412, 0.0
413, 0.2
414, 0.2
415, 0.0
416, -0.3
417, -0.1
418, 0.0
419, -0.1
420, -0.2
421, -0.3
422, 0.2
423, 0.1
424, 0.3
425, -0.6
426, -0.2
427, 0.1
428, 0.5
429, 0.2
430, -0.2
431, 0.1
432, -0.4
433, 0.0
434, 0.2
435, 0.1
436, -0.1
437, 0.3
438, -0.6
439, -0.1
440, 0.1
441, -0.2
442, 0.2
443, 0.3
444, -0.3
445, -0.1
446, 0.4
447, 0.0
448, 0.1
449, 0.3
450, -0.3
451, 0.0
452, 0.2
453, -0.3
454, 0.2
455, 0.2
456, 0.1
457, -0.2
458, -0.1
459, 0.0
460, -0.3
461, -0.1
462, 0.0
463, -0.3
464, 0.4
465, -0.5
466, 0.4
467, 0.3
468, 0.1
469, 0.2
470, -0.1
471, 0.3
472, -0.2
473, 0.4
474, -0.1
475, -0.2
476, 0.0
477, -0.3
478, 0.0
479, 0.2
480, 0.0
481, -0.1
482, 0.2
483, -0.2
484, 0.2
485, 0.1
486, -0.3
487, 0.0
488, 0.5
489, 0.1
490, -0.1
491, 0.4
492, -0.2
493, -0.2
494, 0.1
495, 0.2
496, -0.5
497, -0.1
498, 0.0
499, -0.4
500, -0.1
501, 0.4
502, -0.1
503, 0.1
504, -0.1
505, -0.4
506, 0.3
507, -0.1
508, 0.1
509, 0.4
510, -0.4
511, -0.2
512, 0.3
513, 0.0
514, -0.3
515, 0.1
516, 0.1
517, 0.5
518, 0.1
519, 0.0
520, -0.1
521, 0.1
522, 0.4
523, 0.1
524, -0.2
525, -0.1
526, -0.3
527, -0.1
528, -0.1
529, -0.1
530, 0.2
531, -0.5
532, 0.5
533, -0.2
534, 0.0
535, 0.5
536, -0.2
537, -0.2
538, 0.3
539, -0.2
540, 0.0
541, 0.1
542, 0.0
543, 0.2
544, -0.3
545, 0.2
546, -0.3
547, -0.2
548, 0.0
549, 0.1
550, 0.2
551, -0.2
552, 0.0
553, 0.1
554, 0.3
555, -0.2
556, -0.3
557, 0.0
558, -0.1
559, 0.0
560, -0.4
561, -0.1
562, 0.2
563, 0.3
564, 0.1
565, 0.0
566, -0.3
567, 0.0
568, -0.2
569, 0.2
570, -0.5
571, 0.1
572, 0.0
573, -0.2
574, -0.2
575, -0.1
576, 0.0
577, -0.2
578, -0.3
579, -0.1
580, 0.1
581, 0.3
582, 0.1
583, -0.3
584, 0.4
585, 0.0
586, -0.2
587, 0.1
588, 0.0
589, -0.5
590, 0.1
591, 0.1
592, 0.4
593, 0.2
594, 0.1
595, 0.1
596, -0.7
597, -0.5
598, 0.0
599, -0.2
600, 0.4
601, 0.3
602, 0.3
603, -0.1
604, -0.3
605, -0.1
606, -0.1
607, -0.2
608, 0.1
609, 0.1
610, 0.2
611, -0.2
612, 0.2
613, -0.2
614, 0.2
615, -0.1
616, -0.6
617, -0.1
618, -0.1
619, -0.4
620, 0.0
621, 0.3
622, 0.1
623, 0.1
624, -0.3
625, 0.2
626, -0.1
627, 0.2
628, 0.2
629, 0.2
630, 0.2
631, -0.2
632, 0.3
633, 0.3
634, 0.2
635, 0.3
636, -0.4
637, 0.2
638, 0.1
639, -0.1
640, -0.2
641, -0.1
642, -0.5
643, 0.1
644, -0.2
645, 0.1
646, -0.1
647, 0.3
648, 0.4
649, -0.5
650, 0.0
651, 0.1
652, -0.1
653, 0.1
654, 0.2
655, 0.1
656, 0.1
657, 0.1
658, -0.1
659, 0.1
660, -0.1
661, -0.1
662, 0.3
663, 0.0
664, 0.2
665, -0.1
666, -0.1
667, 0.2
668, -0.3
669, 0.2
670, 0.5
671, 0.0
672, 0.2
673, 0.2
674, 0.4
675, 0.3
676, 0.0
677, 0.2
678, -0.5
679, 0.2
680, 0.0
681, 0.4
682, -0.2
683, 0.1
684, 0.2
685, 0.4
686, 0.0
687, 0.1
688, -0.2
689, -0.1
690, 0.2
691, -0.3
692, -0.1
693, 0.2
694, -0.2
695, -0.6
696, 0.2
697, -0.1
698, 0.0
699, -0.2
700, -0.4
701, -0.2
702, -0.1
703, 0.2
704, 0.4
705, 0.0
706, -0.2
707, 0.1
708, 0.1
709, 0.2
710, 0.2
711, 0.3
712, -0.3
713, -0.1
714, 0.2
715, -0.1
716, -0.2
717, -0.3
718, 0.1
719, 0.2
720, -0.3
721, -0.1
722, 0.3
723, 0.1
724, -0.3
725, -0.1
726, 0.5
727, 0.0
728, 0.2
729, -0.1
730, 0.2
731, 0.1
732, 0.2
733, 0.0
734, -0.3
735, 0.0
736, 0.3
737, 0.0
738, 0.2
739, 0.2
740, -0.1
741, 0.0
742, 0.3
743, -0.2
744, -0.1
745, 0.0
746, 0.0
747, 0.1
748, 0.2
749, 0.2
750, 0.4
751, 0.2
752, 0.2
753, 0.3
754, -0.4
755, 0.0
756, 0.1
757, 0.1
758, 0.0
759, 0.1
760, -0.1
761, 0.1
762, 0.2
763, 0.4
764, 0.1
765, -0.1
766, 0.3
767, 0.2
768, -0.1
769, 0.2
770, 0.3
771, 0.4
772, 0.1
773, 0.2
774, -0.3
775, -0.2
776, 0.1
777, 0.1
778, -0.4
779, 0.2
780, 0.1
781, 0.3
782, -0.2
783, -0.1
784, 0.4
785, 0.3
786, 0.0
787, -0.1
788, 0.0
789, -0.2
790, -0.1
791, -0.1
792, 0.2
793, 0.0
794, 0.2
795, 0.3
796, 0.4
797, -0.1
798, 0.0
799, 0.2
800, 0.2
801, -0.1
802, -0.4
803, 0.0
804, 0.0
805, 0.0
806, -0.3
807, -0.4
808, 0.1
809, 0.1
810, 0.3
811, 0.0
812, 0.0
813, -0.1
814, -0.4
815, 0.3
816, 0.1
817, 0.1
818, 0.1
819, 0.4
820, 0.1
821, 0.2
822, -0.3
823, 0.1
824, -0.3
825, -0.1
826, -0.1
827, 0.1
828, 0.1
829, 0.0
830, -0.3
831, -0.2
832, 0.1
833, -0.2
834, 0.1
835, -0.2
836, -0.3
837, -0.1
838, -0.2
839, 0.2
840, -0.2
841, -0.1
842, -0.3
843, 0.0
844, 0.1
845, 0.4
846, 0.3
847, 0.1
848, 0.4
849, 0.2
850, -0.2
851, 0.4
852, -0.1
853, 0.2
854, 0.2
855, 0.0
856, -0.4
857, 0.3
858, -0.4
859, -0.2
860, -0.1
861, 0.1
862, 0.2
863, 0.1
864, -0.2
865, -0.8
866, 0.0
867, 0.2
868, -0.3
869, 0.1
870, 0.2
871, 0.0
872, -0.2
873, 0.0
874, 0.0
875, 0.3
876, 0.4
877, 0.4
878, 0.0
879, -0.1
880, -0.1
881, -0.1
882, 0.1
883, 0.0
884, 0.2
885, -0.4
886, 0.0
887, 0.0
888, -0.2
889, -0.4
890, -0.2
891, 0.2
892, 0.2
893, 0.1
894, -0.1
895, 0.2
896, -0.2
897, 0.2
898, -0.2
899, -0.2
900, 0.0
901, 0.0
902, 0.1
903, 0.2
904, 0.1
905, 0.4
906, 0.3
907, 0.0
908, 0.2
909, 0.0
910, -0.2
911, 0.3
912, 0.1
913, 0.0
914, 0.0
915, 0.0
916, 0.2
917, -0.1
918, -0.1
919, 0.1
920, -0.1
921, 0.3
922, 0.3
923, 0.1
924, 0.3
925, 0.1
926, 0.2
927, 0.0
928, -0.3
929, 0.1
930, -0.2
931, 0.3
932, -0.1
933, -0.1
934, 0.2
935, -0.2
936, 0.3
937, 0.0
938, 0.0
939, 0.0
940, 0.3
941, 0.1
942, 0.2
943, -0.2
944, 0.1
945, -0.1
946, -0.2
947, 0.1
948, 0.0
949, 0.0
950, -0.4
951, 0.0
952, -0.1
953, 0.0
954, 0.0
955, -0.3
956, -0.1
957, -0.2
958, 0.3
959, 0.3
960, 0.2
961, 0.0
962, 0.2
963, 0.2
964, 0.1
965, -0.3
966, 0.0
967, 0.0
968, -0.1
969, -0.2
970, 0.0
971, 0.0
972, 0.1
973, -0.4
974, -0.1
975, -0.1
976, 0.0
977, -0.4
978, -0.2
979, 0.0
980, -0.2
981, -0.6
982, 0.3
983, 0.4
984, -0.2
985, 0.1
986, 0.0
987, 0.2
988, -0.3
989, 0.2
990, 0.1
991, 0.1
992, -0.3
993, 0.2
994, 0.0
995, 0.2
996, 0.0
997, 0.0
998, -0.1
999, 0.0
1000, 0.3
1001, -0.1
1002, 0.0
1003, -0.1
1004, 0.0
1005, 0.2
1006, -0.1
1007, 0.0
1008, 0.4
1009, 0.2
1010, 0.1
1011, 0.3
1012, 0.0
1013, 0.0
1014, 0.3
1015, 0.1
1016, 0.0
1017, 0.0
1018, -0.8
1019, 0.3
1020, 0.1
1021, 0.2
1022, 0.1
1023, -0.2
1024, -0.1
1025, -0.5
1026, 0.3
1027, -0.1
1028, 0.3
1029, -0.2
1030, 0.3
1031, 0.4
1032, -0.1
1033, -0.2
1034, 0.0
1035, 0.3
1036, 0.1
1037, -0.1
1038, 0.2
1039, 0.3
1040, -0.2
1041, -0.1
1042, 0.2
1043, 0.0
1044, -0.4
1045, 0.3
1046, -0.1
1047, 0.0
1048, -0.3
1049, -0.2
1050, 0.2
1051, -0.3
1052, -0.1
1053, 0.2
1054, 0.0
1055, 0.1
1056, 0.0
1057, 0.2
1058, 0.1
1059, -0.2
1060, 0.2
1061, 0.0
1062, 0.2
1063, -0.5
1064, 0.0
1065, -0.3
1066, 0.1
1067, 0.0
1068, -0.1
1069, 0.1
1070, 0.0
1071, 0.1
1072, -0.1
1073, -0.2
1074, 0.1
1075, 0.0
1076, -0.2
1077, -0.4
1078, -0.2
1079, -0.1
1080, 0.3
1081, 0.4
1082, 0.3
1083, -0.2
1084, -0.1
1085, 0.2
1086, 0.2
1087, 0.4
1088, 0.2
1089, -0.2
1090, 0.0
1091, 0.4
1092, 0.2
1093, 0.0
1094, -0.1
1095, 0.2
1096, -0.1
1097, 0.1
1098, 0.3
1099, 0.1
1100, -0.4
1101, 0.3
1102, -0.3
1103, 0.1
1104, 0.0
1105, 0.0
1106, -0.2
1107, 0.0
1108, -0.2
1109, 0.4
1110, -0.1
1111, -0.1
1112, 0.2
1113, -0.3
1114, -0.1
1115, -0.2
1116, 0.0
1117, -0.1
1118, 0.1
1119, 0.1
1120, -0.1
1121, -0.2
1122, 0.4
1123, -0.6
1124, 0.0
1125, 0.2
1126, -0.1
1127, 0.1
1128, -0.1
1129, -0.1
1130, 0.2
1131, 0.0
1132, -0.1
1133, -0.1
1134, 0.2
1135, 0.1
1136, -0.2
1137, -0.2
1138, -0.1
1139, 0.2
1140, 0.1
1141, 0.4
1142, 0.2
1143, -0.1
1144, 0.1
1145, 0.1
1146, 0.0
1147, -0.2
1148, -0.1
1149, -0.1
1150, 0.1
1151, 0.1
1152, 0.0
1153, 0.3
1154, 0.0
1155, -0.7
1156, -0.1
1157, -0.2
1158, -0.2
1159, -0.1
1160, -0.2
1161, 0.3
1162, 0.0
1163, 0.3
1164, 0.1
1165, 0.0
1166, 0.2
1167, 0.2
1168, -0.2
1169, 0.0
1170, -0.2
1171, -0.2
1172, -0.1
1173, -0.4
1174, 0.3
1175, 0.3
1176, 0.3
1177, -0.2
1178, -0.4
1179, 0.1
1180, 0.0
1181, -0.1
1182, 0.1
1183, 0.1
1184, 0.2
1185, 0.2
1186, 0.1
1187, -0.3
1188, -0.1
1189, -0.1
1190, -0.1
1191, -0.3
1192, 0.0
1193, -0.1
1194, 0.1
1195, 0.1
1196, -0.3
1197, 0.0
1198, -0.2
1199, 0.3
1200, 0.3
1201, -0.3
1202, 0.6
1203, 0.1
1204, -0.1
1205, -0.1
1206, -0.1
1207, -0.3
1208, -0.1
1209, 0.0
1210, -0.1
1211, 0.0
1212, 0.3
1213, 0.0
1214, -0.1
1215, -0.4
1216, -0.1
1217, 0.3
1218, 0.0
1219, -0.1
1220, 0.1
1221, -0.3
1222, -0.1
1223, 0.1
1224, 0.3
1225, -0.1
1226, -0.1
1227, 0.1
1228, 0.1
1229, 0.2
1230, 0.0
1231, -0.3
1232, 0.1
1233, 0.2
1234, 0.1
1235, 0.1
1236, 0.1
1237, 0.3
1238, 0.0
1239, 0.3
1240, 0.2
1241, 0.2
1242, -0.2
1243, -0.4
1244, 0.3
1245, -0.2
1246, 0.1
1247, 0.3
1248, -0.2
1249, -0.4
1250, 0.0
1251, 0.1
1252, 0.1
1253, -0.1
1254, -0.4
1255, 0.0
1256, 0.1
1257, 0.1
1258, 0.5
1259, 0.1
1260, 0.1
1261, -0.1
1262, 0.2
1263, 0.5
1264, -0.2
1265, 0.3
1266, 0.2
1267, 0.3
1268, 0.1
1269, 0.0
1270, 0.1
1271, 0.0
1272, 0.1
1273, 0.0
1274, 0.2
1275, 0.0
1276, -0.1
1277, -0.5
1278, 0.0
1279, -0.3
1280, -0.1
1281, 0.0
1282, 0.1
1283, -0.1
1284, -0.1
1285, 0.1
1286, -0.3
1287, -0.1
1288, 0.0
1289, 0.2
1290, 0.4
1291, 0.1
1292, -0.3
1293, 0.4
1294, -0.3
1295, 0.2
1296, -0.2
1297, -0.1
1298, -0.2
1299, -0.3
1300, 0.2
1301, -0.1
1302, 0.2
1303, 0.2
1304, -0.3
1305, -0.1
1306, 0.0
1307, -0.1
1308, 0.0
1309, -0.6
1310, -0.5
1311, 0.1
1312, 0.1
1313, -0.3
1314, 0.1
1315, 0.1
1316, 0.0
1317, 0.1
1318, 0.2
1319, 0.0
1320, -0.1
1321, -0.7
1322, 0.1
1323, -0.4
1324, -0.1
1325, 0.0
1326, 0.2
1327, 0.4
1328, -0.2
1329, 0.0
1330, -0.1
1331, -0.1
1332, -0.4
1333, -0.1
1334, -0.3
1335, 0.0
1336, 0.1
1337, 0.2
1338, 0.0
1339, 0.2
1340, -0.3
1341, -0.2
1342, 0.3
1343, -0.1
1344, 0.0
1345, -0.1
1346, 0.1
1347, -0.3
1348, -0.1
1349, 0.1
1350, 0.1
1351, -0.1
1352, 0.1
1353, 0.3
1354, 0.0
1355, 0.1
1356, -0.2
1357, 0.2
1358, 0.0
1359, -0.1
1360, -0.3
1361, -0.5
1362, 0.3
1363, -0.3
1364, 0.0
1365, 0.0
1366, 0.2
1367, 0.2
1368, 0.0
1369, 0.4
1370, -0.2
1371, 0.0
1372, -0.1
1373, 0.1
1374, 0.0
1375, 0.1
1376, -0.4
1377, -0.3
1378, -0.1
1379, 0.4
1380, -0.1
1381, -0.2
1382, 0.4
1383, 0.1
1384, 0.2
1385, -0.1
1386, 0.1
1387, -0.3
1388, -0.3
1389, 0.0
1390, 0.0
1391, 0.1
1392, 0.3
1393, -0.3
1394, -0.2
1395, 0.0
1396, 0.1
1397, 0.0
1398, 0.1
1399, 0.1
1400, -0.3
1401, -0.1
1402, -0.3
1403, 0.1
1404, -0.2
1405, 0.2
1406, 0.5
1407, 0.2
1408, -0.3
1409, 0.3
1410, -0.4
1411, 0.2
1412, 0.1
1413, 0.0
1414, -0.2
1415, 0.1
1416, -0.3
1417, 0.0
1418, -0.1
1419, 0.1
1420, -0.3
1421, -0.1
1422, 0.2
1423, 0.1
1424, 0.2
1425, -0.3
1426, 0.0
1427, 0.3
1428, -0.1
1429, 0.0
1430, -0.2
1431, 0.0
1432, -0.2
1433, 0.2
1434, -0.2
1435, 0.2
1436, 0.2
1437, 0.2
1438, 0.0
1439, -0.2
1440, -0.4
1441, 0.1
1442, 0.4
1443, 0.4
1444, -0.1
1445, 0.1
1446, 0.3
1447, -0.2
1448, -0.2
1449, -0.1
1450, -0.3
1451, -0.2
1452, -0.2
1453, 0.1
1454, 0.1
1455, 0.2
1456, 0.3
1457, 0.1
1458, -0.2
1459, 0.4
1460, -0.3
1461, -0.2
1462, 0.0
1463, 0.2
1464, 0.2
1465, 0.0
1466, -0.1
1467, 0.0
1468, 0.1
1469, 0.3
1470, 0.2
1471, -0.1
1472, -0.3
1473, 0.3
1474, -0.1
1475, 0.1
1476, 0.4
1477, 0.1
1478, 0.0
1479, 0.3
1480, -0.2
1481, 0.5
1482, -0.1
1483, 0.2
1484, 0.4
1485, 0.0
1486, 0.1
1487, 0.1
1488, 0.2
1489, 0.0
1490, -0.1
1491, 0.3
1492, 0.3
1493, -0.3
1494, -0.3
1495, -0.4
1496, 0.0
1497, 0.0
1498, 0.2
1499, 0.4
1500, -0.5
1501, -0.1
1502, -0.3
1503, 0.2
1504, 0.2
1505, 0.2
1506, 0.1
1507, 0.2
1508, 0.1
1509, 0.0
1510, -0.2
1511, -0.1
1512, 0.2
1513, 0.0
1514, 0.2
1515, 0.2
1516, 0.4
1517, -0.2
1518, 0.0
1519, 0.2
1520, -0.1
1521, 0.0
1522, 0.1
1523, 0.1
1524, 0.1
1525, -0.4
1526, -0.1
1527, 0.0
1528, 0.0
1529, 0.3
1530, 0.2
1531, 0.4
1532, 0.1
1533, -0.1
1534, 0.1
1535, -0.2
1536, 0.4
1537, 0.2
1538, 0.2
1539, -0.4
1540, -0.1
1541, -0.4
1542, 0.4
1543, 0.1
1544, -0.4
1545, 0.1
1546, -0.3
1547, 0.3
1548, 0.1
1549, 0.2
1550, -0.3
1551, 0.4
1552, 0.0
1553, 0.3
1554, -0.1
1555, 0.5
1556, 0.0
1557, -0.3
1558, -0.2
1559, -0.3
1560, 0.2
1561, -0.2
1562, -0.2
1563, 0.0
1564, 0.4
1565, -0.1
1566, -0.1
1567, 0.1
1568, 0.1
1569, 0.3
1570, -0.2
1571, 0.0
1572, 0.0
1573, 0.0
1574, 0.1
1575, 0.4
1576, 0.2
1577, 0.2
1578, -0.4
1579, 0.1
1580, -0.3
1581, -0.1
1582, 0.4
1583, -0.1
1584, 0.3
1585, 0.2
1586, 0.0
1587, 0.1
1588, 0.2
1589, 0.4
1590, -0.2
1591, -0.3
1592, 0.0
1593, 0.1
1594, -0.2
1595, 0.3
1596, -0.1
1597, 0.2
1598, 0.0
1599, 0.1
1600, 0.4
1601, 0.0
1602, 0.0
1603, 0.0
1604, 0.1
1605, -0.3
1606, 0.5
1607, -0.2
1608, -0.1
1609, 0.1
1610, 0.0
1611, 0.2
1612, 0.2
1613, 0.1
1614, -0.2
1615, 0.2
1616, 0.0
1617, -0.5
1618, -0.2
1619, -0.2
1620, -0.2
1621, -0.3
1622, 0.0
1623, 0.4
1624, -0.3
1625, 0.5
1626, 0.0
1627, 0.2
1628, 0.3
1629, -0.1
1630, -0.2
1631, 0.1
1632, 0.0
1633, 0.1
1634, 0.1
1635, 0.3
1636, 0.3
1637, 0.3
1638, -0.2
1639, -0.1
1640, -0.2
1641, -0.5
1642, 0.3
1643, 0.0
1644, -0.1
1645, -0.2
1646, -0.1
1647, 0.0
1648, -0.1
1649, -0.1
1650, 0.0
1651, -0.1
1652, -0.1
1653, -0.3
1654, 0.2
1655, 0.2
1656, 0.2
1657, 0.0
1658, 0.1
1659, 0.0
1660, -0.2
1661, -0.3
1662, -0.2
1663, 0.1
1664, 0.0
1665, 0.3
1666, 0.0
1667, 0.3
1668, -0.1
1669, -0.1
1670, -0.5
1671, -0.3
1672, 0.0
1673, -0.3
1674, 0.2
1675, 0.2
1676, -0.1
1677, 0.0
1678, 0.1
1679, -0.3
1680, 0.0
1681, 0.0
1682, -0.4
1683, -0.5
1684, 0.2
1685, -0.2
1686, 0.4
1687, 0.1
1688, 0.2
1689, 0.1
1690, 0.2
1691, 0.3
1692, 0.4
1693, 0.3
1694, 0.2
1695, 0.1
1696, 0.0
1697, -0.4
1698, 0.0
1699, 0.0
1700, -0.4
1701, 0.3
1702, 0.0
1703, 0.2
1704, 0.1
1705, 0.2
1706, -0.1
1707, 0.1
1708, 0.3
1709, -0.3
1710, 0.0
1711, 0.0
1712, 0.0
1713, -0.2
1714, 0.0
1715, 0.1
1716, 0.2
1717, 0.1
1718, 0.3
1719, -0.2
1720, 0.2
1721, 0.3
1722, 0.0
1723, 0.0
1724, -0.1
1725, 0.1
1726, -0.3
1727, 0.1
1728, 0.1
1729, 0.3
1730, 0.2
1731, 0.1
1732, 0.1
1733, -0.2
1734, 0.2
1735, 0.2
1736, -0.1
1737, 0.0
1738, 0.0
1739, 0.1
1740, 0.2
1741, -0.1
1742, -0.1
1743, 0.0
1744, 0.1
1745, 0.1
1746, -0.4
1747, 0.1
1748, -0.1
1749, 0.3
1750, -0.3
1751, 0.3
1752, -0.1
1753, 0.1
1754, -0.5
1755, -0.4
1756, 0.2
1757, 0.2
1758, 0.0
1759, 0.0
1760, -0.2
1761, -0.1
1762, -0.4
1763, 0.3
1764, 0.1
1765, -0.3
1766, -0.3
1767, -0.1
1768, 0.2
1769, 0.2
1770, -0.1
1771, 0.2
1772, 0.1
1773, 0.2
1774, 0.1
1775, -0.4
1776, 0.2
1777, 0.1
1778, 0.2
1779, 0.1
1780, 0.4
1781, -0.3
1782, -0.1
1783, -0.1
1784, -0.1
1785, 0.1
1786, -0.4
1787, -0.3
1788, -0.1
1789, 0.0
1790, 0.2
1791, 0.0
1792, 0.1
1793, -0.1
1794, 0.5
1795, -0.2
1796, 0.2
1797, 0.2
1798, 0.0
1799, -0.2
1800, 0.3
1801, 0.1
1802, -0.3
1803, 0.1
1804, -0.1
1805, -0.1
1806, 0.2
1807, -0.5
1808, 0.2
1809, -0.1
1810, 0.2
1811, -0.1
1812, 0.0
1813, 0.0
1814, -0.2
1815, -0.4
1816, -0.1
1817, 0.1
1818, 0.3
1819, -0.3
1820, 0.3
1821, -0.3
1822, 0.0
1823, -0.5
1824, 0.1
1825, 0.4
1826, -0.3
1827, -0.1
1828, 0.1
1829, 0.0
1830, -0.1
1831, -0.2
1832, -0.1
1833, 0.3
1834, -0.2
1835, -0.4
1836, 0.3
1837, 0.1
1838, 0.0
1839, -0.1
1840, 0.2
1841, -0.4
1842, 0.0
1843, 0.0
1844, 0.0
1845, 0.0
1846, -0.1
1847, -0.1
1848, 0.0
1849, 0.0
1850, 0.2
1851, 0.1
1852, 0.1
1853, -0.3
1854, -0.2
1855, -0.1
1856, -0.2
1857, 0.1
1858, 0.1
1859, 0.0
1860, -0.1
1861, -0.4
1862, -0.2
1863, 0.6
1864, 0.0
1865, -0.1
1866, -0.2
1867, 0.4
1868, -0.4
1869, 0.2
1870, 0.1
1871, -0.2
1872, 0.3
1873, -0.2
1874, 0.2
1875, 0.0
1876, -0.2
1877, -0.1
1878, 0.0
1879, 0.3
1880, 0.3
1881, -0.5
1882, 0.0
1883, -0.2
1884, 0.1
1885, -0.3
1886, -0.1
1887, 0.2
1888, 0.0
1889, 0.0
1890, 0.3
1891, -0.2
1892, -0.2
1893, 0.1
1894, 0.3
1895, 0.2
1896, 0.1
1897, 0.3
1898, -0.5
1899, 0.0
1900, 0.2
1901, 0.1
1902, 0.2
1903, -0.3
1904, -0.1
1905, 0.3
1906, 0.0
1907, 0.1
1908, 0.4
1909, 0.0
1910, -0.2
1911, 0.2
1912, 0.3
1913, -0.1
1914, 0.3
1915, -0.2
1916, 0.4
1917, 0.1
1918, -0.5
1919, -0.5
1920, 0.5
1921, 0.4
1922, -0.2
1923, 0.3
1924, -0.4
1925, -0.1
1926, 0.0
1927, -0.2
1928, 0.3
1929, 0.0
1930, 0.0
1931, 0.1
1932, 0.2
1933, -0.2
1934, 0.0
1935, -0.3
1936, -0.1
1937, 0.2
1938, -0.4
1939, 0.0
1940, 0.0
1941, -0.2
1942, 0.4
1943, 0.0
1944, -0.1
1945, -0.2
1946, -0.4
1947, 0.2
1948, 0.2
1949, -0.2
1950, 0.0
1951, 0.2
1952, 0.4
1953, 0.0
1954, -0.1
1955, 0.2
1956, 0.0
1957, 0.0
1958, -0.2
1959, -0.2
1960, 0.2
1961, 0.0
1962, -0.5
1963, 0.1
1964, 0.1
1965, 0.0
1966, -0.3
1967, -0.1
1968, -0.4
1969, 0.1
1970, -0.1
1971, -0.3
1972, 0.1
1973, -0.3
1974, 0.0
1975, -0.2
1976, 0.0
1977, 0.0
1978, 0.1
1979, 0.3
1980, 0.2
1981, -0.1
1982, 0.3
1983, -0.2
1984, 0.4
1985, -0.4
1986, 0.1
1987, -0.2
1988, 0.0
1989, 0.0
1990, 0.3
1991, 0.2
1992, -0.4
1993, 0.0
1994, -0.1
1995, 0.4
1996, -0.1
1997, -0.2
1998, 0.1
1999, -0.2
2000, 0.2
2001, -0.3
2002, -0.1
2003, -0.2
2004, 0.2
2005, -0.3
2006, 0.3
2007, -0.4
2008, 0.1
2009, 0.0
2010, -0.1
2011, -0.3
2012, -0.1
2013, -0.3
2014, 0.0
2015, 0.2
2016, 0.2
2017, 0.0
2018, 0.0
2019, 0.1
2020, 0.0
2021, 0.1
2022, 0.3
2023, -0.1
2024, 0.2
2025, 0.2
2026, 0.0
2027, 0.0
2028, 0.2
2029, 0.3
2030, 0.2
2031, -0.1
2032, -0.2
2033, -0.1
2034, 0.3
2035, 0.4
2036, 0.1
2037, 0.0
2038, 0.0
2039, -0.1
2040, -0.2
2041, 0.3
2042, 0.0
2043, 0.2
2044, 0.2
2045, 0.2
2046, -0.2
2047, 0.0
2048, 0.0
2049, -0.1
2050, 0.3
2051, 0.2
2052, 0.4
2053, -0.2
2054, 0.3
2055, 0.1
2056, 0.3
2057, 0.3
2058, 0.1
2059, 0.0
2060, 0.3
2061, 0.2
2062, -0.1
2063, -0.1
2064, -0.6
2065, -0.3
2066, 0.1
2067, -0.1
2068, -0.1
2069, 0.4
2070, 0.2
2071, -0.1
2072, 0.0
2073, 0.0
2074, -0.4
2075, 0.3
2076, 0.2
2077, -0.1
2078, 0.0
2079, -0.4
2080, -0.3
2081, 0.0
2082, 0.0
2083, 0.4
2084, 0.0
2085, -0.4
2086, -0.1
2087, 0.0
2088, 0.1
2089, -0.1
2090, 0.1
2091, -0.3
2092, -0.2
2093, 0.1
2094, -0.1
2095, 0.0
2096, -0.2
2097, -0.2
2098, 0.2
2099, 0.4
2100, -0.3
2101, 0.2
2102, 0.2
2103, 0.2
2104, -0.1
2105, -0.3
2106, 0.1
2107, -0.2
2108, 0.1
2109, 0.2
2110, 0.1
2111, -0.2
2112, -0.1
2113, 0.2
2114, -0.2
2115, 0.1
2116, 0.0
2117, -0.4
2118, -0.2
2119, 0.0
2120, -0.2
2121, 0.3
2122, -0.1
2123, -0.3
2124, 0.1
2125, 0.0
2126, -0.2
2127, 0.3
2128, 0.1
2129, 0.3
2130, -0.2
2131, 0.0
2132, 0.1
2133, 0.4
2134, 0.2
2135, 0.0
2136, -0.2
2137, 0.0
2138, 0.0
2139, -0.1
2140, 0.2
2141, 0.4
2142, -0.1
2143, 0.3
2144, 0.0
2145, 0.1
2146, 0.0
2147, -0.2
2148, 0.2
2149, 0.2
2150, 0.3
2151, 0.2
2152, 0.0
2153, 0.3
2154, 0.2
2155, 0.3
2156, -0.1
2157, -0.1
2158, -0.2
2159, 0.3
2160, -0.1
2161, 0.2
2162, -0.1
2163, 0.1
2164, -0.2
2165, 0.1
2166, 0.4
2167, -0.2
2168, 0.2
2169, 0.0
2170, 0.1
2171, -0.3
2172, 0.4
2173, 0.0
2174, 0.1
2175, -0.2
2176, 0.0
2177, 0.0
2178, -0.1
2179, 0.1
2180, 0.0
2181, -0.5
2182, -0.2
2183, 0.0
2184, -0.1
2185, 0.3
2186, 0.3
2187, -0.2
2188, 0.3
2189, 0.1
2190, -0.5
2191, 0.1
2192, 0.3
2193, -0.1
2194, 0.5
2195, 0.1
2196, -0.2
2197, 0.1
2198, 0.1
2199, -0.1
2200, -0.2
2201, -0.2
2202, -0.2
2203, -0.2
2204, -0.2
2205, -0.1
2206, -0.2
2207, 0.3
2208, 0.0
2209, 0.4
2210, 0.1
2211, -0.1
2212, 0.0
2213, -0.3
2214, -0.2
2215, 0.1
2216, -0.5
2217, 0.3
2218, 0.4
2219, 0.1
2220, 0.1
2221, 0.3
2222, 0.4
2223, 0.1
2224, -0.1
2225, 0.0
2226, 0.1
2227, 0.3
2228, 0.0
2229, -0.2
2230, 0.1
2231, 0.0
2232, 0.2
2233, 0.0
2234, 0.0
2235, -0.3
2236, -0.1
2237, 0.2
2238, 0.1
2239, 0.0
2240, 0.3
2241, 0.0
2242, 0.1
2243, 0.2
2244, -0.1
2245, 0.3
2246, 0.3
2247, 0.1
2248, 0.2
2249, -0.1
2250, -0.1
2251, -0.1
2252, 0.3
2253, 0.0
2254, 0.0
2255, 0.1
2256, -0.4
2257, 0.0
2258, 0.1
2259, 0.0
2260, 0.4
2261, 0.0
2262, -0.5
2263, 0.1
2264, 0.3
2265, -0.1
2266, -0.2
2267, -0.1
2268, 0.1
2269, -0.3
2270, 0.3
2271, 0.0
2272, -0.2
2273, -0.2
2274, -0.2
2275, 0.1
2276, -0.1
2277, 0.0
2278, 0.0
2279, 0.3
2280, -0.2
2281, -0.2
2282, 0.2
2283, -0.3
2284, -0.1
2285, 0.1
2286, -0.3
2287, -0.2
2288, -0.3
2289, 0.3
2290, 0.2
2291, 0.0
2292, -0.2
2293, 0.1
2294, 0.4
2295, 0.2
2296, 0.2
2297, -0.1
2298, 0.1
2299, 0.2
2300, -0.5
2301, -0.3
2302, 0.4
2303, 0.2
2304, -0.1
2305, 0.2
2306, 0.0
2307, 0.3
2308, 0.2
2309, -0.1
2310, 0.1
2311, -0.1
2312, 0.2
2313, 0.0
2314, 0.2
2315, 0.1
2316, 0.2
2317, 0.0
2318, -0.1
2319, 0.0
2320, 0.1
2321, 0.0
2322, 0.0
2323, -0.1
2324, -0.5
2325, 0.0
2326, -0.1
2327, -0.2
2328, -0.4
2329, -0.2
2330, 0.0
2331, 0.1
2332, 0.3
2333, 0.3
2334, -0.5
2335, -0.2
2336, -0.3
2337, 0.0
2338, -0.2
2339, 0.1
2340, -0.1
2341, 0.1
2342, 0.3
2343, 0.1
2344, -0.2
2345, -0.1
2346, 0.0
2347, 0.2
2348, -0.3
2349, 0.4
2350, -0.3
2351, -0.1
2352, 0.1
2353, -0.1
2354, 0.1
2355, -0.1
2356, 0.2
2357, 0.1
2358, 0.1
2359, -0.1
2360, -0.2
2361, -0.4
2362, 0.3
2363, 0.2
2364, -0.2
2365, 0.3
2366, 0.0
2367, 0.4
2368, -0.3
2369, -0.4
2370, 0.2
2371, 0.0
2372, 0.1
2373, -0.2
2374, 0.3
2375, 0.0
2376, 0.2
2377, -0.1
2378, 0.0
2379, 0.1
2380, -0.2
2381, 0.2
2382, 0.0
2383, -0.4
2384, -0.3
2385, 0.3
2386, 0.2
2387, 0.1
2388, -0.1
2389, -0.2
2390, -0.1
2391, 0.2
2392, -0.4
2393, -0.2
2394, 0.0
2395, 0.0
2396, -0.4
2397, 0.2
2398, -0.1
2399, -0.3
2400, 0.2
2401, 0.0
2402, 0.2
2403, -0.1
2404, 0.0
2405, -0.1
2406, 0.2
2407, -0.2
2408, -0.2
2409, 0.0
2410, 0.1
2411, 0.1
2412, 0.2
2413, 0.1
2414, -0.2
2415, 0.2
2416, 0.1
2417, 0.1
2418, -0.1
2419, 0.1
2420, 0.1
2421, 0.1
2422, -0.2
2423, -0.4
2424, 0.1
2425, 0.2
2426, -0.3
2427, 0.1
2428, 0.4
2429, 0.3
2430, 0.2
2431, -0.5
2432, -0.1
2433, 0.2
2434, 0.1
2435, -0.1
2436, -0.1
2437, -0.1
2438, 0.2
2439, 0.3
2440, -0.2
2441, 0.2
2442, 0.1
2443, -0.2
2444, -0.1
2445, -0.6
2446, -0.4
2447, 0.3
2448, -0.4
2449, 0.0
2450, -0.1
2451, 0.3
2452, 0.0
2453, 0.0
2454, 0.3
2455, 0.0
2456, -0.2
2457, -0.4
2458, 0.0
2459, 0.2
2460, 0.1
2461, 0.1
2462, -0.1
2463, -0.2
2464, -0.1
2465, 0.2
2466, -0.3
2467, 0.0
2468, 0.0
2469, 0.2
2470, -0.2
2471, 0.0
2472, -0.1
2473, 0.5
2474, -0.4
2475, -0.3
2476, 0.2
2477, -0.2
2478, -0.5
2479, 0.2
2480, 0.0
2481, 0.2
2482, -0.2
2483, 0.3
2484, 0.1
2485, 0.3
2486, 0.1
2487, 0.3
2488, 0.0
2489, -0.2
2490, 0.2
2491, 0.2
2492, -0.3
2493, -0.1
2494, 0.0
2495, -0.3
2496, -0.3
2497, -0.1
2498, 0.4
2499, 0.0
2500, 0.3
2501, 0.2
2502, 0.0
2503, 0.0
2504, -0.4
2505, -0.1
2506, -0.2
2507, 0.1
2508, -0.3
2509, 0.4
2510, 0.1
2511, -0.1
2512, 0.3
2513, 0.1
2514, 0.2
2515, 0.1
2516, 0.1
2517, -0.1
2518, -0.4
2519, 0.0
2520, -0.3
2521, 0.1
2522, 0.1
2523, 0.5
2524, 0.0
2525, 0.2
2526, 0.1
2527, -0.5
2528, -0.1
2529, 0.1
2530, 0.0
2531, -0.3
2532, -0.2
2533, 0.2
2534, 0.2
2535, -0.3
2536, -0.4
2537, -0.1
2538, -0.2
2539, -0.3
2540, 0.0
2541, 0.0
2542, 0.1
2543, -0.1
2544, -0.2
2545, 0.3
2546, 0.1
2547, -0.4
2548, -0.1
2549, 0.4
2550, 0.1
2551, 0.0
2552, 0.3
2553, -0.2
2554, 0.2
2555, -0.1
2556, -0.3
2557, -0.2
2558, 0.0
2559, 0.3
2560, -0.1
2561, 0.1
2562, 0.3
2563, 0.0
2564, -0.1
2565, -0.1
2566, 0.1
2567, 0.1
2568, 0.2
2569, -0.2
2570, 0.2
2571, 0.0
2572, 0.2
2573, 0.0
2574, -0.3
2575, 0.0
2576, 0.3
2577, 0.2
2578, -0.4
2579, -0.1
2580, 0.3
2581, 0.2
2582, 0.2
2583, 0.2
2584, 0.4
2585, -0.1
2586, -0.1
2587, 0.3
2588, -0.2
2589, 0.0
2590, 0.0
2591, 0.2
2592, -0.1
2593, 0.1
2594, 0.0
2595, 0.1
2596, -0.2
2597, -0.2
2598, 0.2
2599, 0.0
2600, 0.2
2601, 0.0
2602, 0.0
2603, 0.2
2604, 0.1
2605, 0.3
2606, -0.2
2607, 0.1
2608, 0.2
2609, 0.5
2610, 0.2
2611, 0.3
2612, -0.1
2613, 0.2
2614, 0.2
2615, 0.1
2616, -0.1
2617, 0.1
2618, -0.1
2619, 0.3
2620, 0.0
2621, 0.2
2622, -0.2
2623, -0.4
2624, -0.1
2625, -0.1
2626, 0.2
2627, -0.5
2628, 0.0
2629, 0.0
2630, -0.1
2631, 0.1
2632, 0.0
2633, 0.1
2634, 0.1
2635, -0.3
2636, 0.1
2637, 0.1
2638, -0.2
2639, 0.1
2640, 0.0
2641, 0.3
2642, -0.3
2643, -0.1
2644, 0.3
2645, 0.2
2646, -0.2
2647, 0.3
2648, 0.4
2649, 0.1
2650, 0.3
2651, 0.1
2652, -0.2
2653, 0.2
2654, -0.1
2655, 0.2
2656, 0.0
2657, 0.1
2658, 0.1
2659, -0.2
2660, 0.0
2661, 0.0
2662, -0.4
2663, -0.3
2664, -0.3
2665, -0.1
2666, -0.1
2667, 0.3
2668, 0.4
2669, 0.0
2670, 0.0
2671, -0.4
2672, 0.0
2673, -0.1
2674, 0.0
2675, 0.0
2676, 0.0
2677, 0.0
2678, 0.0
2679, -0.3
2680, 0.1
2681, 0.1
2682, -0.3
2683, 0.2
2684, -0.2
2685, -0.4
2686, 0.0
2687, -0.2
2688, 0.2
2689, 0.0
2690, -0.2
2691, 0.0
2692, -0.1
2693, 0.3
2694, 0.4
2695, 0.2
2696, -0.4
2697, 0.0
2698, -0.3
2699, -0.3
2700, 0.0
2701, 0.3
2702, -0.2
2703, 0.1
2704, 0.1
2705, 0.2
2706, 0.0
2707, -0.2
2708, 0.1
2709, -0.3
2710, 0.2
2711, 0.2
2712, 0.1
2713, 0.1
2714, 0.1
2715, 0.0
2716, -0.1
2717, -0.2
2718, 0.0
2719, -0.1
2720, 0.3
2721, -0.1
2722, -0.5
2723, 0.0
2724, 0.2
2725, 0.0
2726, -0.1
2727, -0.6
2728, 0.0
2729, 0.4
2730, 0.0
2731, -0.2
2732, -0.3
2733, 0.1
2734, -0.5
2735, 0.4
2736, -0.3
2737, -0.3
2738, 0.0
2739, -0.3
2740, -0.3
2741, -0.2
2742, 0.1
2743, 0.0
2744, -0.2
2745, -0.1
2746, -0.4
2747, 0.1
2748, -0.1
2749, 0.1
2750, 0.0
2751, 0.0
2752, -0.4
2753, -0.1
2754, 0.0
2755, 0.0
2756, -0.1
2757, 0.1
2758, 0.3
2759, 0.0
2760, 0.1
2761, 0.2
2762, -0.1
2763, -0.2
2764, 0.1
2765, 0.2
2766, 0.1
2767, 0.3
2768, -0.1
2769, -0.4
2770, 0.3
2771, -0.1
2772, 0.0
2773, -0.2
2774, 0.3
2775, 0.3
2776, -0.5
2777, 0.1
2778, 0.1
2779, -0.3
2780, 0.3
2781, 0.1
2782, -0.3
2783, -0.2
2784, -0.1
2785, -0.3
2786, -0.1
2787, 0.4
2788, -0.4
2789, -0.2
2790, 0.2
2791, -0.5
2792, 0.0
2793, 0.0
2794, 0.1
2795, 0.2
2796, 0.3
2797, -0.1
2798, 0.0
2799, 0.2
2800, 0.4
2801, -0.5
2802, 0.2
2803, -0.2
2804, -0.1
2805, -0.1
2806, -0.7
2807, 0.0
2808, -0.4
2809, -0.1
2810, -0.5
2811, 0.3
2812, -0.3
2813, 0.3
2814, -0.4
2815, 0.3
2816, 0.2
2817, -0.2
2818, 0.0
2819, 0.1
2820, -0.1
2821, 0.0
2822, 0.0
2823, -0.3
2824, -0.1
2825, 0.0
2826, 0.0
2827, -0.2
2828, 0.1
2829, 0.1
2830, 0.1
2831, 0.2
2832, 0.2
2833, 0.1
2834, 0.4
2835, 0.1
2836, -0.2
2837, 0.2
2838, -0.2
2839, -0.4
2840, -0.1
2841, -0.1
2842, 0.0
2843, 0.1
2844, -0.1
2845, 0.1
2846, 0.0
2847, -0.2
2848, -0.1
2849, 0.1
2850, 0.1
2851, -0.3
2852, -0.3
2853, -0.5
2854, -0.3
2855, 0.0
2856, 0.0
2857, 0.0
2858, -0.4
2859, 0.1
2860, -0.4
2861, -0.1
2862, -0.2
2863, -0.1
2864, -0.1
2865, 0.4
2866, 0.3
2867, 0.4
2868, -0.4
2869, -0.1
2870, 0.2
2871, -0.3
2872, -0.3
2873, 0.0
2874, 0.3
2875, 0.1
2876, -0.4
2877, -0.2
2878, 0.0
2879, -0.2
2880, 0.2
2881, 0.3
2882, 0.2
2883, 0.1
2884, -0.3
2885, -0.4
2886, -0.4
2887, 0.2
2888, 0.1
2889, -0.4
2890, 0.0
2891, -0.4
2892, 0.0
2893, -0.1
2894, -0.3
2895, 0.3
2896, -0.1
2897, 0.1
2898, 0.3
2899, 0.2
2900, -0.2
2901, 0.2
2902, 0.1
2903, 0.2
2904, -0.1
2905, 0.0
2906, 0.1
2907, -0.4
2908, 0.0
2909, 0.1
2910, -0.2
2911, 0.1
2912, -0.1
2913, -0.3
2914, 0.4
2915, 0.0
2916, -0.1
2917, 0.2
2918, -0.6
2919, 0.1
2920, 0.2
2921, -0.2
2922, -0.1
2923, -0.3
2924, -0.1
2925, 0.3
2926, 0.2
2927, -0.2
2928, 0.1
2929, 0.1
2930, 0.1
2931, -0.1
2932, -0.1
2933, -0.1
2934, -0.2
2935, 0.1
2936, 0.0
2937, 0.0
2938, -0.1
2939, -0.1
2940, 0.3
2941, -0.1
2942, 0.4
2943, -0.4
2944, -0.1
2945, 0.1
2946, 0.2
2947, -0.2
2948, -0.8
2949, 0.2
2950, 0.1
2951, 0.5
2952, 0.2
2953, 0.1
2954, 0.3
2955, 0.1
2956, -0.2
2957, 0.2
2958, -0.2
2959, -0.3
2960, 0.1
2961, 0.2
2962, 0.0
2963, 0.0
2964, 0.1
2965, -0.3
2966, -0.4
2967, 0.2
2968, 0.0
2969, -0.2
2970, -0.5
2971, 0.2
2972, 0.2
2973, 0.0
2974, 0.2
2975, 0.2
2976, 0.2
2977, 0.1
2978, -0.2
2979, -0.1
2980, 0.1
2981, 0.3
2982, 0.3
2983, 0.3
2984, -0.3
2985, -0.1
2986, 0.1
2987, 0.0
2988, 0.0
2989, -0.1
2990, 0.2
2991, 0.1
2992, 0.0
2993, 0.0
2994, 0.0
2995, 0.3
2996, -0.2
2997, 0.0
2998, -0.1
2999, -0.2
3000, 0.1
3001, 0.1
3002, -0.1
3003, 0.1
3004, -0.1
3005, 0.0
3006, 0.1
3007, 0.0
3008, -0.4
3009, -0.4
3010, 0.0
3011, 0.4
3012, 0.0
3013, -0.1
3014, 0.0
3015, 0.1
3016, 0.0
3017, -0.1
3018, -0.1
3019, -0.2
3020, 0.4
3021, 0.0
3022, -0.2
3023, -0.2
3024, -0.2
3025, 0.1
3026, -0.1
3027, 0.0
3028, 0.0
3029, -0.5
3030, 0.3
3031, 0.2
3032, 0.1
3033, -0.5
3034, 0.3
3035, 0.0
3036, 0.2
3037, 0.2
3038, 0.0
3039, -0.2
3040, 0.2
3041, -0.2
3042, -0.1
3043, -0.1
3044, 0.1
3045, -0.1
3046, 0.1
3047, -0.4
3048, -0.2
3049, -0.2
3050, 0.2
3051, -0.2
3052, 0.0
3053, 0.1
3054, -0.1
3055, 0.1
3056, 0.0
3057, -0.2
3058, 0.2
3059, -0.1
3060, 0.0
3061, 0.2
3062, 0.1
3063, -0.1
3064, 0.0
3065, -0.1
3066, 0.1
3067, -0.2
3068, 0.2
3069, 0.4
3070, -0.1
3071, 0.3
3072, 0.0
3073, -0.2
3074, -0.2
3075, 0.2
3076, -0.1
3077, -0.3
3078, 0.1
3079, 0.1
3080, -0.1
3081, -0.4
3082, 0.1
3083, 0.3
3084, 0.0
3085, 0.1
3086, -0.3
3087, -0.2
3088, -0.2
3089, 0.1
3090, -0.1
3091, 0.0
3092, 0.2
3093, 0.2
3094, 0.3
3095, -0.2
3096, 0.2
3097, 0.0
3098, -0.1
3099, 0.2
3100, 0.0
3101, 0.3
3102, 0.4
3103, 0.1
3104, 0.0
3105, 0.2
3106, 0.1
3107, -0.2
3108, 0.2
3109, -0.1
3110, 0.3
3111, 0.1
3112, -0.2
3113, 0.1
3114, 0.0
3115, -0.3
3116, 0.2
3117, -0.8
3118, 0.2
3119, -0.5
3120, -0.2
3121, -0.3
3122, 0.0
3123, -0.1
3124, 0.1
3125, 0.0
3126, 0.0
3127, -0.3
3128, -0.1
3129, 0.0
3130, -0.1
3131, -0.2
3132, -0.2
3133, -0.2
3134, 0.0
3135, 0.0
3136, 0.2
3137, -0.2
3138, 0.1
3139, 0.0
3140, 0.1
3141, -0.1
3142, 0.2
3143, 0.1
3144, 0.1
3145, 0.2
3146, -0.3
3147, 0.4
3148, 0.0
3149, -0.1
3150, -0.1
3151, -0.5
3152, 0.0
3153, -0.2
3154, 0.2
3155, -0.2
3156, 0.0
3157, 0.0
3158, 0.4
3159, -0.1
3160, -0.1
3161, -0.6
3162, -0.2
3163, -0.2
3164, -0.6
3165, -0.5
3166, 0.3
3167, -0.3
3168, -0.1
3169, 0.1
3170, -0.1
3171, -0.1
3172, 0.2
3173, -0.1
3174, 0.5
3175, 0.2
3176, 0.2
3177, 0.2
3178, 0.0
3179, -0.5
3180, 0.4
3181, -0.1
3182, 0.1
3183, -0.1
3184, 0.1
3185, 0.0
3186, 0.1
3187, -0.3
3188, 0.4
3189, 0.2
3190, 0.0
3191, -0.4
3192, 0.0
3193, 0.2
3194, 0.0
3195, -0.1
3196, 0.2
3197, -0.1
3198, -0.2
3199, -0.1
3200, 0.1
3201, 0.1
3202, 0.0
3203, -0.2
3204, 0.0
3205, -0.1
3206, 0.2
3207, 0.0
3208, 0.2
3209, 0.0
3210, 0.5
3211, -0.3
3212, -0.1
3213, 0.1
3214, 0.2
3215, -0.5
3216, 0.0
3217, 0.0
3218, -0.1
3219, -0.2
3220, 0.2
3221, -0.2
3222, -0.2
3223, -0.2
3224, -0.2
3225, -0.1
3226, 0.1
3227, 0.1
3228, 0.0
3229, -0.1
3230, 0.2
3231, 0.0
3232, 0.2
3233, 0.3
3234, -0.2
3235, 0.0
3236, 0.2
3237, 0.2
3238, -0.4
3239, -0.1
3240, 0.2
3241, 0.4
3242, -0.1
3243, 0.0
3244, -0.2
3245, 0.1
3246, 0.1
3247, 0.0
3248, 0.0
3249, 0.2
3250, 0.2
3251, 0.2
3252, -0.2
3253, 0.3
3254, -0.5
3255, -0.1
3256, -0.2
3257, -0.2
3258, -0.1
3259, -0.2
3260, 0.0
3261, 0.0
3262, -0.1
3263, -0.2
3264, -0.1
3265, -0.1
3266, 0.0
3267, 0.1
3268, 0.3
3269, 0.1
3270, 0.3
3271, 0.0
3272, -0.1
3273, -0.2
3274, 0.2
3275, -0.3
3276, -0.2
3277, 0.3
3278, -0.6
3279, -0.3
3280, -0.3
3281, 0.4
3282, 0.1
3283, -0.2
3284, -0.2
3285, -0.2
3286, 0.1
3287, 0.4
3288, 0.1
3289, 0.1
3290, 0.1
3291, 0.2
3292, -0.2
3293, 0.0
3294, 0.2
3295, 0.4
3296, 0.3
3297, 0.2
3298, -0.1
3299, -0.1
3300, 0.1
3301, 0.0
3302, 0.2
3303, 0.3
3304, -0.1
3305, 0.0
3306, 0.0
3307, 0.1
3308, 0.1
3309, -0.3
3310, 0.3
3311, 0.2
3312, 0.0
3313, -0.3
3314, 0.0
3315, 0.4
3316, -0.2
3317, -0.1
3318, 0.2
3319, -0.1
3320, 0.1
3321, 0.2
3322, -0.1
3323, -0.3
3324, 0.5
3325, -0.2
3326, 0.0
3327, -0.4
3328, -0.1
3329, 0.1
3330, -0.1
3331, -0.1
3332, 0.1
3333, 0.1
3334, -0.5
3335, 0.2
3336, 0.2
3337, 0.2
3338, 0.2
3339, 0.3
3340, -0.3
3341, 0.2
3342, -0.1
3343, -0.3
3344, 0.1
3345, 0.1
3346, 0.1
3347, 0.2
3348, 0.0
3349, -0.1
3350, -0.1
3351, 0.0
3352, -0.1
3353, 0.0
3354, 0.2
3355, -0.2
3356, 0.0
3357, -0.3
3358, 0.2
3359, 0.0
3360, 0.0
3361, -0.2
3362, 0.1
3363, 0.2
3364, 0.4
3365, 0.1
3366, -0.4
3367, 0.0
3368, 0.0
3369, 0.0
3370, -0.2
3371, 0.4
3372, 0.0
3373, 0.3
3374, 0.0
3375, -0.2
3376, 0.2
3377, -0.2
3378, 0.1
3379, 0.0
3380, -0.3
3381, -0.5
3382, 0.0
3383, -0.1
3384, -0.1
3385, -0.2
3386, 0.3
3387, 0.3
3388, 0.0
3389, -0.1
3390, 0.4
3391, 0.0
3392, 0.1
3393, 0.1
3394, 0.5
3395, -0.2
3396, 0.0
3397, -0.1
3398, 0.1
3399, 0.1
3400, 0.4
3401, -0.2
3402, 0.1
3403, 0.3
3404, 0.0
3405, 0.4
3406, 0.1
3407, -0.7
3408, -0.3
3409, 0.1
3410, 0.4
3411, -0.1
3412, -0.2
3413, -0.2
3414, 0.4
3415, 0.3
3416, 0.1
3417, 0.2
3418, 0.1
3419, -0.1
3420, 0.4
3421, 0.1
3422, -0.1
3423, 0.4
3424, 0.3
3425, 0.0
3426, 0.0
3427, -0.1
3428, -0.1
3429, -0.1
3430, -0.1
3431, 0.1
3432, -0.4
3433, 0.3
3434, -0.3
3435, 0.1
3436, 0.0
3437, 0.1
3438, 0.0
3439, 0.2
3440, -0.1
3441, -0.2
3442, 0.0
3443, 0.1
3444, 0.0
3445, 0.3
3446, -0.2
3447, -0.1
3448, 0.1
3449, -0.3
3450, -0.3
3451, 0.0
3452, 0.0
3453, 0.1
3454, 0.0
3455, -0.5
3456, 0.3
3457, -0.4
3458, 0.0
3459, 0.0
3460, 0.2
3461, 0.2
3462, 0.0
3463, 0.0
3464, 0.0
3465, -0.3
3466, 0.5
3467, -0.2
3468, -0.1
3469, 0.1
3470, -0.3
3471, -0.2
3472, 0.2
3473, 0.0
3474, -0.1
3475, -0.2
3476, 0.2
3477, 0.3
3478, -0.4
3479, -0.3
3480, 0.1
3481, -0.1
3482, 0.0
3483, -0.2
3484, -0.2
3485, 0.0
3486, 0.0
3487, -0.3
3488, -0.3
3489, -0.2
3490, -0.2
3491, 0.2
3492, 0.1
3493, 0.0
3494, 0.3
3495, 0.1
3496, -0.4
3497, 0.1
3498, 0.2
3499, -0.2
3500, -0.3
3501, 0.3
3502, 0.5
3503, -0.2
3504, 0.3
3505, 0.2
3506, -0.1
3507, -0.1
3508, 0.1
3509, 0.0
3510, 0.0
3511, -0.3
3512, 0.1
3513, 0.4
3514, 0.3
3515, -0.1
3516, 0.0
3517, 0.4
3518, -0.4
3519, -0.1
3520, 0.0
3521, 0.5
3522, 0.5
3523, 0.0
3524, 0.2
3525, 0.0
3526, -0.1
3527, 0.3
3528, 0.2
3529, 0.1
3530, 0.0
3531, -0.1
3532, 0.1
3533, 0.1
3534, -0.4
3535, 0.2
3536, -0.1
3537, -0.2
3538, -0.2
3539, 0.4
3540, -0.8
3541, -0.2
3542, 0.3
3543, -0.2
3544, -0.1
3545, -0.5
3546, -0.3
3547, 0.0
3548, 0.0
3549, 0.4
3550, -0.1
3551, -0.6
3552, 0.0
3553, 0.0
3554, -0.6
3555, 0.4
3556, -0.3
3557, 0.0
3558, -0.2
3559, -0.1
3560, 0.2
3561, 0.2
3562, 0.1
3563, 0.0
3564, 0.1
3565, 0.3
3566, 0.0
3567, 0.2
3568, -0.4
3569, 0.0
3570, 0.0
3571, -0.4
3572, 0.2
3573, -0.1
3574, 0.1
3575, -0.2
3576, 0.1
3577, 0.2
3578, 0.2
3579, 0.1
3580, -0.1
3581, -0.1
3582, -0.1
3583, 0.0
3584, 0.0
3585, 0.1
3586, 0.0
3587, 0.2
3588, 0.3
3589, -0.2
3590, 0.1
3591, 0.1
3592, 0.1
3593, 0.2
3594, 0.1
3595, -0.1
3596, 0.2
3597, 0.3
3598, -0.1
3599, 0.2
3600, 0.0
3601, -0.1
3602, 0.0
3603, -0.3
3604, -0.1
3605, 0.0
3606, 0.1
3607, 0.1
3608, 0.2
3609, -0.2
3610, -0.1
3611, -0.2
3612, -0.4
3613, -0.2
3614, -0.3
3615, 0.1
3616, 0.4
3617, 0.2
3618, -0.1
3619, 0.1
3620, -0.3
3621, 0.1
3622, 0.1
3623, 0.2
3624, -0.3
3625, -0.4
3626, 0.0
3627, -0.5
3628, 0.0
3629, 0.1
3630, 0.0
3631, 0.2
3632, 0.0
3633, 0.3
3634, 0.4
3635, 0.0
3636, 0.2
3637, -0.2
3638, 0.1
3639, 0.2
3640, 0.2
3641, -0.1
3642, -0.3
3643, 0.3
3644, 0.4
3645, 0.3
3646, 0.0
3647, -0.3
3648, -0.4
3649, -0.2
3650, -0.2
3651, 0.0
3652, 0.1
3653, 0.2
3654, -0.1
3655, -0.1
3656, 0.0
3657, 0.0
3658, 0.2
3659, -0.2
3660, -0.2
3661, 0.0
3662, 0.1
3663, -0.2
3664, -0.4
3665, 0.4
3666, -0.3
3667, 0.4
3668, -0.2
3669, 0.3
3670, 0.3
3671, -0.1
3672, 0.1
3673, 0.3
3674, -0.2
3675, -0.3
3676, -0.2
3677, -0.5
3678, 0.2
3679, 0.2
3680, 0.1
3681, -0.3
3682, 0.2
3683, 0.2
3684, -0.2
3685, -0.2
3686, -0.1
3687, -0.3
3688, -0.3
3689, 0.1
3690, -0.3
3691, 0.0
3692, 0.2
3693, -0.2
3694, 0.1
3695, -0.4
3696, -0.3
3697, -0.2
3698, -0.1
3699, 0.4
3700, -0.1
3701, 0.2
3702, 0.2
3703, 0.0
3704, 0.3
3705, 0.2
3706, -0.2
3707, -0.1
3708, 0.0
3709, -0.2
3710, 0.0
3711, 0.2
3712, -0.6
3713, 0.1
3714, 0.4
3715, 0.2
3716, -0.6
3717, 0.1
3718, 0.2
3719, 0.2
3720, -0.2
3721, -0.2
3722, 0.1
3723, -0.2
3724, -0.1
3725, 0.0
3726, 0.1
3727, 0.1
3728, 0.1
3729, 0.1
3730, 0.1
3731, 0.0
3732, -0.4
3733, 0.1
3734, -0.2
3735, -0.2
3736, -0.3
3737, -0.2
3738, 0.2
3739, -0.2
3740, -0.3
3741, 0.2
3742, 0.0
3743, 0.5
3744, 0.0
3745, -0.2
3746, 0.1
3747, -0.1
3748, 0.2
3749, -0.4
3750, 0.3
3751, 0.4
3752, 0.2
3753, 0.2
3754, 0.3
3755, 0.4
3756, 0.0
3757, 0.0
3758, 0.4
3759, -0.4
3760, 0.1
3761, 0.3
3762, -0.3
3763, 0.3
3764, 0.2
3765, 0.2
3766, -0.1
3767, 0.1
3768, -0.1
3769, 0.3
3770, -0.2
3771, 0.1
3772, 0.3
3773, 0.5
3774, 0.4
3775, 0.2
3776, 0.2
3777, 0.0
3778, 0.2
3779, -0.1
3780, 0.1
3781, 0.1
3782, 0.0
3783, -0.2
3784, 0.1
3785, -0.1
3786, 0.0
3787, -0.1
3788, -0.2
3789, 0.0
3790, -0.1
3791, -0.2
3792, 0.0
3793, -0.1
3794, -0.3
3795, -0.1
3796, 0.2
3797, 0.0
3798, -0.1
3799, 0.1
3800, 0.0
3801, 0.1
3802, 0.3
3803, 0.1
3804, -0.5
3805, 0.3
3806, -0.1
3807, 0.0
3808, -0.2
3809, 0.0
3810, -0.1
3811, 0.0
3812, 0.3
3813, -0.3
3814, 0.0
3815, -0.1
3816, -0.1
3817, -0.1
3818, 0.0
3819, 0.3
3820, 0.3
3821, 0.1
3822, -0.2
3823, -0.2
3824, 0.1
3825, -0.2
3826, -0.3
3827, 0.3
3828, 0.2
3829, 0.2
3830, 0.0
3831, 0.2
3832, -0.4
3833, 0.3
3834, 0.3
3835, 0.2
3836, -0.2
3837, -0.3
3838, -0.1
3839, 0.1
3840, -0.2
3841, -0.2
3842, 0.1
3843, 0.3
3844, -0.1
3845, 0.1
3846, -0.3
3847, -0.2
3848, -0.3
3849, 0.3
3850, 0.1
3851, 0.2
3852, -0.2
3853, 0.0
3854, 0.0
3855, -0.2
3856, -0.1
3857, 0.1
3858, 0.4
3859, -0.2
3860, 0.2
3861, 0.5
3862, 0.0
3863, -0.7
3864, -0.2
3865, -0.4
3866, -0.1
3867, 0.0
3868, -0.2
3869, -0.1
3870, 0.1
3871, 0.1
3872, -0.2
3873, 0.2
3874, 0.5
3875, -0.5
3876, 0.1
3877, 0.1
3878, 0.0
3879, -0.5
3880, -0.1
3881, 0.2
3882, -0.3
3883, -0.1
3884, -0.7
3885, 0.1
3886, -0.1
3887, -0.5
3888, -0.2
3889, 0.0
3890, 0.0
3891, -0.1
3892, 0.2
3893, -0.1
3894, 0.1
3895, 0.4
3896, 0.1
3897, -0.1
3898, 0.1
3899, 0.2
3900, 0.4
3901, 0.2
3902, 0.2
3903, -0.1
3904, 0.0
3905, 0.0
3906, 0.1
3907, 0.2
3908, 0.1
3909, 0.4
3910, 0.3
3911, -0.4
3912, 0.3
3913, 0.2
3914, 0.1
3915, 0.2
3916, -0.3
3917, -0.3
3918, 0.0
3919, 0.1
3920, 0.1
3921, -0.3
3922, 0.2
3923, 0.1
3924, 0.3
3925, 0.3
3926, -0.2
3927, 0.0
3928, 0.1
3929, -0.1
3930, 0.0
3931, -0.4
3932, -0.2
3933, 0.2
3934, 0.4
3935, 0.1
3936, 0.5
3937, 0.1
3938, -0.1
3939, -0.2
3940, 0.1
3941, 0.0
3942, 0.1
3943, 0.1
3944, 0.2
3945, -0.2
3946, 0.2
3947, 0.0
3948, -0.6
3949, -0.3
3950, 0.1
3951, 0.2
3952, 0.3
3953, 0.1
3954, 0.1
3955, 0.1
3956, 0.0
3957, 0.0
3958, -0.2
3959, 0.2
3960, 0.4
3961, 0.3
3962, 0.2
3963, 0.0
3964, 0.3
3965, -0.1
3966, 0.0
3967, 0.2
3968, 0.1
3969, 0.1
3970, -0.5
3971, -0.3
3972, 0.2
3973, 0.1
3974, -0.1
3975, 0.0
3976, 0.2
3977, -0.1
3978, 0.2
3979, -0.3
3980, 0.3
3981, -0.2
3982, 0.1
3983, 0.3
3984, 0.3
3985, -0.4
3986, -0.1
3987, 0.2
3988, 0.4
3989, 0.1
3990, 0.2
3991, -0.3
3992, -0.4
3993, -0.5
3994, 0.5
3995, 0.2
3996, 0.4
3997, 0.2
3998, 0.3
3999, 0.0
