0, 0.1
1, 0.3
2, -0.1
3, -0.1
4, 0.2
5, 0.0
6, -0.1
7, 0.0
8, -0.2
9, -0.2
10, 0.0
11, 0.2
12, -0.3
13, 0.2
14, -0.1
15, -0.3
16, 0.1
17, -0.3
18, -0.3
19, -0.3
20, 0.2
21, 0.0
22, -0.3
23, 0.3
24, -0.2
25, -0.3
26, 0.0
27, 0.0
28, -0.5
29, 0.0
30, 0.0
31, 0.1
32, -0.2
33, -0.1
34, 0.2
35, 0.1
36, 0.2
37, 0.5
38, 0.4
39, 0.4
40, 0.0
41, 0.0
42, -0.2
43, -0.1
44, 0.2
45, -0.2
46, 0.1
47, -0.2
48, 0.1
49, -0.5
50, -0.2
51, 0.0
52, 0.0
53, 0.1
54, -0.1
55, 0.4
56, -0.4
57, 0.2
58, 0.2
59, 0.3
60, 0.0
61, 0.2
62, -0.4
63, 0.0
64, 0.0
65, 0.3
66, -0.1
67, 0.4
68, 0.0
69, 0.3
70, 0.1
71, 0.2
72, 0.1
73, 0.2
74, 0.0
75, -0.3
76, 0.7
77, -0.2
78, 0.1
79, -0.3
80, 0.1
81, 0.1
82, -0.1
83, 0.1
84, -0.2
85, 0.4
86, -0.3
87, 0.2
88, -0.1
89, -0.1
90, 0.1
91, -0.6
92, -0.1
93, 0.0
94, 0.1
95, -0.2
96, 0.3
97, -0.2
98, -0.2
99, 0.3
100, -0.5
101, 0.3
102, -0.2
103, -0.1
104, -0.1
105, -0.3
106, -0.1
107, -0.5
108, -0.4
109, 0.1
110, -0.1
111, -0.2
112, -0.1
113, 0.0
114, 0.1
115, 0.4
116, -0.2
117, 0.0
118, -0.1
119, -0.3
120, -0.1
121, 0.3
122, -0.3
123, 0.3
124, -0.1
125, 0.4
126, -0.1
127, 0.5
128, 0.2
129, -0.3
130, 0.4
131, 0.1
132, -0.3
133, 0.2
134, -0.3
135, 0.1
136, 0.0
137, 0.2
138, 0.0
139, 0.5
140, -0.1
141, -0.2
142, -0.5
143, 0.2
144, 0.0
145, -0.1
146, -0.3
147, 0.2
148, 0.5
149, 0.0
150, 0.3
151, 0.2
152, 0.1
153, 0.2
154, 0.0
155, -0.6
156, -0.3
157, -0.1
158, 0.2
159, 0.1
160, -0.1
161, 0.1
162, 0.2
163, -0.4
164, -0.2
165, 0.3
166, 0.1
167, 0.0
168, 0.1
169, -0.1
170, 0.0
171, 0.2
172, -0.1
173, 0.1
174, 0.1
175, 0.1
176, -0.2
177, 0.1
178, 0.2
179, 0.4
180, 0.3
181, -0.5
182, 0.2
183, -0.3
184, -0.1
185, 0.0
186, 0.0
187, 0.1
188, -0.1
189, -0.1
190, 0.0
191, -0.3
192, 0.2
193, -0.2
194, -0.1
195, 0.2
196, 0.1
197, -0.4
198, 0.1
199, 0.0
200, -0.1
201, -0.1
202, 0.2
203, 0.4
204, 0.1
205, 0.0
206, -0.2
207, 0.0
208, 0.0
209, -0.1
210, 0.0
211, 0.3
212, 0.1
213, 0.0
214, 0.3
215, 0.1
216, -0.2
217, 0.0
218, 0.1
219, 0.0
220, 0.3
221, 0.3
222, 0.2
223, 0.3
224, -0.1
225, -0.4
226, 0.1
227, -0.1
228, 0.0
229, 0.0
230, -0.1
231, -0.1
232, 0.3
233, 0.0
234, -0.3
235, 0.0
236, 0.0
237, 0.0
238, -0.1
239, 0.4
240, 0.2
241, -0.3
242, -0.2
243, -0.1
244, 0.3
245, -0.2
246, -0.1
247, 0.1
248, 0.2
249, 0.1
250, 0.5
251, 0.0
252, -0.4
253, -0.3
254, 0.5
255, 0.0
256, -0.1
257, -0.1
258, 0.1
259, -0.3
260, 0.2
261, -0.2
262, -0.4
263, -0.1
264, -0.1
265, 0.1
266, 0.1
267, 0.1
268, 0.0
269, 0.1
270, 0.3
271, 0.0
272, 0.0
273, 0.4
274, -0.1
275, 0.4
276, 0.0
277, -0.1
278, -0.2
279, -0.1
280, 0.0
281, 0.1
282, 0.0
283, 0.3
284, 0.3
285, 0.3
286, 0.1
287, -0.1
288, 0.0
289, 0.2
290, 0.1
291, -0.3
292, 0.0
293, -0.2
294, -0.5
295, -0.1
296, 0.0
297, -0.1
298, 0.0
299, 0.1
300, 0.0
301, 0.3
302, 0.1
303, -0.2
304, -0.3
305, -0.4
306, -0.1
307, -0.1
308, -0.4
309, -0.2
310, 0.1
311, 0.2
312, -0.1
313, 0.1
314, -0.5
315, -0.1
316, -0.1
317, 0.0
318, 0.1
319, 0.1
320, 0.5
321, 0.2
322, 0.2
323, -0.3
324, 0.0
325, -0.1
326, 0.1
327, 0.2
328, -0.3
329, -0.2
330, 0.1
331, 0.2
332, -0.2
333, -0.1
334, 0.2
335, -0.1
336, -0.1
337, -0.1
338, -0.1
339, 0.0
340, -0.1
341, 0.2
342, -0.2
343, -0.2
344, 0.0
345, 0.3
346, 0.4
347, -0.1
348, -0.3
349, 0.1
350, -0.3
351, 0.1
352, 0.1
353, 0.1
354, 0.0
355, 0.0
356, -0.4
357, -0.1
358, 0.2
359, -0.1
360, 0.2
361, 0.0
362, 0.1
363, -0.1
364, 0.1
365, 0.0
366, 0.1
367, -0.3
368, 0.0
369, 0.2
370, -0.1
371, 0.2
372, 0.3
373, 0.1
374, 0.0
375, 0.1
376, -0.5
377, -0.1
378, 0.1
379, 0.5
380, 0.1
381, -0.5
382, 0.3
383, 0.4
384, 0.0
385, 0.0
386, 0.0
387, -0.1
388, 0.0
389, 0.0
390, 0.1
391, 0.3
392, 0.2
393, 0.1
394, 0.0
395, -0.1
396, 0.4
397, 0.3
398, 0.2
399, 0.3
400, -0.2
401, -0.2
402, 0.4
403, 0.0
404, -0.1
405, 0.0
406, -0.1
407, -0.2
408, -0.3
409, -0.4
410, 0.2
411, -0.3
412, 0.5
413, 0.0
414, 0.2
415, -0.2
416, -0.2
417, 0.0
418, 0.2
419, 0.0
420, 0.2
421, 0.5
422, -0.1
423, 0.4
424, 0.0
425, 0.0
426, -0.1
427, -0.2
428, -0.2
429, 0.2
430, -0.4
431, 0.0
432, -0.2
433, -0.2
434, -0.2
435, -0.7
436, 0.4
437, 0.0
438, 0.0
439, 0.3
440, -0.3
441, 0.2
442, 0.2
443, -0.1
444, 0.2
445, 0.4
446, -0.3
447, 0.2
448, -0.2
449, -0.3
450, 0.1
451, -0.1
452, -0.2
453, -0.2
454, 0.1
455, 0.1
456, 0.2
457, 0.0
458, 0.3
459, 0.0
460, -0.1
461, -0.1
462, 0.0
463, 0.1
464, 0.0
465, -0.1
466, 0.3
467, 0.2
468, 0.0
469, -0.5
470, 0.1
471, 0.2
472, 0.0
473, -0.3
474, -0.3
475, -0.2
476, 0.3
477, 0.2
478, 0.0
479, 0.3
480, 0.2
481, 0.1
482, 0.1
483, -0.1
484, 0.0
485, 0.3
486, -0.4
487, 0.1
488, -0.2
489, 0.1
490, 0.1
491, 0.0
492, 0.1
493, 0.3
494, 0.0
495, 0.0
496, -0.5
497, 0.1
498, 0.1
499, 0.1
500, 0.3
501, 0.1
502, 0.0
503, 0.2
504, 0.0
505, 0.5
506, -0.2
507, -0.1
508, 0.0
509, -0.1
510, -0.2
511, 0.1
512, 0.0
513, -0.4
514, -0.1
515, 0.2
516, -0.2
517, -0.2
518, -0.2
519, -0.4
520, 0.2
521, 0.0
522, 0.0
523, -0.2
524, 0.2
525, 0.1
526, 0.1
527, -0.3
528, 0.4
529, -0.2
530, -0.2
531, 0.0
532, 0.1
533, 0.2
534, -0.1
535, -0.3
536, -0.1
537, -0.2
538, 0.2
539, 0.1
540, -0.1
541, -0.2
542, -0.2
543, 0.2
544, 0.0
545, 0.1
546, -0.1
547, 0.0
548, -0.2
549, 0.2
550, 0.2
551, 0.1
552, 0.4
553, 0.1
554, -0.4
555, 0.2
556, 0.0
557, -0.2
558, 0.0
559, 0.2
560, 0.0
561, 0.4
562, 0.1
563, 0.2
564, -0.1
565, 0.0
566, -0.4
567, 0.0
568, 0.1
569, -0.3
570, 0.2
571, 0.1
572, -0.3
573, 0.1
574, 0.1
575, 0.1
576, -0.4
577, -0.1
578, -0.1
579, -0.1
580, -0.1
581, 0.0
582, 0.1
583, 0.3
584, -0.2
585, -0.2
586, 0.0
587, 0.2
588, -0.1
589, 0.3
590, 0.2
591, -0.1
592, 0.1
593, 0.3
594, -0.6
595, -0.3
596, 0.2
597, -0.1
598, 0.1
599, 0.3
600, -0.2
601, 0.0
602, -0.6
603, 0.1
604, 0.3
605, 0.0
606, -0.1
607, 0.0
608, 0.3
609, 0.0
610, -0.1
611, -0.1
612, -0.3
613, -0.2
614, -0.5
615, 0.2
616, 0.0
617, -0.3
618, 0.1
619, 0.1
620, 0.0
621, 0.1
622, 0.2
623, -0.3
624, 0.1
625, 0.0
626, 0.0
627, 0.2
628, -0.1
629, -0.5
630, -0.2
631, 0.0
632, 0.0
633, 0.2
634, -0.3
635, -0.1
636, -0.2
637, 0.2
638, -0.1
639, 0.0
640, 0.2
641, 0.1
642, 0.5
643, 0.2
644, -0.2
645, -0.1
646, 0.0
647, 0.0
648, -0.2
649, 0.1
650, 0.0
651, 0.1
652, -0.2
653, 0.0
654, -0.2
655, 0.1
656, -0.3
657, 0.3
658, 0.4
659, -0.1
660, -0.3
661, 0.0
662, 0.1
663, 0.2
664, -0.1
665, 0.1
666, 0.1
667, 0.2
668, -0.2
669, -0.1
670, 0.0
671, 0.2
672, 0.2
673, 0.2
674, 0.2
675, -0.3
676, 0.3
677, 0.3
678, 0.2
679, 0.0
680, -0.1
681, -0.2
682, -0.2
683, 0.4
684, 0.2
685, -0.2
686, 0.2
687, 0.3
688, 0.0
689, -0.3
690, 0.3
691, 0.1
692, 0.2
693, 0.0
694, 0.0
695, 0.0
696, 0.2
697, -0.3
698, 0.0
699, 0.0
700, 0.1
701, 0.1
702, -0.3
703, -0.4
704, 0.0
705, 0.1
706, -0.3
707, 0.3
708, 0.2
709, 0.1
710, 0.0
711, 0.1
712, -0.2
713, 0.0
714, 0.4
715, -0.5
716, -0.4
717, 0.3
718, -0.1
719, -0.1
720, 0.4
721, 0.2
722, -0.1
723, 0.2
724, 0.0
725, -0.2
726, -0.5
727, 0.3
728, 0.1
729, 0.1
730, 0.4
731, 0.2
732, -0.1
733, 0.1
734, 0.3
735, -0.1
736, -0.1
737, -0.2
738, -0.1
739, 0.0
740, -0.3
741, 0.4
742, 0.0
743, 0.0
744, 0.2
745, -0.3
746, -0.2
747, 0.4
748, -0.4
749, -0.2
750, 0.0
751, 0.0
752, 0.2
753, -0.4
754, -0.1
755, -0.2
756, -0.6
757, -0.1
758, 0.1
759, 0.2
760, -0.3
761, -0.1
762, 0.4
763, 0.2
764, 0.1
765, 0.1
766, 0.3
767, -0.7
768, 0.4
769, -0.2
770, 0.1
771, 0.1
772, -0.4
773, 0.2
774, -0.1
775, 0.3
776, 0.4
777, -0.2
778, -0.2
779, 0.4
780, -0.2
781, 0.2
782, 0.0
783, -0.2
784, 0.1
785, 0.3
786, -0.2
787, 0.0
788, -0.6
789, -0.2
790, 0.0
791, 0.0
792, 0.1
793, -0.3
794, -0.1
795, 0.3
796, 0.2
797, -0.1
798, -0.1
799, -0.2
800, -0.1
801, 0.0
802, 0.0
803, 0.2
804, -0.8
805, 0.1
806, 0.3
807, 0.1
808, 0.0
809, 0.0
810, 0.2
811, 0.1
812, 0.3
813, 0.1
814, 0.1
815, -0.2
816, -0.1
817, 0.1
818, -0.2
819, 0.0
820, 0.2
821, 0.0
822, 0.2
823, -0.2
824, 0.1
825, 0.2
826, 0.1
827, 0.1
828, -0.2
829, 0.4
830, -0.3
831, 0.3
832, 0.3
833, 0.1
834, -0.3
835, -0.1
836, -0.3
837, 0.0
838, 0.1
839, 0.2
840, -0.4
841, -0.3
842, 0.3
843, 0.0
844, 0.1
845, 0.2
846, -0.2
847, -0.3
848, -0.4
849, 0.0
850, 0.0
851, -0.1
852, -0.1
853, 0.0
854, 0.0
855, -0.1
856, 0.5
857, -0.1
858, 0.1
859, -0.2
860, 0.1
861, 0.1
862, 0.3
863, 0.2
864, 0.5
865, 0.2
866, 0.0
867, 0.1
868, 0.5
869, 0.1
870, -0.5
871, 0.3
872, 0.2
873, 0.0
874, -0.1
875, 0.0
876, -0.3
877, 0.0
878, 0.3
879, 0.3
880, -0.1
881, 0.0
882, 0.2
883, 0.2
884, -0.4
885, -0.1
886, -0.1
887, -0.5
888, -0.3
889, -0.2
890, 0.1
891, 0.1
892, 0.1
893, 0.0
894, -0.3
895, -0.2
896, 0.1
897, -0.3
898, 0.1
899, 0.1
900, -0.2
901, -0.3
902, 0.3
903, -0.1
904, 0.0
905, 0.0
906, 0.2
907, 0.0
908, -0.1
909, -0.1
910, 0.2
911, -0.1
912, -0.3
913, -0.3
914, 0.2
915, 0.2
916, 0.2
917, -0.1
918, 0.0
919, -0.1
920, -0.1
921, 0.0
922, 0.1
923, -0.3
924, -0.2
925, -0.5
926, 0.0
927, 0.1
928, -0.1
929, 0.2
930, 0.0
931, -0.2
932, -0.2
933, 0.4
934, 0.2
935, -0.4
936, 0.1
937, 0.1
938, 0.2
939, -0.2
940, -0.4
941, 0.2
942, -0.5
943, 0.0
944, 0.3
945, 0.3
946, -0.2
947, -0.1
948, 0.2
949, -0.3
950, 0.0
951, -0.3
952, 0.2
953, 0.2
954, -0.2
955, 0.2
956, -0.1
957, -0.2
958, 0.2
959, 0.2
960, 0.0
961, 0.1
962, -0.6
963, -0.1
964, -0.1
965, 0.1
966, 0.0
967, 0.3
968, 0.0
969, -0.2
970, 0.2
971, -0.1
972, -0.6
973, 0.1
974, -0.1
975, -0.4
976, 0.3
977, 0.0
978, -0.2
979, 0.3
980, 0.1
981, 0.3
982, -0.4
983, 0.1
984, 0.2
985, 0.2
986, -0.1
987, 0.4
988, 0.3
989, -0.2
990, -0.3
991, 0.3
992, 0.2
993, -0.3
994, 0.4
995, -0.2
996, 0.4
997, 0.1
998, 0.2
999, 0.4
1000, 0.0
1001, 0.0
1002, 0.0
1003, 0.1
1004, 0.1
1005, 0.1
1006, -0.2
1007, 0.3
1008, 0.0
1009, 0.1
1010, -0.1
1011, 0.1
1012, 0.1
1013, -0.2
1014, -0.1
1015, -0.2
1016, 0.0
1017, 0.3
1018, -0.3
1019, -0.2
1020, 0.1
1021, 0.1
1022, -0.6
1023, 0.1
1024, 0.1
1025, -0.1
1026, -0.3
1027, 0.2
1028, 0.5
1029, 0.0
1030, 0.1
1031, 0.2
1032, 0.4
1033, 0.0
1034, 0.1
1035, -0.3
1036, 0.1
1037, 0.4
1038, -0.3
1039, 0.2
1040, -0.2
1041, 0.1
1042, 0.0
1043, -0.3
1044, -0.3
1045, 0.1
1046, 0.2
1047, 0.2
1048, 0.2
1049, 0.0
1050, 0.0
1051, 0.3
1052, 0.2
1053, 0.2
1054, -0.1
1055, 0.3
1056, -0.2
1057, 0.0
1058, -0.1
1059, -0.3
1060, 0.0
1061, -0.1
1062, -0.2
1063, 0.1
1064, -0.3
1065, -0.1
1066, -0.1
1067, -0.3
1068, 0.0
1069, 0.3
1070, 0.1
1071, 0.0
1072, -0.3
1073, 0.0
1074, 0.1
1075, -0.5
1076, 0.1
1077, 0.2
1078, 0.1
1079, -0.2
1080, -0.3
1081, -0.1
1082, -0.1
1083, -0.1
1084, 0.2
1085, 0.1
1086, 0.2
1087, -0.3
1088, 0.0
1089, 0.1
1090, 0.2
1091, 0.0
1092, -0.1
1093, 0.5
1094, 0.1
1095, 0.4
1096, 0.1
1097, 0.2
1098, -0.1
1099, 0.0
1100, -0.1
1101, 0.3
1102, 0.1
1103, 0.1
1104, 0.3
1105, -0.1
1106, 0.2
1107, 0.3
1108, -0.2
1109, 0.0
1110, -0.1
1111, 0.0
1112, 0.3
1113, -0.3
1114, -0.2
1115, -0.5
1116, -0.1
1117, 0.0
1118, -0.5
1119, 0.0
1120, 0.0
1121, 0.1
1122, 0.1
1123, 0.4
1124, -0.2
1125, 0.0
1126, 0.1
1127, 0.1
1128, 0.1
1129, -0.1
1130, -0.1
1131, 0.1
1132, -0.1
1133, -0.1
1134, 0.3
1135, 0.0
1136, -0.2
1137, 0.1
1138, -0.1
1139, 0.2
1140, -0.1
1141, -0.1
1142, -0.4
1143, 0.1
1144, -0.5
1145, 0.1
1146, 0.0
1147, 0.2
1148, -0.1
1149, 0.3
1150, -0.2
1151, -0.2
1152, 0.5
1153, 0.1
1154, 0.0
1155, -0.3
1156, 0.3
1157, 0.0
1158, -0.1
1159, -0.2
1160, -0.3
1161, 0.1
1162, 0.0
1163, 0.1
1164, 0.1
1165, 0.0
1166, -0.1
1167, 0.3
1168, -0.1
1169, -0.2
1170, -0.2
1171, 0.1
1172, 0.1
1173, -0.4
1174, 0.1
1175, 0.0
1176, 0.0
1177, -0.2
1178, 0.1
1179, 0.2
1180, 0.0
1181, 0.3
1182, 0.1
1183, -0.1
1184, -0.1
1185, 0.0
1186, 0.3
1187, -0.3
1188, 0.0
1189, -0.3
1190, -0.1
1191, -0.1
1192, 0.2
1193, 0.4
1194, 0.4
1195, 0.1
1196, 0.0
1197, 0.2
1198, 0.2
1199, -0.1
1200, 0.4
1201, 0.1
1202, -0.1
1203, 0.2
1204, -0.4
1205, -0.1
1206, 0.1
1207, 0.1
1208, 0.2
1209, 0.0
1210, -0.1
1211, 0.2
1212, 0.2
1213, -0.3
1214, -0.2
1215, 0.0
1216, 0.4
1217, 0.1
1218, -0.1
1219, -0.5
1220, 0.2
1221, -0.1
1222, -0.1
1223, 0.1
1224, 0.0
1225, -0.1
1226, -0.1
1227, -0.1
1228, 0.0
1229, 0.5
1230, -0.2
1231, 0.2
1232, -0.1
1233, -0.2
1234, -0.3
1235, 0.2
1236, 0.1
1237, 0.2
1238, -0.3
1239, 0.0
1240, 0.1
1241, 0.0
1242, 0.0
1243, -0.3
1244, 0.1
1245, 0.1
1246, -0.1
1247, -0.4
1248, 0.1
1249, 0.4
1250, 0.3
1251, 0.0
1252, 0.1
1253, -0.1
1254, 0.2
1255, 0.0
1256, -0.1
1257, 0.1
1258, 0.2
1259, 0.0
1260, -0.1
1261, 0.0
1262, -0.2
1263, -0.1
1264, 0.1
1265, -0.1
1266, 0.1
1267, -0.4
1268, 0.2
1269, 0.1
1270, 0.3
1271, 0.3
1272, -0.4
1273, 0.3
1274, 0.0
1275, -0.3
1276, 0.0
1277, -0.1
1278, -0.2
1279, 0.0
1280, -0.1
1281, 0.1
1282, -0.2
1283, -0.1
1284, -0.4
1285, -0.1
1286, 0.4
1287, -0.2
1288, 0.2
1289, 0.3
1290, 0.3
1291, -0.4
1292, 0.3
1293, -0.1
1294, 0.1
1295, -0.2
1296, 0.4
1297, 0.0
1298, 0.4
1299, 0.0
1300, 0.1
1301, -0.3
1302, 0.0
1303, 0.0
1304, 0.2
1305, -0.4
1306, 0.1
1307, 0.2
1308, -0.1
1309, 0.1
1310, 0.0
1311, 0.1
1312, -0.1
1313, -0.2
1314, 0.1
1315, -0.2
1316, 0.1
1317, -0.3
1318, 0.0
1319, -0.2
1320, -0.1
1321, -0.5
1322, -0.1
1323, -0.1
1324, 0.3
1325, 0.0
1326, 0.3
1327, 0.2
1328, 0.2
1329, -0.1
1330, 0.1
1331, -0.1
1332, 0.2
1333, 0.1
1334, 0.1
1335, 0.0
1336, 0.3
1337, 0.1
1338, -0.1
1339, -0.1
1340, 0.1
1341, -0.4
1342, 0.2
1343, 0.3
1344, 0.1
1345, -0.4
1346, 0.1
1347, -0.1
1348, -0.2
1349, 0.0
1350, 0.1
1351, 0.1
1352, -0.3
1353, -0.5
1354, 0.2
1355, 0.0
1356, 0.3
1357, 0.3
1358, 0.2
1359, -0.2
1360, -0.1
1361, -0.2
1362, -0.1
1363, -0.1
1364, 0.0
1365, 0.2
1366, 0.0
1367, 0.0
1368, -0.3
1369, 0.3
1370, 0.2
1371, 0.3
1372, 0.2
1373, 0.3
1374, 0.1
1375, 0.1
1376, 0.1
1377, -0.3
1378, 0.0
1379, 0.0
1380, 0.1
1381, -0.1
1382, 0.2
1383, 0.0
1384, 0.0
1385, 0.1
1386, 0.1
1387, -0.4
1388, 0.3
1389, -0.4
1390, 0.1
1391, 0.1
1392, -0.3
1393, -0.3
1394, -0.4
1395, 0.1
1396, 0.0
1397, 0.3
1398, 0.2
1399, -0.1
1400, 0.2
1401, -0.1
1402, -0.5
1403, -0.1
1404, -0.1
1405, 0.2
1406, 0.5
1407, 0.0
1408, -0.1
1409, -0.2
1410, 0.2
1411, 0.0
1412, -0.1
1413, -0.2
1414, 0.0
1415, 0.2
1416, 0.1
1417, -0.1
1418, 0.0
1419, 0.0
1420, 0.2
1421, 0.1
1422, 0.5
1423, -0.1
1424, -0.1
1425, 0.1
1426, 0.2
1427, -0.2
1428, -0.5
1429, 0.5
1430, -0.2
1431, 0.1
1432, 0.4
1433, 0.1
1434, 0.0
1435, 0.2
1436, -0.4
1437, -0.4
1438, -0.2
1439, 0.3
1440, -0.2
1441, -0.1
1442, -0.1
1443, 0.5
1444, -0.1
1445, 0.2
1446, -0.2
1447, 0.1
1448, -0.2
1449, 0.1
1450, -0.1
1451, 0.0
1452, 0.3
1453, 0.4
1454, 0.4
1455, -0.2
1456, -0.1
1457, -0.1
1458, -0.1
1459, 0.0
1460, 0.1
1461, -0.2
1462, 0.4
1463, -0.2
1464, 0.0
1465, -0.1
1466, 0.0
1467, 0.2
1468, -0.1
1469, 0.4
1470, -0.4
1471, -0.2
1472, 0.2
1473, -0.1
1474, 0.0
1475, -0.4
1476, -0.3
1477, -0.2
1478, -0.2
1479, 0.1
1480, 0.1
1481, 0.0
1482, -0.1
1483, 0.1
1484, -0.1
1485, 0.1
1486, -0.1
1487, 0.0
1488, -0.1
1489, 0.0
1490, 0.2
1491, -0.4
1492, 0.0
1493, -0.1
1494, -0.4
1495, -0.1
1496, -0.4
1497, -0.5
1498, 0.1
1499, 0.2
1500, -0.2
1501, 0.0
1502, -0.2
1503, -0.3
1504, 0.4
1505, 0.0
1506, 0.0
1507, 0.2
1508, 0.1
1509, 0.0
1510, -0.2
1511, 0.1
1512, -0.1
1513, 0.2
1514, 0.1
1515, -0.1
1516, -0.2
1517, 0.4
1518, -0.3
1519, 0.0
1520, -0.3
1521, 0.2
1522, 0.0
1523, 0.1
1524, 0.1
1525, -0.1
1526, 0.1
1527, 0.0
1528, 0.4
1529, 0.2
1530, -0.4
1531, -0.2
1532, -0.1
1533, -0.3
1534, 0.0
1535, 0.1
1536, 0.1
1537, 0.3
1538, 0.0
1539, 0.3
1540, 0.0
1541, 0.1
1542, -0.5
1543, -0.2
1544, -0.2
1545, 0.0
1546, 0.3
1547, 0.0
1548, -0.1
1549, 0.2
1550, 0.0
1551, -0.2
1552, 0.0
1553, -0.3
1554, 0.3
1555, -0.1
1556, 0.3
1557, 0.2
1558, -0.1
1559, -0.1
1560, 0.3
1561, -0.3
1562, 0.3
1563, 0.0
1564, -0.3
1565, -0.1
1566, 0.2
1567, 0.5
1568, 0.2
1569, 0.2
1570, 0.2
1571, -0.1
1572, -0.1
1573, 0.0
1574, -0.2
1575, -0.4
1576, 0.1
1577, -0.3
1578, 0.2
1579, -0.1
1580, -0.1
1581, -0.2
1582, 0.2
1583, 0.4
1584, -0.2
1585, -0.4
1586, -0.3
1587, 0.2
1588, 0.2
1589, 0.2
1590, -0.1
1591, 0.4
1592, -0.1
1593, 0.0
1594, -0.3
1595, 0.2
1596, 0.5
1597, 0.1
1598, 0.2
1599, -0.3
1600, -0.1
1601, 0.3
1602, -0.3
1603, 0.3
1604, 0.1
1605, 0.2
1606, 0.1
1607, 0.2
1608, -0.4
1609, -0.1
1610, -0.2
1611, 0.0
1612, 0.0
1613, -0.1
1614, 0.2
1615, -0.1
1616, 0.1
1617, 0.0
1618, 0.0
1619, 0.2
1620, 0.1
1621, 0.0
1622, 0.0
1623, -0.5
1624, 0.0
1625, 0.0
1626, 0.3
1627, 0.1
1628, 0.0
1629, -0.6
1630, 0.2
1631, 0.2
1632, 0.0
1633, -0.2
1634, 0.0
1635, -0.2
1636, 0.3
1637, 0.3
1638, 0.1
1639, 0.1
1640, 0.3
1641, -0.1
1642, 0.2
1643, -0.3
1644, -0.6
1645, 0.1
1646, 0.3
1647, 0.4
1648, -0.2
1649, 0.2
1650, -0.1
1651, -0.2
1652, -0.5
1653, 0.3
1654, 0.0
1655, 0.0
1656, -0.1
1657, 0.2
1658, -0.4
1659, 0.1
1660, 0.0
1661, -0.1
1662, 0.3
1663, 0.3
1664, 0.0
1665, -0.3
1666, 0.3
1667, -0.1
1668, -0.3
1669, 0.2
1670, -0.3
1671, -0.1
1672, 0.2
1673, 0.0
1674, 0.0
1675, 0.2
1676, -0.1
1677, 0.1
1678, -0.2
1679, -0.2
1680, 0.0
1681, 0.0
1682, 0.0
1683, -0.1
1684, 0.1
1685, 0.1
1686, 0.2
1687, -0.1
1688, -0.2
1689, 0.3
1690, 0.1
1691, 0.0
1692, 0.0
1693, 0.1
1694, 0.4
1695, 0.2
1696, 0.1
1697, 0.0
1698, -0.2
1699, -0.2
1700, -0.2
1701, -0.1
1702, 0.0
1703, 0.3
1704, 0.0
1705, 0.1
1706, 0.0
1707, -0.1
1708, -0.2
1709, -0.5
1710, -0.3
1711, 0.3
1712, -0.3
1713, 0.1
1714, 0.1
1715, 0.1
1716, 0.2
1717, 0.2
1718, 0.1
1719, 0.3
1720, 0.2
1721, 0.3
1722, -0.3
1723, -0.3
1724, 0.2
1725, 0.2
1726, -0.2
1727, 0.1
1728, 0.2
1729, 0.3
1730, 0.2
1731, 0.0
1732, 0.2
1733, 0.1
1734, -0.5
1735, -0.3
1736, 0.2
1737, 0.3
1738, -0.1
1739, -0.1
1740, 0.2
1741, 0.3
1742, -0.4
1743, -0.3
1744, 0.1
1745, 0.2
1746, 0.2
1747, 0.0
1748, -0.2
1749, 0.3
1750, -0.2
1751, 0.1
1752, -0.2
1753, 0.3
1754, -0.1
1755, -0.4
1756, -0.1
1757, 0.3
1758, 0.0
1759, 0.3
1760, 0.3
1761, 0.2
1762, 0.3
1763, 0.3
1764, -0.1
1765, -0.1
1766, 0.2
1767, -0.3
1768, -0.1
1769, 0.3
1770, -0.2
1771, 0.1
1772, -0.2
1773, 0.4
1774, -0.2
1775, -0.3
1776, 0.1
1777, -0.1
1778, 0.2
1779, 0.2
1780, -0.2
1781, -0.2
1782, 0.2
1783, 0.2
1784, -0.3
1785, -0.1
1786, -0.1
1787, 0.1
1788, 0.2
1789, 0.3
1790, 0.3
1791, 0.3
1792, -0.1
1793, 0.0
1794, -0.2
1795, 0.1
1796, 0.1
1797, 0.1
1798, 0.1
1799, -0.3
1800, 0.0
1801, 0.0
1802, -0.2
1803, -0.2
1804, -0.1
1805, 0.5
1806, 0.3
1807, 0.0
1808, 0.2
1809, -0.5
1810, 0.2
1811, 0.0
1812, -0.5
1813, -0.1
1814, 0.1
1815, 0.0
1816, 0.1
1817, 0.2
1818, 0.3
1819, 0.1
1820, 0.1
1821, 0.0
1822, -0.1
1823, 0.3
1824, 0.3
1825, 0.1
1826, 0.1
1827, -0.1
1828, 0.0
1829, -0.4
1830, -0.5
1831, -0.1
1832, -0.4
1833, 0.0
1834, -0.1
1835, -0.5
1836, -0.1
1837, 0.3
1838, 0.2
1839, 0.3
1840, -0.2
1841, 0.2
1842, -0.4
1843, -0.2
1844, 0.1
1845, -0.1
1846, -0.2
1847, 0.2
1848, 0.3
1849, -0.1
1850, -0.2
1851, 0.1
1852, 0.0
1853, -0.1
1854, 0.4
1855, -0.2
1856, 0.0
1857, 0.1
1858, 0.1
1859, 0.0
1860, -0.1
1861, -0.2
1862, -0.2
1863, -0.1
1864, -0.4
1865, 0.3
1866, -0.1
1867, 0.1
1868, 0.0
1869, 0.1
1870, -0.1
1871, 0.1
1872, 0.1
1873, -0.1
1874, -0.1
1875, 0.3
1876, 0.1
1877, 0.1
1878, 0.0
1879, -0.1
1880, -0.2
1881, 0.0
1882, -0.1
1883, 0.3
1884, 0.2
1885, -0.2
1886, 0.2
1887, 0.2
1888, 0.0
1889, 0.0
1890, 0.3
1891, -0.1
1892, 0.0
1893, 0.0
1894, 0.3
1895, 0.2
1896, 0.1
1897, 0.3
1898, -0.1
1899, 0.0
1900, 0.0
1901, 0.2
1902, -0.3
1903, -0.1
1904, -0.1
1905, 0.3
1906, -0.3
1907, 0.0
1908, -0.2
1909, 0.1
1910, 0.1
1911, 0.2
1912, 0.0
1913, 0.1
1914, -0.1
1915, 0.1
1916, -0.5
1917, -0.3
1918, 0.1
1919, 0.1
1920, 0.3
1921, 0.1
1922, 0.2
1923, 0.5
1924, -0.1
1925, -0.2
1926, -0.2
1927, 0.1
1928, -0.4
1929, -0.2
1930, 0.2
1931, -0.1
1932, -0.1
1933, 0.2
1934, -0.1
1935, -0.2
1936, 0.0
1937, -0.2
1938, -0.2
1939, -0.2
1940, 0.0
1941, -0.1
1942, 0.4
1943, -0.3
1944, 0.0
1945, -0.1
1946, 0.1
1947, 0.3
1948, 0.3
1949, -0.1
1950, 0.3
1951, 0.2
1952, 0.1
1953, -0.3
1954, 0.1
1955, 0.4
1956, -0.3
1957, 0.2
1958, 0.3
1959, 0.1
1960, 0.3
1961, -0.2
1962, -0.1
1963, 0.3
1964, 0.0
1965, 0.2
1966, -0.3
1967, 0.1
1968, 0.1
1969, -0.1
1970, -0.2
1971, 0.1
1972, 0.2
1973, -0.4
1974, -0.5
1975, 0.3
1976, -0.2
1977, -0.2
1978, 0.1
1979, 0.3
1980, -0.1
1981, 0.5
1982, 0.3
1983, 0.0
1984, -0.2
1985, 0.1
1986, 0.4
1987, 0.1
1988, 0.1
1989, -0.2
1990, -0.6
1991, -0.2
1992, -0.4
1993, 0.0
1994, 0.3
1995, 0.1
1996, 0.2
1997, 0.1
1998, -0.2
1999, -0.1
2000, 0.1
2001, -0.3
2002, -0.3
2003, 0.0
2004, 0.0
2005, 0.0
2006, -0.1
2007, -0.1
2008, 0.0
2009, -0.4
2010, -0.1
2011, 0.2
2012, 0.0
2013, 0.1
2014, 0.2
2015, 0.1
2016, 0.0
2017, 0.1
2018, 0.0
2019, -0.2
2020, -0.1
2021, 0.2
2022, 0.4
2023, 0.1
2024, 0.5
2025, 0.2
2026, -0.4
2027, 0.2
2028, -0.3
2029, -0.1
2030, 0.1
2031, 0.4
2032, 0.0
2033, 0.3
2034, 0.0
2035, -0.3
2036, -0.1
2037, 0.1
2038, -0.2
2039, -0.2
2040, -0.2
2041, 0.5
2042, -0.3
2043, -0.1
2044, -0.2
2045, 0.3
2046, -0.2
2047, 0.2
2048, -0.3
2049, 0.3
2050, -0.3
2051, -0.2
2052, 0.2
2053, -0.3
2054, 0.4
2055, 0.3
2056, -0.3
2057, -0.2
2058, -0.1
2059, 0.3
2060, 0.0
2061, -0.1
2062, 0.0
2063, 0.1
2064, -0.6
2065, 0.2
2066, 0.2
2067, 0.2
2068, 0.0
2069, 0.1
2070, 0.3
2071, 0.1
2072, 0.0
2073, -0.2
2074, -0.5
2075, 0.1
2076, 0.2
2077, 0.4
2078, -0.1
2079, 0.2
2080, 0.1
2081, 0.1
2082, -0.5
2083, -0.1
2084, -0.1
2085, 0.2
2086, -0.2
2087, -0.1
2088, 0.2
2089, -0.1
2090, 0.4
2091, -0.2
2092, -0.3
2093, 0.3
2094, 0.0
2095, 0.1
2096, 0.1
2097, 0.0
2098, -0.1
2099, 0.4
2100, 0.1
2101, -0.4
2102, -0.3
2103, -0.2
2104, 0.1
2105, -0.3
2106, -0.1
2107, 0.0
2108, -0.4
2109, 0.1
2110, -0.2
2111, -0.1
2112, 0.0
2113, 0.2
2114, 0.3
2115, -0.2
2116, 0.0
2117, 0.1
2118, 0.0
2119, 0.0
2120, -0.2
2121, 0.1
2122, -0.5
2123, 0.0
2124, 0.0
2125, -0.3
2126, 0.1
2127, 0.0
2128, 0.2
2129, -0.1
2130, 0.0
2131, 0.4
2132, -0.3
2133, 0.0
2134, 0.1
2135, -0.1
2136, -0.4
2137, 0.0
2138, 0.1
2139, 0.2
2140, 0.3
2141, -0.1
2142, -0.2
2143, -0.1
2144, 0.1
2145, -0.1
2146, -0.1
2147, 0.1
2148, 0.1
2149, 0.1
2150, 0.4
2151, 0.1
2152, -0.2
2153, 0.0
2154, -0.1
2155, 0.4
2156, 0.3
2157, -0.2
2158, -0.2
2159, 0.3
2160, -0.2
2161, -0.4
2162, 0.0
2163, 0.2
2164, -0.1
2165, -0.1
2166, -0.2
2167, 0.3
2168, -0.1
2169, -0.1
2170, 0.2
2171, 0.0
2172, -0.2
2173, 0.1
2174, 0.3
2175, -0.1
2176, 0.1
2177, 0.3
2178, 0.3
2179, 0.2
2180, -0.1
2181, 0.1
2182, 0.0
2183, 0.3
2184, 0.1
2185, 0.3
2186, -0.1
2187, -0.1
2188, 0.0
2189, -0.4
2190, -0.2
2191, 0.1
2192, 0.2
2193, 0.1
2194, 0.2
2195, -0.1
2196, 0.3
2197, 0.0
2198, 0.2
2199, 0.2
2200, -0.2
2201, 0.1
2202, -0.3
2203, 0.1
2204, 0.1
2205, 0.0
2206, 0.4
2207, -0.1
2208, 0.0
2209, -0.2
2210, 0.1
2211, 0.3
2212, 0.0
2213, 0.3
2214, 0.1
2215, -0.1
2216, 0.1
2217, 0.0
2218, -0.1
2219, -0.1
2220, 0.1
2221, -0.1
2222, -0.1
2223, 0.2
2224, -0.6
2225, 0.2
2226, -0.2
2227, -0.1
2228, 0.2
2229, 0.0
2230, 0.1
2231, 0.3
2232, 0.1
2233, 0.1
2234, -0.2
2235, 0.4
2236, 0.0
2237, 0.3
2238, -0.2
2239, 0.3
2240, -0.1
2241, 0.2
2242, -0.3
2243, 0.5
2244, -0.1
2245, -0.2
2246, -0.1
2247, 0.2
2248, -0.2
2249, 0.1
2250, 0.1
2251, 0.2
2252, 0.2
2253, -0.2
2254, 0.2
2255, 0.5
2256, 0.2
2257, 0.0
2258, -0.1
2259, 0.0
2260, -0.2
2261, -0.2
2262, 0.1
2263, 0.1
2264, 0.3
2265, 0.4
2266, 0.2
2267, -0.1
2268, -0.1
2269, -0.4
2270, -0.4
2271, -0.4
2272, -0.3
2273, -0.2
2274, 0.1
2275, 0.1
2276, 0.2
2277, -0.1
2278, 0.0
2279, 0.0
2280, 0.1
2281, -0.2
2282, 0.0
2283, -0.3
2284, 0.1
2285, 0.1
2286, 0.3
2287, 0.3
2288, 0.0
2289, 0.0
2290, 0.1
2291, -0.3
2292, -0.1
2293, 0.0
2294, -0.1
2295, -0.1
2296, 0.4
2297, 0.2
2298, 0.2
2299, 0.0
2300, -0.2
2301, 0.0
2302, 0.0
2303, -0.4
2304, 0.3
2305, 0.3
2306, 0.2
2307, 0.1
2308, -0.1
2309, 0.3
2310, 0.4
2311, 0.3
2312, 0.0
2313, 0.2
2314, -0.5
2315, -0.3
2316, 0.3
2317, -0.2
2318, 0.0
2319, 0.2
2320, 0.0
2321, 0.0
2322, 0.2
2323, 0.0
2324, -0.6
2325, -0.1
2326, 0.3
2327, 0.1
2328, 0.2
2329, 0.0
2330, -0.1
2331, 0.0
2332, -0.3
2333, 0.0
2334, 0.0
2335, -0.1
2336, 0.3
2337, -0.1
2338, 0.3
2339, 0.1
2340, -0.1
2341, 0.1
2342, 0.0
2343, -0.1
2344, -0.3
2345, -0.1
2346, -0.2
2347, -0.2
2348, -0.1
2349, -0.1
2350, -0.2
2351, -0.1
2352, 0.2
2353, 0.2
2354, 0.1
2355, 0.3
2356, 0.0
2357, 0.1
2358, 0.2
2359, -0.2
2360, 0.3
2361, 0.1
2362, 0.1
2363, 0.1
2364, 0.1
2365, -0.1
2366, 0.1
2367, -0.1
2368, 0.0
2369, 0.2
2370, -0.2
2371, 0.1
2372, -0.1
2373, 0.2
2374, 0.1
2375, 0.1
2376, 0.1
2377, -0.4
2378, 0.0
2379, 0.1
2380, 0.0
2381, -0.5
2382, 0.1
2383, 0.0
2384, -0.2
2385, 0.1
2386, -0.2
2387, -0.2
2388, 0.0
2389, 0.2
2390, 0.3
2391, 0.2
2392, -0.1
2393, -0.4
2394, 0.1
2395, 0.2
2396, 0.0
2397, -0.7
2398, -0.4
2399, -0.3
2400, 0.2
2401, 0.3
2402, 0.1
2403, 0.3
2404, 0.1
2405, 0.0
2406, 0.0
2407, 0.2
2408, 0.4
2409, 0.0
2410, -0.1
2411, 0.0
2412, -0.4
2413, 0.2
2414, 0.0
2415, 0.1
2416, 0.0
2417, 0.2
2418, -0.3
2419, -0.1
2420, 0.3
2421, 0.1
2422, 0.2
2423, -0.3
2424, 0.3
2425, 0.0
2426, -0.1
2427, 0.1
2428, 0.3
2429, -0.2
2430, 0.0
2431, 0.0
2432, -0.6
2433, -0.2
2434, -0.1
2435, 0.0
2436, 0.2
2437, 0.3
2438, -0.3
2439, 0.2
2440, 0.2
2441, 0.0
2442, -0.2
2443, 0.1
2444, -0.1
2445, -0.5
2446, -0.2
2447, -0.3
2448, 0.3
2449, -0.3
2450, 0.3
2451, -0.1
2452, -0.3
2453, -0.3
2454, 0.0
2455, 0.0
2456, 0.2
2457, 0.2
2458, -0.1
2459, 0.2
2460, -0.1
2461, 0.0
2462, 0.0
2463, 0.2
2464, 0.1
2465, 0.2
2466, 0.1
2467, -0.1
2468, 0.2
2469, -0.3
2470, -0.2
2471, -0.1
2472, 0.0
2473, 0.1
2474, -0.6
2475, 0.0
2476, -0.1
2477, 0.2
2478, 0.3
2479, -0.4
2480, 0.2
2481, -0.4
2482, 0.4
2483, 0.1
2484, 0.0
2485, 0.3
2486, -0.1
2487, 0.1
2488, 0.2
2489, -0.2
2490, 0.1
2491, -0.2
2492, 0.2
2493, 0.3
2494, 0.4
2495, -0.1
2496, -0.1
2497, 0.0
2498, -0.2
2499, -0.1
2500, 0.0
2501, 0.2
2502, -0.1
2503, -0.2
2504, 0.2
2505, -0.4
2506, 0.1
2507, -0.1
2508, -0.3
2509, 0.1
2510, 0.3
2511, 0.3
2512, 0.3
2513, -0.4
2514, 0.1
2515, 0.0
2516, 0.2
2517, 0.1
2518, 0.0
2519, -0.2
2520, -0.3
2521, 0.2
2522, 0.0
2523, -0.1
2524, -0.3
2525, -0.3
2526, -0.1
2527, 0.2
2528, -0.1
2529, 0.1
2530, 0.0
2531, 0.2
2532, -0.2
2533, -0.4
2534, 0.2
2535, -0.3
2536, 0.4
2537, 0.2
2538, -0.1
2539, -0.3
2540, 0.2
2541, 0.2
2542, 0.0
2543, -0.1
2544, 0.0
2545, 0.1
2546, -0.2
2547, -0.4
2548, 0.0
2549, -0.3
2550, 0.1
2551, 0.2
2552, 0.3
2553, 0.0
2554, 0.1
2555, 0.3
2556, -0.4
2557, 0.1
2558, 0.1
2559, 0.3
2560, 0.4
2561, 0.0
2562, -0.4
2563, 0.2
2564, 0.3
2565, 0.3
2566, 0.2
2567, 0.0
2568, -0.3
2569, 0.0
2570, -0.4
2571, -0.4
2572, 0.0
2573, 0.2
2574, 0.1
2575, 0.1
2576, 0.1
2577, 0.4
2578, 0.2
2579, -0.1
2580, -0.1
2581, 0.1
2582, -0.3
2583, -0.1
2584, 0.3
2585, 0.0
2586, 0.1
2587, 0.1
2588, -0.3
2589, -0.1
2590, -0.2
2591, -0.2
2592, 0.2
2593, 0.0
2594, 0.0
2595, 0.0
2596, 0.2
2597, 0.0
2598, -0.3
2599, -0.5
2600, -0.2
2601, -0.1
2602, -0.1
2603, 0.3
2604, 0.3
2605, -0.1
2606, 0.3
2607, -0.2
2608, 0.1
2609, -0.3
2610, 0.0
2611, -0.2
2612, -0.2
2613, 0.0
2614, 0.1
2615, 0.0
2616, 0.1
2617, 0.1
2618, 0.1
2619, -0.2
2620, 0.0
2621, 0.0
2622, -0.2
2623, -0.3
2624, -0.1
2625, 0.3
2626, 0.3
2627, 0.1
2628, -0.2
2629, 0.3
2630, 0.1
2631, 0.1
2632, 0.0
2633, -0.3
2634, 0.0
2635, 0.1
2636, -0.4
2637, 0.3
2638, 0.1
2639, -0.1
2640, -0.1
2641, 0.1
2642, -0.1
2643, -0.1
2644, 0.2
2645, 0.1
2646, 0.4
2647, -0.2
2648, 0.3
2649, 0.0
2650, -0.4
2651, 0.0
2652, 0.3
2653, 0.5
2654, 0.2
2655, -0.2
2656, -0.3
2657, 0.0
2658, 0.2
2659, -0.3
2660, 0.0
2661, -0.2
2662, -0.1
2663, 0.3
2664, -0.3
2665, -0.1
2666, 0.5
2667, 0.0
2668, -0.2
2669, -0.1
2670, 0.2
2671, 0.5
2672, 0.4
2673, -0.1
2674, 0.1
2675, 0.2
2676, 0.0
2677, -0.4
2678, 0.0
2679, -0.1
2680, -0.2
2681, 0.1
2682, -0.2
2683, 0.1
2684, 0.1
2685, -0.4
2686, 0.1
2687, 0.1
2688, 0.2
2689, -0.1
2690, 0.0
2691, 0.2
2692, 0.4
2693, -0.3
2694, -0.2
2695, -0.1
2696, 0.0
2697, -0.1
2698, -0.1
2699, 0.1
2700, 0.0
2701, -0.2
2702, -0.3
2703, 0.0
2704, 0.2
2705, -0.1
2706, -0.1
2707, 0.4
2708, 0.0
2709, 0.0
2710, -0.1
2711, 0.0
2712, -0.4
2713, 0.3
2714, 0.1
2715, 0.0
2716, 0.3
2717, 0.1
2718, 0.3
2719, -0.2
2720, -0.1
2721, -0.2
2722, 0.5
2723, 0.4
2724, 0.1
2725, 0.1
2726, -0.1
2727, -0.1
2728, -0.4
2729, 0.4
2730, 0.3
2731, 0.2
2732, -0.3
2733, 0.1
2734, 0.3
2735, 0.2
2736, -0.2
2737, -0.2
2738, 0.1
2739, -0.1
2740, 0.1
2741, 0.2
2742, 0.1
2743, 0.1
2744, -0.2
2745, 0.0
2746, -0.1
2747, 0.2
2748, 0.1
2749, -0.4
2750, -0.1
2751, 0.0
2752, -0.1
2753, -0.1
2754, -0.1
2755, 0.1
2756, -0.1
2757, -0.2
2758, 0.1
2759, -0.5
2760, 0.2
2761, -0.2
2762, 0.2
2763, 0.3
2764, 0.2
2765, -0.1
2766, 0.0
2767, 0.3
2768, 0.3
2769, 0.2
2770, 0.0
2771, 0.2
2772, 0.2
2773, -0.1
2774, 0.1
2775, -0.5
2776, -0.4
2777, 0.1
2778, -0.6
2779, -0.1
2780, 0.3
2781, 0.1
2782, -0.2
2783, -0.2
2784, -0.2
2785, 0.3
2786, -0.2
2787, 0.2
2788, -0.1
2789, -0.2
2790, 0.1
2791, 0.5
2792, -0.2
2793, -0.1
2794, -0.5
2795, 0.1
2796, 0.2
2797, 0.1
2798, 0.2
2799, -0.3
2800, -0.4
2801, 0.0
2802, -0.3
2803, 0.0
2804, 0.0
2805, 0.2
2806, -0.1
2807, -0.1
2808, 0.5
2809, 0.1
2810, -0.1
2811, -0.4
2812, 0.1
2813, -0.1
2814, -0.1
2815, 0.1
2816, 0.3
2817, 0.1
2818, 0.4
2819, 0.3
2820, 0.1
2821, 0.3
2822, -0.3
2823, 0.1
2824, -0.1
2825, 0.0
2826, 0.1
2827, 0.0
2828, -0.2
2829, -0.1
2830, -0.2
2831, 0.1
2832, 0.1
2833, -0.3
2834, 0.1
2835, 0.0
2836, 0.2
2837, 0.0
2838, 0.3
2839, -0.1
2840, -0.3
2841, -0.1
2842, 0.4
2843, -0.1
2844, 0.4
2845, -0.1
2846, 0.0
2847, 0.1
2848, -0.2
2849, -0.5
2850, 0.2
2851, 0.2
2852, -0.2
2853, 0.4
2854, 0.1
2855, 0.5
2856, -0.3
2857, -0.1
2858, 0.1
2859, -0.3
2860, 0.0
2861, 0.3
2862, 0.2
2863, 0.0
2864, 0.5
2865, -0.3
2866, 0.1
2867, 0.0
2868, -0.6
2869, -0.2
2870, -0.1
2871, 0.4
2872, -0.4
2873, 0.3
2874, -0.4
2875, -0.2
2876, -0.4
2877, 0.1
2878, 0.3
2879, 0.2
2880, 0.1
2881, -0.1
2882, 0.3
2883, -0.1
2884, -0.1
2885, 0.3
2886, 0.0
2887, 0.2
2888, 0.1
2889, 0.1
2890, -0.3
2891, 0.1
2892, 0.1
2893, -0.2
2894, -0.2
2895, 0.0
2896, 0.0
2897, 0.3
2898, -0.1
2899, 0.4
2900, -0.2
2901, 0.1
2902, 0.1
2903, 0.3
2904, 0.2
2905, 0.3
2906, -0.3
2907, 0.1
2908, -0.4
2909, -0.1
2910, -0.1
2911, 0.2
2912, 0.0
2913, -0.1
2914, -0.1
2915, 0.1
2916, -0.2
2917, 0.2
2918, 0.2
2919, -0.1
2920, 0.1
2921, -0.1
2922, 0.3
2923, 0.2
2924, 0.2
2925, 0.0
2926, -0.4
2927, -0.1
2928, -0.4
2929, -0.3
2930, 0.2
2931, -0.1
2932, -0.3
2933, -0.1
2934, 0.0
2935, 0.0
2936, -0.4
2937, -0.3
2938, 0.2
2939, -0.2
2940, 0.0
2941, 0.2
2942, 0.2
2943, 0.1
2944, -0.1
2945, -0.1
2946, -0.1
2947, -0.4
2948, 0.1
2949, -0.1
2950, 0.2
2951, -0.2
2952, -0.2
2953, -0.1
2954, 0.0
2955, 0.4
2956, -0.1
2957, -0.4
2958, -0.4
2959, 0.2
2960, -0.3
2961, 0.1
2962, 0.0
2963, 0.3
2964, -0.2
2965, -0.2
2966, 0.1
2967, -0.2
2968, -0.2
2969, -0.4
2970, -0.3
2971, 0.1
2972, 0.2
2973, -0.3
2974, 0.0
2975, 0.2
2976, 0.2
2977, 0.1
2978, 0.4
2979, -0.3
2980, 0.1
2981, 0.1
2982, -0.2
2983, 0.0
2984, -0.4
2985, 0.2
2986, 0.2
2987, 0.1
2988, 0.2
2989, -0.2
2990, 0.3
2991, -0.4
2992, 0.1
2993, -0.1
2994, -0.2
2995, 0.0
2996, 0.3
2997, 0.3
2998, 0.2
2999, -0.3
3000, -0.1
3001, -0.3
3002, 0.3
3003, 0.1
3004, 0.3
3005, -0.1
3006, 0.1
3007, -0.1
3008, 0.0
3009, 0.1
3010, 0.0
3011, -0.1
3012, 0.1
3013, -0.2
3014, 0.3
3015, 0.3
3016, -0.1
3017, 0.0
3018, 0.0
3019, 0.1
3020, -0.5
3021, -0.1
3022, -0.1
3023, 0.2
3024, 0.1
3025, 0.3
3026, 0.1
3027, -0.1
3028, -0.2
3029, 0.5
3030, 0.0
3031, 0.0
3032, -0.3
3033, 0.2
3034, -0.1
3035, 0.1
3036, -0.2
3037, 0.0
3038, -0.1
3039, 0.0
3040, 0.3
3041, 0.0
3042, -0.4
3043, 0.1
3044, 0.5
3045, -0.3
3046, 0.2
3047, -0.3
3048, -0.2
3049, 0.1
3050, -0.5
3051, 0.1
3052, 0.3
3053, -0.1
3054, -0.2
3055, 0.4
3056, 0.0
3057, -0.2
3058, 0.2
3059, -0.1
3060, 0.5
3061, -0.3
3062, -0.1
3063, 0.0
3064, 0.4
3065, -0.2
3066, -0.3
3067, 0.0
3068, 0.4
3069, 0.0
3070, 0.0
3071, -0.1
3072, 0.2
3073, 0.3
3074, 0.0
3075, 0.2
3076, 0.0
3077, 0.1
3078, 0.1
3079, -0.3
3080, 0.0
3081, 0.3
3082, 0.1
3083, 0.3
3084, 0.0
3085, 0.0
3086, 0.1
3087, -0.5
3088, 0.3
3089, -0.1
3090, 0.0
3091, 0.4
3092, 0.2
3093, 0.0
3094, 0.2
3095, 0.3
3096, 0.1
3097, 0.2
3098, 0.2
3099, -0.1
3100, 0.0
3101, 0.0
3102, -0.1
3103, 0.0
3104, -0.1
3105, -0.4
3106, -0.4
3107, 0.1
3108, 0.0
3109, 0.1
3110, 0.0
3111, 0.1
3112, 0.0
3113, 0.0
3114, 0.3
3115, 0.1
3116, 0.2
3117, 0.1
3118, -0.2
3119, 0.2
3120, 0.1
3121, 0.1
3122, 0.1
3123, 0.1
3124, -0.3
3125, 0.4
3126, 0.0
3127, -0.2
3128, 0.1
3129, 0.0
3130, 0.4
3131, -0.2
3132, 0.1
3133, 0.0
3134, 0.1
3135, -0.2
3136, 0.2
3137, -0.1
3138, 0.1
3139, -0.4
3140, -0.6
3141, 0.1
3142, 0.1
3143, -0.1
3144, 0.4
3145, -0.3
3146, -0.2
3147, -0.4
3148, -0.1
3149, -0.2
3150, 0.0
3151, -0.3
3152, 0.2
3153, -0.2
3154, 0.2
3155, -0.2
3156, 0.1
3157, -0.4
3158, 0.1
3159, 0.2
3160, -0.1
3161, 0.0
3162, -0.2
3163, 0.1
3164, 0.3
3165, 0.1
3166, -0.1
3167, 0.1
3168, -0.1
3169, 0.1
3170, -0.1
3171, 0.0
3172, 0.3
3173, 0.0
3174, 0.1
3175, -0.2
3176, 0.1
3177, -0.2
3178, 0.1
3179, -0.2
3180, -0.5
3181, -0.2
3182, -0.1
3183, 0.0
3184, -0.2
3185, -0.3
3186, 0.1
3187, 0.3
3188, 0.0
3189, 0.2
3190, 0.1
3191, 0.3
3192, 0.3
3193, -0.3
3194, 0.2
3195, -0.1
3196, 0.0
3197, -0.1
3198, -0.3
3199, 0.1
3200, -0.1
3201, 0.0
3202, 0.2
3203, -0.2
3204, -0.2
3205, 0.5
3206, -0.3
3207, 0.1
3208, 0.4
3209, 0.2
3210, -0.1
3211, -0.4
3212, 0.1
3213, -0.2
3214, 0.1
3215, 0.2
3216, -0.2
3217, 0.2
3218, -0.1
3219, -0.1
3220, -0.3
3221, 0.2
3222, -0.4
3223, 0.3
3224, 0.4
3225, -0.1
3226, -0.1
3227, 0.4
3228, -0.4
3229, -0.2
3230, -0.1
3231, 0.1
3232, -0.1
3233, -0.4
3234, -0.1
3235, 0.0
3236, -0.3
3237, -0.3
3238, 0.3
3239, 0.1
3240, -0.4
3241, -0.1
3242, -0.2
3243, 0.3
3244, 0.2
3245, -0.2
3246, -0.2
3247, -0.3
3248, 0.1
3249, -0.1
3250, 0.1
3251, 0.3
3252, -0.1
3253, 0.1
3254, -0.2
3255, -0.2
3256, 0.0
3257, 0.2
3258, -0.1
3259, -0.1
3260, 0.1
3261, -0.4
3262, 0.3
3263, -0.6
3264, -0.1
3265, -0.4
3266, 0.5
3267, 0.0
3268, 0.1
3269, -0.4
3270, 0.0
3271, 0.0
3272, -0.3
3273, 0.1
3274, 0.1
3275, 0.3
3276, -0.2
3277, -0.4
3278, 0.1
3279, 0.1
3280, -0.3
3281, -0.2
3282, -0.1
3283, 0.1
3284, -0.1
3285, 0.2
3286, 0.2
3287, 0.1
3288, 0.0
3289, 0.1
3290, 0.1
3291, 0.1
3292, 0.2
3293, -0.2
3294, -0.3
3295, 0.1
3296, 0.3
3297, -0.1
3298, -0.2
3299, 0.1
3300, 0.0
3301, -0.1
3302, 0.3
3303, 0.1
3304, -0.4
3305, -0.2
3306, 0.2
3307, 0.2
3308, 0.1
3309, 0.1
3310, 0.2
3311, -0.5
3312, 0.0
3313, 0.0
3314, 0.0
3315, -0.1
3316, 0.1
3317, 0.0
3318, -0.3
3319, 0.5
3320, 0.4
3321, 0.2
3322, -0.2
3323, 0.0
3324, -0.1
3325, -0.2
3326, 0.0
3327, 0.3
3328, 0.1
3329, 0.0
3330, -0.4
3331, -0.1
3332, -0.1
3333, -0.3
3334, -0.1
3335, 0.3
3336, 0.2
3337, -0.1
3338, 0.3
3339, -0.1
3340, -0.2
3341, -0.5
3342, 0.1
3343, 0.0
3344, 0.0
3345, -0.2
3346, 0.1
3347, 0.2
3348, -0.1
3349, -0.3
3350, -0.1
3351, 0.1
3352, -0.1
3353, -0.1
3354, 0.1
3355, 0.1
3356, 0.0
3357, 0.0
3358, 0.0
3359, 0.3
3360, 0.5
3361, 0.4
3362, -0.2
3363, -0.2
3364, 0.2
3365, -0.3
3366, -0.4
3367, -0.3
3368, 0.1
3369, 0.2
3370, 0.0
3371, 0.4
3372, 0.3
3373, 0.3
3374, 0.1
3375, -0.1
3376, -0.4
3377, 0.2
3378, -0.3
3379, 0.2
3380, 0.2
3381, 0.2
3382, 0.0
3383, -0.2
3384, 0.4
3385, 0.2
3386, -0.2
3387, 0.4
3388, -0.1
3389, 0.2
3390, 0.2
3391, 0.0
3392, 0.1
3393, 0.2
3394, -0.2
3395, -0.2
3396, 0.3
3397, -0.2
3398, -0.2
3399, 0.0
3400, 0.2
3401, 0.2
3402, -0.4
3403, 0.1
3404, -0.1
3405, 0.1
3406, -0.1
3407, 0.0
3408, 0.3
3409, -0.2
3410, 0.2
3411, -0.3
3412, 0.4
3413, 0.0
3414, -0.1
3415, -0.2
3416, 0.0
3417, 0.2
3418, 0.1
3419, -0.2
3420, 0.1
3421, -0.5
3422, -0.4
3423, 0.2
3424, 0.1
3425, 0.3
3426, -0.1
3427, -0.1
3428, 0.3
3429, -0.4
3430, -0.2
3431, 0.3
3432, 0.2
3433, 0.1
3434, 0.5
3435, -0.2
3436, -0.2
3437, -0.3
3438, -0.2
3439, 0.2
3440, 0.4
3441, 0.4
3442, 0.2
3443, 0.0
3444, 0.0
3445, 0.2
3446, -0.3
3447, 0.1
3448, -0.1
3449, 0.1
3450, 0.3
3451, 0.3
3452, 0.3
3453, 0.0
3454, 0.1
3455, -0.1
3456, 0.4
3457, 0.4
3458, -0.3
3459, 0.1
3460, -0.2
3461, 0.1
3462, -0.1
3463, -0.3
3464, -0.2
3465, 0.2
3466, -0.4
3467, -0.2
3468, 0.0
3469, -0.1
3470, -0.2
3471, 0.1
3472, 0.0
3473, -0.2
3474, -0.2
3475, 0.0
3476, 0.4
3477, -0.1
3478, -0.5
3479, 0.2
3480, 0.1
3481, -0.2
3482, 0.1
3483, -0.1
3484, -0.3
3485, 0.0
3486, -0.3
3487, -0.1
3488, 0.1
3489, 0.0
3490, -0.2
3491, 0.2
3492, 0.2
3493, 0.2
3494, -0.1
3495, 0.3
3496, 0.0
3497, -0.2
3498, 0.2
3499, -0.3
3500, -0.3
3501, -0.4
3502, 0.2
3503, 0.3
3504, -0.1
3505, 0.1
3506, 0.0
3507, -0.1
3508, -0.1
3509, 0.0
3510, -0.3
3511, 0.2
3512, 0.4
3513, 0.2
3514, 0.0
3515, 0.1
3516, 0.0
3517, -0.3
3518, 0.3
3519, -0.1
3520, 0.3
3521, -0.5
3522, -0.1
3523, 0.1
3524, -0.3
3525, -0.3
3526, 0.2
3527, 0.0
3528, -0.2
3529, 0.0
3530, 0.1
3531, -0.6
3532, 0.1
3533, 0.0
3534, -0.2
3535, -0.1
3536, -0.1
3537, -0.2
3538, -0.2
3539, 0.1
3540, 0.0
3541, 0.4
3542, 0.1
3543, -0.2
3544, 0.4
3545, 0.1
3546, 0.1
3547, 0.1
3548, 0.2
3549, -0.2
3550, 0.2
3551, 0.0
3552, 0.2
3553, -0.2
3554, -0.3
3555, -0.2
3556, 0.3
3557, 0.0
3558, 0.2
3559, 0.1
3560, 0.0
3561, 0.2
3562, -0.2
3563, 0.0
3564, 0.0
3565, -0.1
3566, 0.0
3567, -0.1
3568, 0.0
3569, 0.1
3570, 0.2
3571, 0.2
3572, -0.4
3573, 0.3
3574, -0.5
3575, 0.0
3576, 0.0
3577, -0.1
3578, 0.0
3579, -0.5
3580, -0.1
3581, 0.2
3582, 0.1
3583, -0.3
3584, 0.0
3585, 0.4
3586, 0.3
3587, 0.4
3588, -0.3
3589, 0.1
3590, -0.2
3591, -0.5
3592, 0.0
3593, -0.1
3594, -0.3
3595, -0.2
3596, 0.1
3597, -0.2
3598, 0.0
3599, 0.2
3600, -0.2
3601, 0.3
3602, 0.0
3603, -0.1
3604, 0.1
3605, 0.3
3606, 0.0
3607, 0.1
3608, 0.0
3609, -0.2
3610, -0.4
3611, 0.1
3612, 0.2
3613, 0.0
3614, 0.1
3615, 0.4
3616, -0.1
3617, 0.4
3618, 0.1
3619, -0.4
3620, 0.1
3621, 0.1
3622, 0.0
3623, -0.3
3624, 0.0
3625, -0.6
3626, -0.3
3627, 0.0
3628, 0.3
3629, 0.1
3630, 0.2
3631, -0.2
3632, -0.3
3633, 0.1
3634, 0.1
3635, 0.1
3636, 0.1
3637, 0.2
3638, -0.5
3639, 0.2
3640, 0.2
3641, 0.0
3642, 0.1
3643, -0.3
3644, -0.1
3645, 0.0
3646, 0.2
3647, 0.1
3648, 0.1
3649, 0.1
3650, -0.2
3651, 0.0
3652, 0.0
3653, 0.2
3654, 0.0
3655, 0.1
3656, 0.3
3657, 0.1
3658, -0.2
3659, 0.3
3660, 0.0
3661, -0.1
3662, 0.2
3663, -0.1
3664, 0.1
3665, 0.0
3666, -0.2
3667, -0.1
3668, 0.1
3669, -0.2
3670, -0.1
3671, -0.1
3672, -0.3
3673, -0.1
3674, 0.3
3675, 0.1
3676, 0.0
3677, 0.1
3678, 0.0
3679, 0.1
3680, 0.0
3681, 0.1
3682, -0.4
3683, 0.2
3684, 0.2
3685, 0.1
3686, -0.1
3687, 0.4
3688, 0.0
3689, 0.2
3690, 0.1
3691, 0.0
3692, 0.0
3693, -0.1
3694, 0.0
3695, -0.3
3696, 0.2
3697, -0.2
3698, -0.1
3699, -0.2
3700, 0.1
3701, 0.1
3702, 0.3
3703, -0.1
3704, -0.2
3705, -0.2
3706, 0.4
3707, -0.1
3708, -0.1
3709, -0.2
3710, -0.2
3711, -0.1
3712, 0.0
3713, 0.0
3714, -0.2
3715, 0.4
3716, 0.1
3717, -0.1
3718, 0.1
3719, 0.2
3720, 0.4
3721, 0.2
3722, 0.0
3723, -0.3
3724, 0.1
3725, 0.2
3726, -0.1
3727, 0.2
3728, 0.1
3729, 0.0
3730, -0.2
3731, -0.3
3732, 0.1
3733, 0.4
3734, 0.0
3735, 0.3
3736, -0.1
3737, 0.1
3738, -0.1
3739, -0.1
3740, 0.0
3741, -0.1
3742, -0.2
3743, -0.1
3744, 0.1
3745, -0.2
3746, -0.1
3747, 0.4
3748, -0.2
3749, 0.2
3750, -0.1
3751, -0.2
3752, 0.2
3753, 0.2
3754, 0.2
3755, 0.0
3756, -0.2
3757, 0.1
3758, -0.4
3759, 0.1
3760, 0.2
3761, 0.3
3762, -0.5
3763, -0.3
3764, 0.0
3765, -0.2
3766, 0.1
3767, -0.3
3768, 0.1
3769, -0.1
3770, 0.2
3771, -0.1
3772, 0.4
3773, -0.1
3774, 0.2
3775, 0.3
3776, -0.1
3777, -0.3
3778, 0.1
3779, 0.3
3780, -0.3
3781, -0.4
3782, -0.1
3783, 0.0
3784, 0.1
3785, 0.0
3786, 0.2
3787, -0.2
3788, 0.4
3789, 0.0
3790, 0.1
3791, -0.3
3792, -0.3
3793, 0.2
3794, 0.2
3795, -0.1
3796, 0.4
3797, 0.2
3798, 0.1
3799, 0.0
3800, -0.1
3801, -0.2
3802, 0.1
3803, 0.1
3804, 0.1
3805, -0.1
3806, 0.0
3807, -0.1
3808, -0.3
3809, 0.3
3810, 0.2
3811, 0.2
3812, 0.3
3813, 0.1
3814, -0.2
3815, 0.0
3816, 0.1
3817, 0.4
3818, -0.2
3819, 0.0
3820, -0.2
3821, 0.3
3822, 0.2
3823, -0.1
3824, -0.3
3825, 0.2
3826, 0.0
3827, 0.2
3828, 0.3
3829, 0.2
3830, -0.2
3831, 0.2
3832, 0.1
3833, -0.2
3834, 0.1
3835, 0.2
3836, 0.2
3837, 0.3
3838, -0.1
3839, -0.1
3840, -0.1
3841, 0.2
3842, 0.0
3843, -0.2
3844, 0.3
3845, 0.1
3846, 0.1
3847, 0.2
3848, 0.2
3849, 0.4
3850, -0.1
3851, -0.1
3852, -0.1
3853, 0.1
3854, 0.3
3855, 0.0
3856, 0.0
3857, 0.2
3858, 0.0
3859, 0.1
3860, -0.2
3861, 0.3
3862, -0.2
3863, -0.4
3864, 0.2
3865, -0.1
3866, -0.1
3867, 0.0
3868, -0.2
3869, 0.1
3870, -0.3
3871, -0.1
3872, 0.0
3873, -0.1
3874, 0.2
3875, -0.1
3876, 0.4
3877, 0.4
3878, -0.1
3879, -0.3
3880, 0.2
3881, -0.1
3882, 0.2
3883, -0.3
3884, -0.2
3885, 0.1
3886, 0.0
3887, 0.0
3888, 0.4
3889, 0.1
3890, -0.2
3891, -0.5
3892, 0.1
3893, 0.3
3894, 0.4
3895, 0.3
3896, 0.3
3897, 0.0
3898, -0.1
3899, 0.5
3900, 0.0
3901, -0.2
3902, 0.1
3903, 0.3
3904, -0.1
3905, -0.2
3906, -0.1
3907, 0.0
3908, 0.1
3909, 0.3
3910, 0.2
3911, 0.0
3912, 0.2
3913, 0.0
3914, -0.2
3915, -0.1
3916, 0.1
3917, 0.5
3918, 0.3
3919, 0.1
3920, 0.2
3921, 0.2
3922, -0.6
3923, -0.2
3924, -0.1
3925, -0.1
3926, 0.3
3927, -0.1
3928, 0.3
3929, -0.4
3930, -0.3
3931, 0.3
3932, 0.1
3933, 0.1
3934, -0.1
3935, 0.0
3936, -0.3
3937, -0.2
3938, 0.2
3939, 0.0
3940, -0.1
3941, 0.1
3942, -0.2
3943, 0.2
3944, 0.4
3945, 0.1
3946, 0.0
3947, 0.0
3948, -0.1
3949, 0.1
3950, -0.3
3951, -0.3
3952, 0.0
3953, -0.3
3954, 0.1
3955, 0.1
3956, -0.1
3957, -0.2
3958, -0.1
3959, -0.2
3960, -0.3
3961, -0.1
3962, -0.1
3963, 0.1
3964, 0.1
3965, 0.3
3966, 0.1
3967, -0.3
3968, 0.1
3969, 0.4
3970, -0.6
3971, 0.3
3972, 0.1
3973, 0.0
3974, -0.1
3975, -0.3
3976, 0.3
3977, -0.1
3978, -0.3
3979, -0.4
3980, -0.3
3981, 0.2
3982, -0.3
3983, 0.1
3984, -0.1
3985, 0.1
3986, -0.1
3987, -0.4
3988, -0.3
3989, 0.1
3990, -0.1
3991, 0.2
3992, -0.1
3993, -0.1
3994, 0.0
3995, -0.3
3996, -0.2
3997, 0.1
3998, 0.1
3999, -0.2
