0, 0.0
1, 0.0
2, -0.2
3, -0.6
4, 0.0
5, -0.2
6, 0.3
7, 0.1
8, -0.5
9, 0.2
10, 0.2
11, 0.2
12, 0.1
13, 0.0
14, -0.4
15, -0.2
16, 0.0
17, -0.1
18, 0.0
19, 0.2
20, 0.3
21, 0.3
22, 0.4
23, -0.2
24, 0.0
25, 0.0
26, -0.4
27, 0.2
28, -0.3
29, 0.2
30, 0.2
31, -0.1
32, -0.4
33, 0.3
34, -0.1
35, 0.2
36, 0.0
37, 0.5
38, 0.2
39, 0.0
40, 0.3
41, -0.2
42, -0.2
43, 0.1
44, -0.2
45, 0.0
46, 0.3
47, 0.2
48, 0.0
49, 0.1
50, 0.2
51, -0.2
52, -0.1
53, 0.2
54, -0.3
55, -0.6
56, -0.3
57, 0.0
58, 0.4
59, -0.3
60, 0.1
61, 0.1
62, 0.6
63, -0.5
64, 0.2
65, -0.4
66, -0.3
67, -0.1
68, -0.3
69, -0.4
70, 0.2
71, -0.4
72, 0.3
73, 0.3
74, -0.5
75, 0.1
76, 0.1
77, 0.4
78, 0.3
79, -0.4
80, -0.1
81, 0.0
82, -0.1
83, 0.3
84, 0.1
85, 0.2
86, 0.2
87, -0.3
88, -0.4
89, -0.6
90, -0.3
91, -0.3
92, -0.2
93, 0.0
94, -0.4
95, -0.3
96, 0.2
97, 0.2
98, 0.0
99, -0.1
100, 0.1
101, 0.0
102, 0.1
103, -0.3
104, -0.3
105, 0.1
106, 0.2
107, -0.1
108, 0.3
109, 0.4
110, 0.6
111, 0.2
112, -0.2
113, -0.1
114, 0.2
115, -0.2
116, 0.0
117, 0.0
118, 0.4
119, -0.5
120, 0.6
121, -0.3
122, -0.3
123, 0.1
124, -0.2
125, -0.1
126, 0.1
127, 0.1
128, 0.0
129, 0.3
130, 0.0
131, 0.4
132, 0.0
133, 0.0
134, 0.0
135, -0.1
136, 0.3
137, -0.4
138, -0.3
139, 0.0
140, -0.1
141, 0.3
142, -0.3
143, -0.3
144, -0.2
145, 0.1
146, -0.3
147, 0.0
148, -0.1
149, -0.1
150, -0.2
151, -0.2
152, 0.0
153, 0.5
154, -0.5
155, 0.1
156, -0.4
157, 0.3
158, 0.1
159, 0.1
160, -0.1
161, -0.2
162, 0.1
163, 0.1
164, -0.1
165, 0.0
166, 0.0
167, 0.1
168, 0.2
169, -0.2
170, -0.1
171, 0.3
172, 0.1
173, 0.2
174, -0.4
175, 0.2
176, 0.4
177, 0.0
178, 0.4
179, 0.2
180, 0.3
181, 0.1
182, -0.2
183, 0.0
184, 0.1
185, 0.1
186, 0.1
187, -0.2
188, 0.0
189, -0.2
190, 0.0
191, -0.3
192, 0.4
193, 0.1
194, 0.0
195, -0.1
196, -0.5
197, 0.1
198, 0.3
199, -0.4
200, -0.1
201, 0.2
202, 0.0
203, 0.2
204, -0.3
205, -0.2
206, 0.3
207, -0.3
208, 0.1
209, 0.0
210, 0.4
211, 0.1
212, 0.2
213, -0.1
214, 0.0
215, -0.3
216, 0.0
217, -0.1
218, 0.0
219, -0.2
220, -0.5
221, 0.2
222, 0.0
223, -0.2
224, 0.1
225, 0.5
226, 0.2
227, 0.0
228, 0.2
229, 0.0
230, 0.2
231, 0.2
232, -0.1
233, 0.5
234, -0.2
235, 0.2
236, -0.4
237, 0.1
238, 0.3
239, 0.1
240, 0.1
241, -0.2
242, 0.0
243, -0.1
244, 0.3
245, -0.3
246, -0.3
247, 0.1
248, -0.3
249, -0.2
250, 0.2
251, 0.3
252, -0.3
253, -0.1
254, -0.3
255, -0.2
256, 0.3
257, 0.2
258, 0.1
259, -0.2
260, 0.0
261, 0.1
262, -0.2
263, -0.1
264, 0.3
265, 0.0
266, -0.2
267, 0.2
268, 0.3
269, 0.3
270, -0.1
271, 0.0
272, 0.4
273, -0.1
274, 0.1
275, -0.2
276, 0.3
277, 0.0
278, 0.2
279, -0.3
280, 0.1
281, -0.3
282, 0.5
283, 0.1
284, 0.0
285, -0.1
286, 0.1
287, -0.3
288, 0.0
289, -0.4
290, 0.2
291, 0.5
292, 0.1
293, -0.1
294, 0.0
295, -0.4
296, -0.3
297, 0.1
298, -0.5
299, -0.1
300, -0.2
301, 0.1
302, 0.2
303, 0.4
304, 0.3
305, 0.0
306, -0.3
307, 0.0
308, -0.2
309, -0.2
310, -0.2
311, 0.1
312, -0.2
313, 0.4
314, -0.1
315, -0.6
316, 0.3
317, -0.1
318, -0.5
319, 0.1
320, 0.0
321, -0.1
322, 0.2
323, 0.1
324, 0.3
325, -0.1
326, 0.0
327, 0.4
328, -0.1
329, -0.1
330, 0.4
331, 0.3
332, -0.2
333, -0.1
334, 0.0
335, 0.3
336, 0.3
337, -0.1
338, 0.3
339, 0.0
340, -0.1
341, -0.5
342, -0.3
343, -0.4
344, -0.2
345, 0.2
346, -0.1
347, -0.2
348, 0.2
349, 0.2
350, 0.1
351, -0.4
352, 0.0
353, -0.2
354, 0.0
355, -0.1
356, 0.2
357, 0.4
358, -0.4
359, 0.1
360, 0.1
361, 0.3
362, 0.1
363, 0.2
364, 0.1
365, 0.2
366, 0.3
367, 0.3
368, 0.0
369, 0.1
370, 0.2
371, 0.0
372, 0.2
373, 0.1
374, 0.0
375, 0.1
376, 0.0
377, 0.4
378, 0.2
379, -0.2
380, -0.3
381, -0.1
382, -0.1
383, 0.1
384, 0.2
385, -0.3
386, 0.2
387, 0.0
388, 0.0
389, 0.2
390, 0.2
391, -0.4
392, 0.0
393, 0.2
394, -0.1
395, -0.6
396, 0.0
397, -0.2
398, 0.3
399, 0.1
400, -0.3
401, 0.0
402, -0.3
403, -0.3
404, 0.2
405, 0.1
406, 0.2
407, -0.2
408, 0.4
409, -0.2
410, 0.1
411, -0.1
412, -0.2
413, 0.2
414, -0.3
415, 0.3
416, -0.3
417, -0.1
418, -0.1
419, 0.0
420, 0.0
421, 0.0
422, 0.0
423, 0.0
424, 0.3
425, -0.1
426, 0.0
427, 0.2
428, 0.1
429, 0.1
430, 0.5
431, -0.1
432, -0.1
433, 0.0
434, -0.1
435, 0.1
436, -0.1
437, 0.0
438, 0.0
439, 0.0
440, -0.1
441, 0.4
442, 0.2
443, 0.3
444, -0.2
445, 0.2
446, 0.0
447, -0.5
448, 0.5
449, -0.3
450, -0.2
451, 0.0
452, -0.2
453, 0.4
454, -0.2
455, 0.4
456, 0.2
457, 0.3
458, -0.1
459, 0.2
460, -0.2
461, -0.4
462, 0.3
463, -0.1
464, -0.1
465, 0.2
466, -0.3
467, 0.0
468, 0.2
469, 0.0
470, -0.2
471, 0.1
472, 0.0
473, 0.2
474, 0.0
475, -0.1
476, 0.2
477, 0.0
478, 0.3
479, -0.2
480, 0.4
481, 0.3
482, -0.1
483, 0.0
484, -0.6
485, 0.0
486, 0.1
487, -0.2
488, 0.1
489, -0.1
490, -0.3
491, 0.0
492, 0.3
493, 0.0
494, 0.5
495, -0.3
496, 0.4
497, 0.0
498, -0.1
499, -0.2
500, 0.0
501, -0.1
502, 0.2
503, 0.1
504, 0.1
505, -0.4
506, 0.2
507, -0.1
508, -0.5
509, 0.0
510, -0.2
511, 0.0
512, -0.1
513, -0.1
514, -0.3
515, 0.4
516, -0.1
517, -0.2
518, 0.1
519, -0.2
520, 0.0
521, -0.1
522, -0.1
523, 0.1
524, 0.3
525, -0.2
526, 0.4
527, 0.0
528, 0.0
529, 0.1
530, -0.2
531, 0.3
532, 0.0
533, 0.0
534, 0.1
535, 0.0
536, 0.0
537, -0.1
538, 0.0
539, 0.0
540, 0.1
541, -0.1
542, 0.1
543, -0.1
544, 0.2
545, 0.2
546, -0.2
547, 0.1
548, 0.0
549, 0.2
550, 0.4
551, -0.3
552, -0.4
553, -0.1
554, -0.1
555, -0.1
556, -0.1
557, 0.2
558, -0.2
559, -0.1
560, -0.2
561, -0.3
562, -0.3
563, -0.1
564, -0.3
565, 0.1
566, -0.4
567, -0.2
568, -0.2
569, -0.2
570, 0.4
571, 0.0
572, 0.0
573, 0.3
574, -0.1
575, 0.4
576, -0.3
577, -0.1
578, 0.3
579, 0.2
580, 0.0
581, 0.6
582, 0.2
583, 0.0
584, 0.3
585, 0.3
586, 0.2
587, 0.4
588, 0.0
589, -0.2
590, 0.1
591, -0.3
592, 0.4
593, -0.5
594, 0.0
595, 0.0
596, -0.2
597, -0.2
598, 0.1
599, -0.1
600, -0.5
601, 0.5
602, -0.2
603, -0.1
604, -0.2
605, 0.1
606, 0.1
607, -0.6
608, 0.1
609, -0.2
610, 0.0
611, -0.4
612, 0.1
613, -0.2
614, 0.0
615, -0.3
616, 0.0
617, 0.1
618, -0.4
619, 0.0
620, 0.0
621, -0.7
622, 0.0
623, 0.2
624, 0.2
625, 0.2
626, 0.0
627, 0.1
628, 0.3
629, 0.3
630, 0.0
631, 0.2
632, 0.2
633, -0.1
634, 0.1
635, -0.2
636, -0.3
637, -0.1
638, 0.2
639, -0.2
640, -0.2
641, -0.2
642, 0.2
643, 0.0
644, -0.1
645, 0.0
646, 0.4
647, 0.0
648, 0.3
649, 0.0
650, -0.2
651, 0.2
652, -0.1
653, 0.1
654, -0.1
655, -0.2
656, 0.2
657, 0.1
658, 0.2
659, -0.5
660, -0.4
661, 0.3
662, -0.2
663, 0.2
664, 0.3
665, 0.0
666, -0.2
667, -0.1
668, 0.2
669, 0.4
670, 0.2
671, 0.5
672, -0.3
673, -0.2
674, 0.1
675, -0.2
676, 0.0
677, -0.2
678, -0.2
679, -0.1
680, 0.3
681, 0.3
682, 0.1
683, 0.3
684, 0.3
685, 0.1
686, 0.2
687, 0.0
688, 0.2
689, 0.1
690, 0.3
691, -0.3
692, -0.1
693, -0.1
694, 0.0
695, -0.1
696, 0.2
697, 0.1
698, 0.4
699, -0.1
700, 0.1
701, 0.1
702, 0.2
703, 0.1
704, -0.1
705, 0.3
706, -0.5
707, -0.1
708, -0.5
709, 0.1
710, -0.3
711, 0.5
712, -0.1
713, 0.0
714, 0.2
715, -0.3
716, 0.2
717, 0.2
718, -0.1
719, 0.2
720, 0.3
721, 0.1
722, 0.2
723, 0.3
724, 0.0
725, 0.3
726, -0.3
727, 0.3
728, 0.1
729, 0.3
730, 0.0
731, 0.1
732, -0.1
733, -0.3
734, -0.3
735, -0.2
736, 0.2
737, 0.2
738, -0.2
739, 0.0
740, 0.2
741, -0.1
742, 0.0
743, -0.1
744, -0.3
745, 0.3
746, -0.2
747, -0.5
748, 0.1
749, -0.1
750, 0.1
751, -0.3
752, 0.4
753, 0.1
754, 0.0
755, 0.5
756, -0.1
757, 0.1
758, -0.4
759, -0.4
760, 0.3
761, -0.2
762, 0.0
763, 0.1
764, -0.2
765, -0.2
766, 0.3
767, 0.0
768, 0.2
769, -0.2
770, 0.1
771, -0.3
772, -0.1
773, 0.1
774, 0.0
775, -0.2
776, 0.2
777, -0.4
778, 0.3
779, 0.1
780, -0.4
781, 0.0
782, -0.5
783, 0.0
784, -0.2
785, -0.1
786, 0.0
787, 0.1
788, -0.2
789, 0.1
790, 0.3
791, -0.1
792, 0.2
793, -0.2
794, -0.1
795, 0.0
796, -0.3
797, 0.2
798, 0.3
799, 0.0
800, 0.3
801, -0.1
802, -0.3
803, 0.2
804, -0.1
805, 0.4
806, -0.2
807, -0.2
808, -0.5
809, 0.1
810, -0.2
811, 0.2
812, 0.0
813, 0.0
814, -0.2
815, 0.0
816, 0.4
817, 0.0
818, 0.3
819, 0.4
820, -0.1
821, 0.0
822, 0.0
823, 0.1
824, 0.1
825, 0.2
826, -0.1
827, 0.0
828, -0.4
829, -0.1
830, -0.1
831, 0.0
832, 0.1
833, -0.2
834, 0.3
835, 0.3
836, -0.1
837, 0.1
838, 0.0
839, -0.2
840, 0.0
841, 0.2
842, 0.1
843, -0.1
844, -0.6
845, -0.1
846, -0.1
847, 0.2
848, -0.1
849, -0.1
850, -0.2
851, -0.1
852, 0.1
853, -0.1
854, 0.2
855, 0.0
856, -0.1
857, 0.2
858, 0.1
859, 0.0
860, 0.0
861, -0.2
862, 0.3
863, -0.2
864, 0.1
865, -0.6
866, 0.0
867, 0.4
868, 0.4
869, 0.0
870, 0.2
871, -0.1
872, 0.1
873, 0.0
874, -0.1
875, 0.2
876, 0.0
877, -0.2
878, -0.1
879, -0.2
880, -0.2
881, 0.2
882, -0.2
883, -0.3
884, -0.3
885, -0.3
886, -0.4
887, 0.4
888, -0.1
889, 0.2
890, 0.3
891, 0.4
892, -0.1
893, 0.2
894, -0.3
895, -0.1
896, -0.4
897, 0.3
898, 0.1
899, 0.0
900, -0.1
901, 0.5
902, -0.2
903, -0.1
904, 0.0
905, 0.0
906, -0.1
907, 0.2
908, 0.0
909, -0.1
910, -0.4
911, 0.2
912, 0.2
913, -0.1
914, 0.1
915, 0.0
916, -0.1
917, -0.1
918, -0.4
919, 0.0
920, 0.0
921, -0.6
922, 0.0
923, -0.2
924, 0.1
925, -0.2
926, -0.2
927, 0.1
928, -0.3
929, 0.2
930, 0.3
931, -0.4
932, -0.1
933, 0.0
934, 0.4
935, -0.1
936, 0.0
937, -0.1
938, 0.2
939, -0.1
940, -0.3
941, 0.3
942, 0.1
943, 0.1
944, -0.1
945, 0.0
946, 0.2
947, 0.2
948, 0.2
949, -0.1
950, 0.1
951, 0.3
952, 0.1
953, 0.5
954, 0.0
955, 0.3
956, 0.0
957, -0.2
958, 0.2
959, 0.2
960, 0.0
961, 0.0
962, 0.1
963, 0.2
964, 0.1
965, 0.1
966, 0.1
967, 0.3
968, 0.0
969, 0.1
970, 0.1
971, -0.1
972, 0.1
973, 0.3
974, -0.2
975, 0.2
976, -0.2
977, -0.3
978, 0.0
979, -0.1
980, 0.1
981, -0.2
982, -0.2
983, 0.0
984, 0.1
985, -0.1
986, -0.1
987, 0.1
988, 0.0
989, 0.0
990, 0.3
991, -0.1
992, -0.1
993, -0.2
994, 0.1
995, 0.2
996, 0.1
997, -0.2
998, -0.2
999, -0.3
1000, 0.3
1001, -0.4
1002, -0.2
1003, -0.1
1004, 0.2
1005, 0.0
1006, -0.2
1007, -0.2
1008, 0.4
1009, -0.1
1010, -0.2
1011, -0.1
1012, 0.0
1013, 0.2
1014, 0.0
1015, 0.0
1016, 0.1
1017, 0.2
1018, 0.2
1019, 0.4
1020, 0.3
1021, 0.3
1022, 0.1
1023, -0.1
1024, -0.1
1025, 0.1
1026, 0.2
1027, 0.1
1028, 0.1
1029, 0.2
1030, -0.2
1031, -0.1
1032, 0.3
1033, 0.4
1034, 0.1
1035, 0.2
1036, -0.2
1037, 0.0
1038, 0.0
1039, 0.1
1040, 0.2
1041, -0.1
1042, 0.0
1043, -0.5
1044, 0.0
1045, -0.3
1046, 0.3
1047, -0.1
1048, 0.2
1049, -0.3
1050, 0.0
1051, -0.3
1052, 0.3
1053, 0.3
1054, 0.0
1055, 0.4
1056, -0.2
1057, 0.1
1058, 0.2
1059, 0.0
1060, 0.1
1061, 0.3
1062, 0.1
1063, -0.2
1064, -0.4
1065, 0.3
1066, 0.2
1067, 0.0
1068, 0.2
1069, 0.0
1070, 0.1
1071, -0.2
1072, -0.5
1073, 0.4
1074, 0.3
1075, -0.3
1076, -0.2
1077, 0.2
1078, -0.1
1079, 0.2
1080, 0.0
1081, -0.4
1082, 0.0
1083, -0.1
1084, 0.0
1085, 0.0
1086, 0.2
1087, 0.2
1088, 0.1
1089, -0.1
1090, 0.4
1091, -0.1
1092, 0.4
1093, 0.1
1094, -0.1
1095, -0.2
1096, -0.2
1097, 0.1
1098, 0.2
1099, -0.1
1100, 0.3
1101, 0.2
1102, 0.3
1103, 0.1
1104, -0.4
1105, 0.0
1106, 0.0
1107, 0.0
1108, -0.1
1109, 0.1
1110, 0.0
1111, 0.2
1112, 0.0
1113, 0.3
1114, 0.1
1115, 0.4
1116, 0.3
1117, 0.1
1118, 0.1
1119, -0.2
1120, 0.2
1121, -0.2
1122, -0.4
1123, 0.2
1124, 0.1
1125, 0.0
1126, 0.3
1127, -0.2
1128, -0.1
1129, 0.0
1130, -0.1
1131, -0.5
1132, 0.2
1133, -0.2
1134, 0.4
1135, -0.1
1136, -0.1
1137, 0.1
1138, 0.0
1139, 0.1
1140, 0.0
1141, -0.1
1142, 0.4
1143, -0.2
1144, 0.5
1145, 0.0
1146, 0.0
1147, 0.3
1148, 0.1
1149, 0.2
1150, -0.6
1151, -0.3
1152, -0.4
1153, 0.1
1154, 0.0
1155, -0.2
1156, -0.4
1157, 0.0
1158, 0.2
1159, 0.2
1160, 0.1
1161, -0.1
1162, 0.3
1163, 0.3
1164, -0.3
1165, -0.4
1166, -0.1
1167, -0.3
1168, 0.2
1169, -0.2
1170, -0.1
1171, -0.2
1172, -0.1
1173, 0.2
1174, -0.2
1175, 0.1
1176, -0.1
1177, 0.2
1178, 0.2
1179, 0.0
1180, -0.1
1181, 0.0
1182, 0.1
1183, -0.6
1184, 0.2
1185, 0.3
1186, 0.2
1187, -0.1
1188, -0.2
1189, 0.0
1190, 0.0
1191, 0.2
1192, -0.2
1193, 0.0
1194, -0.1
1195, 0.0
1196, 0.1
1197, -0.2
1198, -0.4
1199, -0.1
1200, 0.0
1201, -0.4
1202, 0.2
1203, -0.4
1204, -0.2
1205, -0.2
1206, 0.0
1207, 0.1
1208, -0.2
1209, 0.4
1210, 0.2
1211, 0.3
1212, 0.0
1213, -0.2
1214, -0.3
1215, 0.1
1216, -0.1
1217, -0.2
1218, 0.3
1219, 0.1
1220, -0.1
1221, -0.1
1222, -0.1
1223, 0.0
1224, -0.2
1225, 0.0
1226, 0.2
1227, 0.2
1228, -0.1
1229, 0.3
1230, -0.1
1231, -0.2
1232, 0.0
1233, 0.0
1234, 0.0
1235, 0.0
1236, -0.1
1237, 0.3
1238, 0.3
1239, 0.1
1240, 0.3
1241, -0.1
1242, 0.4
1243, -0.1
1244, -0.3
1245, 0.2
1246, -0.1
1247, 0.3
1248, -0.1
1249, 0.0
1250, 0.0
1251, -0.1
1252, 0.3
1253, 0.1
1254, 0.3
1255, 0.1
1256, 0.1
1257, 0.1
1258, 0.1
1259, -0.1
1260, 0.1
1261, 0.1
1262, -0.1
1263, 0.1
1264, 0.3
1265, -0.4
1266, 0.1
1267, 0.2
1268, 0.1
1269, 0.3
1270, -0.1
1271, -0.1
1272, 0.0
1273, 0.2
1274, 0.1
1275, 0.0
1276, -0.4
1277, 0.3
1278, 0.2
1279, 0.0
1280, 0.0
1281, 0.2
1282, 0.1
1283, -0.1
1284, 0.0
1285, 0.2
1286, -0.1
1287, -0.3
1288, -0.2
1289, 0.1
1290, 0.2
1291, 0.1
1292, 0.0
1293, 0.0
1294, 0.4
1295, 0.0
1296, 0.1
1297, 0.2
1298, -0.2
1299, 0.4
1300, 0.3
1301, -0.2
1302, 0.1
1303, 0.0
1304, 0.1
1305, 0.2
1306, 0.1
1307, -0.1
1308, 0.1
1309, 0.0
1310, 0.2
1311, 0.2
1312, 0.3
1313, -0.1
1314, -0.3
1315, -0.3
1316, -0.3
1317, 0.2
1318, -0.1
1319, -0.3
1320, -0.3
1321, -0.1
1322, -0.1
1323, 0.2
1324, -0.1
1325, 0.0
1326, 0.1
1327, -0.1
1328, 0.2
1329, -0.3
1330, 0.2
1331, 0.0
1332, 0.1
1333, 0.3
1334, -0.1
1335, -0.3
1336, 0.3
1337, -0.1
1338, 0.0
1339, 0.1
1340, 0.1
1341, 0.1
1342, -0.3
1343, 0.2
1344, 0.1
1345, 0.1
1346, 0.0
1347, -0.2
1348, 0.1
1349, 0.3
1350, 0.3
1351, -0.2
1352, -0.1
1353, -0.4
1354, 0.2
1355, -0.1
1356, 0.1
1357, 0.4
1358, 0.4
1359, 0.0
1360, 0.2
1361, -0.1
1362, -0.4
1363, -0.3
1364, -0.6
1365, -0.6
1366, 0.2
1367, 0.0
1368, 0.1
1369, 0.1
1370, -0.2
1371, -0.1
1372, 0.1
1373, 0.2
1374, 0.1
1375, 0.2
1376, 0.0
1377, 0.2
1378, 0.0
1379, -0.4
1380, 0.0
1381, -0.2
1382, 0.3
1383, 0.2
1384, 0.3
1385, -0.2
1386, 0.2
1387, 0.1
1388, -0.4
1389, -0.1
1390, 0.0
1391, 0.1
1392, -0.2
1393, 0.2
1394, 0.0
1395, 0.3
1396, 0.3
1397, 0.1
1398, -0.1
1399, 0.3
1400, 0.2
1401, -0.3
1402, -0.1
1403, 0.1
1404, 0.3
1405, 0.1
1406, 0.0
1407, 0.1
1408, 0.0
1409, 0.4
1410, 0.2
1411, -0.3
1412, -0.2
1413, -0.1
1414, 0.0
1415, -0.2
1416, -0.2
1417, -0.5
1418, -0.3
1419, 0.0
1420, 0.0
1421, 0.5
1422, 0.5
1423, 0.3
1424, -0.2
1425, 0.1
1426, 0.0
1427, -0.5
1428, 0.2
1429, 0.4
1430, 0.2
1431, 0.1
1432, -0.2
1433, -0.3
1434, 0.3
1435, -0.2
1436, 0.0
1437, -0.2
1438, -0.2
1439, -0.1
1440, -0.1
1441, 0.2
1442, -0.1
1443, -0.1
1444, -0.3
1445, 0.3
1446, -0.2
1447, 0.3
1448, 0.0
1449, -0.2
1450, 0.1
1451, 0.2
1452, -0.1
1453, 0.2
1454, 0.1
1455, -0.4
1456, 0.4
1457, 0.1
1458, -0.1
1459, 0.1
1460, 0.5
1461, 0.0
1462, 0.2
1463, 0.2
1464, 0.1
1465, -0.1
1466, -0.4
1467, -0.2
1468, 0.0
1469, 0.0
1470, -0.4
1471, -0.1
1472, 0.5
1473, 0.2
1474, 0.2
1475, 0.1
1476, 0.0
1477, 0.2
1478, -0.2
1479, 0.1
1480, 0.1
1481, 0.0
1482, -0.5
1483, -0.1
1484, 0.3
1485, 0.0
1486, 0.2
1487, -0.2
1488, 0.3
1489, -0.1
1490, 0.2
1491, 0.4
1492, 0.1
1493, 0.1
1494, -0.1
1495, 0.1
1496, 0.3
1497, -0.1
1498, -0.1
1499, 0.1
1500, 0.0
1501, -0.1
1502, 0.2
1503, 0.0
1504, 0.2
1505, 0.1
1506, 0.3
1507, 0.2
1508, 0.4
1509, 0.1
1510, -0.1
1511, -0.2
1512, -0.2
1513, -0.4
1514, -0.2
1515, 0.2
1516, 0.2
1517, 0.0
1518, -0.5
1519, 0.4
1520, 0.1
1521, 0.3
1522, 0.0
1523, 0.1
1524, -0.3
1525, -0.3
1526, -0.1
1527, 0.3
1528, -0.2
1529, 0.3
1530, 0.2
1531, -0.2
1532, -0.2
1533, -0.6
1534, 0.2
1535, -0.1
1536, -0.2
1537, 0.0
1538, -0.3
1539, -0.3
1540, -0.1
1541, -0.1
1542, 0.0
1543, 0.3
1544, -0.1
1545, 0.2
1546, 0.0
1547, 0.4
1548, 0.0
1549, -0.1
1550, -0.2
1551, 0.3
1552, -0.3
1553, 0.3
1554, 0.1
1555, 0.1
1556, -0.6
1557, -0.2
1558, 0.3
1559, 0.0
1560, 0.2
1561, 0.1
1562, -0.1
1563, -0.1
1564, -0.2
1565, 0.4
1566, -0.4
1567, -0.1
1568, -0.1
1569, -0.1
1570, 0.3
1571, 0.0
1572, 0.1
1573, 0.2
1574, -0.1
1575, 0.3
1576, 0.0
1577, 0.5
1578, -0.2
1579, -0.2
1580, 0.1
1581, 0.0
1582, 0.2
1583, -0.2
1584, 0.0
1585, 0.0
1586, 0.0
1587, -0.1
1588, -0.3
1589, 0.0
1590, -0.6
1591, -0.1
1592, -0.1
1593, -0.1
1594, 0.2
1595, -0.3
1596, 0.0
1597, 0.0
1598, 0.0
1599, 0.0
1600, 0.2
1601, -0.1
1602, 0.2
1603, 0.0
1604, -0.1
1605, -0.1
1606, -0.3
1607, 0.1
1608, 0.4
1609, 0.4
1610, 0.1
1611, -0.2
1612, 0.0
1613, 0.3
1614, -0.2
1615, 0.2
1616, -0.2
1617, 0.1
1618, -0.2
1619, -0.3
1620, 0.1
1621, 0.2
1622, 0.0
1623, 0.3
1624, 0.0
1625, -0.3
1626, 0.3
1627, -0.1
1628, 0.3
1629, 0.6
1630, 0.2
1631, -0.1
1632, -0.1
1633, 0.0
1634, 0.5
1635, -0.1
1636, -0.1
1637, 0.1
1638, -0.1
1639, -0.2
1640, 0.2
1641, -0.3
1642, 0.1
1643, 0.0
1644, 0.0
1645, 0.1
1646, 0.2
1647, 0.1
1648, 0.2
1649, 0.0
1650, -0.2
1651, -0.1
1652, 0.0
1653, -0.4
1654, 0.0
1655, -0.1
1656, 0.1
1657, 0.1
1658, 0.1
1659, -0.5
1660, -0.2
1661, -0.4
1662, -0.1
1663, 0.1
1664, 0.0
1665, 0.0
1666, -0.2
1667, 0.1
1668, -0.1
1669, 0.1
1670, -0.2
1671, -0.1
1672, 0.0
1673, -0.3
1674, 0.0
1675, 0.0
1676, -0.1
1677, -0.3
1678, 0.2
1679, -0.1
1680, -0.2
1681, 0.0
1682, -0.1
1683, -0.1
1684, -0.4
1685, -0.2
1686, -0.3
1687, 0.0
1688, 0.1
1689, -0.1
1690, 0.0
1691, 0.2
1692, 0.0
1693, 0.1
1694, -0.5
1695, 0.1
1696, -0.3
1697, -0.3
1698, 0.3
1699, -0.1
1700, 0.3
1701, 0.2
1702, -0.1
1703, -0.2
1704, 0.1
1705, 0.0
1706, -0.2
1707, -0.1
1708, 0.1
1709, 0.2
1710, -0.6
1711, -0.1
1712, -0.1
1713, -0.1
1714, 0.3
1715, -0.1
1716, 0.3
1717, -0.2
1718, 0.0
1719, 0.0
1720, 0.1
1721, 0.0
1722, -0.2
1723, 0.0
1724, 0.1
1725, -0.1
1726, -0.2
1727, 0.1
1728, 0.1
1729, 0.3
1730, 0.1
1731, 0.0
1732, 0.0
1733, 0.0
1734, 0.2
1735, 0.2
1736, -0.1
1737, 0.0
1738, 0.2
1739, -0.3
1740, -0.1
1741, 0.1
1742, 0.1
1743, -0.2
1744, -0.3
1745, -0.2
1746, -0.3
1747, 0.0
1748, 0.3
1749, -0.2
1750, -0.2
1751, 0.4
1752, 0.0
1753, 0.1
1754, -0.2
1755, 0.1
1756, -0.3
1757, 0.0
1758, -0.1
1759, 0.1
1760, -0.1
1761, 0.3
1762, 0.1
1763, -0.5
1764, -0.1
1765, -0.5
1766, -0.1
1767, -0.1
1768, 0.1
1769, -0.1
1770, 0.0
1771, 0.3
1772, 0.0
1773, 0.2
1774, 0.2
1775, 0.2
1776, 0.0
1777, 0.1
1778, 0.2
1779, 0.3
1780, 0.3
1781, 0.2
1782, -0.1
1783, -0.1
1784, 0.1
1785, 0.2
1786, 0.1
1787, 0.1
1788, 0.0
1789, -0.2
1790, -0.1
1791, -0.1
1792, 0.4
1793, -0.4
1794, 0.1
1795, -0.2
1796, 0.3
1797, 0.0
1798, 0.2
1799, 0.1
1800, -0.1
1801, -0.3
1802, 0.0
1803, -0.1
1804, 0.1
1805, 0.1
1806, 0.0
1807, 0.4
1808, 0.0
1809, -0.3
1810, -0.5
1811, 0.3
1812, -0.1
1813, 0.0
1814, 0.2
1815, 0.3
1816, 0.3
1817, 0.4
1818, 0.2
1819, 0.2
1820, -0.2
1821, 0.1
1822, -0.1
1823, -0.1
1824, -0.3
1825, -0.1
1826, -0.3
1827, -0.2
1828, 0.2
1829, -0.2
1830, 0.0
1831, -0.7
1832, 0.1
1833, 0.4
1834, -0.2
1835, -0.3
1836, -0.4
1837, -0.1
1838, 0.3
1839, 0.4
1840, -0.4
1841, -0.4
1842, -0.1
1843, 0.1
1844, -0.1
1845, -0.2
1846, 0.4
1847, -0.4
1848, 0.2
1849, 0.3
1850, 0.3
1851, 0.0
1852, 0.1
1853, -0.2
1854, 0.4
1855, -0.3
1856, -0.4
1857, 0.1
1858, 0.0
1859, 0.3
1860, 0.5
1861, 0.0
1862, -0.1
1863, -0.6
1864, -0.4
1865, 0.0
1866, 0.2
1867, -0.5
1868, -0.2
1869, -0.4
1870, 0.1
1871, 0.3
1872, 0.0
1873, 0.2
1874, 0.0
1875, -0.1
1876, 0.0
1877, 0.3
1878, -0.1
1879, 0.1
1880, -0.2
1881, 0.1
1882, -0.1
1883, 0.1
1884, 0.0
1885, 0.2
1886, 0.0
1887, -0.3
1888, -0.5
1889, -0.1
1890, -0.2
1891, 0.3
1892, -0.3
1893, 0.0
1894, -0.2
1895, 0.2
1896, 0.0
1897, 0.2
1898, -0.6
1899, 0.2
1900, -0.4
1901, 0.0
1902, 0.3
1903, -0.2
1904, 0.3
1905, 0.0
1906, 0.2
1907, 0.0
1908, -0.2
1909, -0.2
1910, 0.3
1911, -0.2
1912, -0.1
1913, -0.4
1914, 0.5
1915, -0.6
1916, 0.0
1917, 0.2
1918, -0.1
1919, -0.2
1920, 0.1
1921, -0.6
1922, 0.1
1923, -0.2
1924, 0.0
1925, 0.1
1926, 0.1
1927, -0.1
1928, 0.0
1929, -0.2
1930, 0.3
1931, -0.1
1932, 0.3
1933, 0.0
1934, 0.2
1935, 0.2
1936, -0.1
1937, 0.0
1938, -0.2
1939, 0.1
1940, -0.1
1941, 0.0
1942, 0.4
1943, -0.3
1944, 0.0
1945, 0.0
1946, -0.2
1947, -0.1
1948, 0.0
1949, 0.0
1950, 0.1
1951, 0.0
1952, 0.1
1953, -0.2
1954, 0.0
1955, 0.3
1956, 0.2
1957, 0.2
1958, 0.1
1959, -0.2
1960, 0.1
1961, -0.1
1962, 0.1
1963, -0.4
1964, -0.4
1965, -0.2
1966, -0.1
1967, 0.1
1968, -0.4
1969, 0.3
1970, 0.3
1971, 0.0
1972, 0.2
1973, 0.3
1974, -0.2
1975, 0.0
1976, 0.0
1977, 0.2
1978, 0.1
1979, 0.0
1980, 0.1
1981, 0.0
1982, 0.0
1983, 0.0
1984, 0.0
1985, -0.5
1986, 0.3
1987, 0.0
1988, 0.3
1989, 0.1
1990, 0.2
1991, 0.0
1992, 0.0
1993, -0.1
1994, -0.2
1995, 0.3
1996, 0.0
1997, -0.1
1998, 0.0
1999, -0.1
2000, 0.0
2001, -0.3
2002, 0.4
2003, 0.1
2004, 0.5
2005, -0.4
2006, -0.2
2007, 0.0
2008, 0.1
2009, 0.1
2010, 0.1
2011, -0.2
2012, -0.1
2013, -0.7
2014, 0.1
2015, 0.2
2016, 0.3
2017, -0.2
2018, -0.1
2019, 0.0
2020, 0.1
2021, 0.4
2022, 0.4
2023, 0.2
2024, 0.6
2025, -0.2
2026, -0.4
2027, -0.3
2028, -0.2
2029, -0.1
2030, 0.0
2031, 0.0
2032, -0.1
2033, 0.3
2034, -0.4
2035, 0.1
2036, -0.2
2037, -0.3
2038, 0.0
2039, 0.2
2040, -0.1
2041, 0.3
2042, 0.1
2043, 0.1
2044, 0.2
2045, 0.0
2046, 0.1
2047, 0.2
2048, -0.2
2049, 0.0
2050, 0.1
2051, 0.1
2052, -0.4
2053, -0.6
2054, 0.0
2055, 0.1
2056, 0.1
2057, 0.1
2058, 0.1
2059, 0.2
2060, 0.1
2061, -0.4
2062, -0.2
2063, -0.4
2064, -0.3
2065, -0.2
2066, -0.2
2067, 0.0
2068, -0.2
2069, -0.2
2070, 0.3
2071, 0.1
2072, 0.1
2073, -0.1
2074, 0.1
2075, 0.3
2076, 0.1
2077, -0.1
2078, 0.1
2079, -0.5
2080, 0.1
2081, 0.2
2082, -0.2
2083, 0.5
2084, -0.2
2085, 0.0
2086, 0.1
2087, 0.1
2088, -0.5
2089, 0.0
2090, -0.1
2091, 0.1
2092, 0.0
2093, 0.0
2094, -0.1
2095, -0.1
2096, -0.3
2097, -0.1
2098, 0.0
2099, 0.2
2100, -0.2
2101, 0.0
2102, 0.1
2103, 0.2
2104, 0.0
2105, -0.1
2106, 0.1
2107, 0.0
2108, 0.4
2109, 0.3
2110, 0.1
2111, 0.2
2112, 0.4
2113, -0.2
2114, 0.1
2115, 0.1
2116, 0.1
2117, 0.0
2118, -0.2
2119, 0.2
2120, -0.1
2121, 0.0
2122, 0.0
2123, 0.2
2124, -0.6
2125, 0.2
2126, -0.2
2127, -0.1
2128, 0.0
2129, 0.0
2130, -0.1
2131, 0.3
2132, 0.1
2133, 0.0
2134, -0.1
2135, 0.0
2136, 0.1
2137, 0.0
2138, 0.1
2139, 0.2
2140, 0.0
2141, -0.1
2142, -0.4
2143, -0.2
2144, -0.2
2145, 0.1
2146, 0.3
2147, -0.1
2148, 0.0
2149, 0.1
2150, 0.0
2151, 0.1
2152, 0.0
2153, -0.1
2154, 0.1
2155, 0.1
2156, 0.1
2157, -0.3
2158, 0.1
2159, -0.3
2160, 0.5
2161, 0.0
2162, 0.0
2163, 0.1
2164, 0.0
2165, 0.2
2166, 0.2
2167, -0.1
2168, -0.4
2169, 0.1
2170, -0.4
2171, -0.2
2172, 0.3
2173, 0.2
2174, -0.2
2175, 0.1
2176, -0.2
2177, 0.3
2178, 0.1
2179, 0.1
2180, 0.1
2181, -0.2
2182, 0.4
2183, 0.4
2184, -0.1
2185, -0.2
2186, 0.3
2187, 0.1
2188, 0.1
2189, 0.1
2190, -0.2
2191, 0.4
2192, 0.0
2193, -0.1
2194, -0.2
2195, -0.2
2196, 0.2
2197, 0.0
2198, 0.0
2199, -0.5
2200, -0.1
2201, -0.2
2202, -0.2
2203, 0.2
2204, 0.0
2205, 0.1
2206, 0.3
2207, -0.1
2208, -0.3
2209, 0.1
2210, 0.3
2211, 0.0
2212, 0.2
2213, 0.1
2214, -0.4
2215, 0.1
2216, -0.2
2217, 0.0
2218, 0.0
2219, -0.3
2220, -0.6
2221, -0.1
2222, 0.1
2223, 0.0
2224, 0.0
2225, -0.1
2226, -0.3
2227, 0.2
2228, -0.3
2229, -0.2
2230, -0.1
2231, 0.2
2232, 0.1
2233, -0.1
2234, 0.0
2235, -0.2
2236, 0.0
2237, 0.1
2238, -0.5
2239, 0.3
2240, 0.0
2241, -0.5
2242, 0.2
2243, 0.1
2244, -0.2
2245, -0.1
2246, -0.4
2247, 0.4
2248, 0.1
2249, 0.1
2250, -0.4
2251, 0.3
2252, -0.2
2253, 0.2
2254, 0.1
2255, -0.3
2256, 0.0
2257, -0.3
2258, 0.1
2259, 0.0
2260, 0.2
2261, -0.2
2262, 0.4
2263, 0.1
2264, 0.2
2265, -0.4
2266, 0.5
2267, -0.3
2268, 0.0
2269, -0.2
2270, 0.2
2271, 0.3
2272, 0.3
2273, 0.0
2274, 0.3
2275, -0.1
2276, -0.1
2277, -0.5
2278, 0.1
2279, 0.3
2280, -0.5
2281, -0.1
2282, 0.0
2283, -0.1
2284, 0.0
2285, 0.1
2286, 0.2
2287, 0.5
2288, 0.1
2289, -0.2
2290, -0.2
2291, -0.3
2292, -0.2
2293, 0.1
2294, 0.1
2295, 0.1
2296, -0.3
2297, -0.3
2298, 0.3
2299, 0.0
2300, 0.2
2301, 0.0
2302, 0.3
2303, -0.1
2304, -0.5
2305, 0.2
2306, 0.1
2307, -0.1
2308, 0.3
2309, 0.0
2310, -0.1
2311, 0.3
2312, -0.1
2313, 0.0
2314, 0.1
2315, -0.3
2316, 0.2
2317, 0.0
2318, -0.1
2319, 0.4
2320, 0.2
2321, 0.3
2322, 0.1
2323, -0.2
2324, -0.2
2325, -0.1
2326, -0.3
2327, 0.1
2328, -0.3
2329, 0.0
2330, -0.2
2331, 0.3
2332, 0.0
2333, 0.0
2334, 0.3
2335, 0.3
2336, -0.2
2337, -0.3
2338, 0.3
2339, 0.0
2340, -0.2
2341, -0.3
2342, 0.2
2343, 0.2
2344, 0.1
2345, 0.1
2346, -0.2
2347, -0.5
2348, 0.1
2349, 0.3
2350, -0.1
2351, -0.3
2352, 0.4
2353, 0.0
2354, -0.4
2355, 0.1
2356, 0.2
2357, 0.3
2358, -0.3
2359, -0.2
2360, 0.0
2361, -0.1
2362, -0.5
2363, -0.3
2364, -0.2
2365, 0.2
2366, 0.0
2367, 0.1
2368, -0.1
2369, 0.4
2370, -0.2
2371, 0.0
2372, 0.2
2373, 0.0
2374, 0.0
2375, 0.1
2376, 0.1
2377, -0.1
2378, 0.3
2379, 0.0
2380, -0.2
2381, -0.1
2382, -0.5
2383, 0.1
2384, 0.3
2385, -0.2
2386, -0.2
2387, 0.1
2388, -0.2
2389, -0.1
2390, 0.0
2391, 0.3
2392, 0.0
2393, 0.1
2394, 0.0
2395, 0.0
2396, 0.4
2397, 0.1
2398, 0.2
2399, -0.1
2400, -0.1
2401, 0.0
2402, -0.1
2403, 0.3
2404, 0.3
2405, 0.4
2406, 0.3
2407, -0.2
2408, 0.1
2409, -0.1
2410, -0.2
2411, -0.1
2412, 0.0
2413, 0.0
2414, 0.3
2415, 0.1
2416, 0.1
2417, -0.1
2418, -0.2
2419, 0.1
2420, 0.1
2421, -0.2
2422, 0.0
2423, -0.1
2424, 0.0
2425, 0.2
2426, 0.2
2427, -0.2
2428, -0.4
2429, -0.3
2430, -0.2
2431, 0.1
2432, 0.0
2433, 0.0
2434, 0.0
2435, -0.5
2436, 0.0
2437, 0.1
2438, 0.2
2439, -0.3
2440, -0.2
2441, 0.3
2442, -0.2
2443, -0.8
2444, 0.0
2445, -0.1
2446, 0.2
2447, -0.2
2448, 0.3
2449, 0.3
2450, -0.2
2451, -0.1
2452, 0.1
2453, 0.2
2454, 0.4
2455, 0.2
2456, 0.2
2457, -0.5
2458, 0.1
2459, -0.3
2460, -0.3
2461, -0.2
2462, 0.0
2463, 0.5
2464, 0.0
2465, -0.4
2466, 0.3
2467, 0.1
2468, -0.1
2469, -0.2
2470, 0.1
2471, -0.5
2472, -0.1
2473, -0.6
2474, -0.1
2475, 0.3
2476, -0.3
2477, -0.5
2478, -0.1
2479, -0.2
2480, -0.3
2481, -0.1
2482, -0.2
2483, -0.2
2484, 0.1
2485, 0.1
2486, 0.0
2487, 0.1
2488, 0.0
2489, -0.1
2490, 0.3
2491, 0.4
2492, -0.1
2493, -0.2
2494, 0.3
2495, -0.4
2496, 0.0
2497, 0.2
2498, 0.0
2499, -0.3
2500, -0.2
2501, 0.0
2502, 0.1
2503, 0.2
2504, 0.2
2505, -0.1
2506, 0.2
2507, -0.1
2508, -0.4
2509, -0.5
2510, 0.0
2511, 0.2
2512, -0.1
2513, -0.3
2514, -0.2
2515, 0.3
2516, 0.0
2517, 0.1
2518, 0.3
2519, -0.3
2520, 0.0
2521, -0.1
2522, -0.2
2523, -0.2
2524, 0.0
2525, -0.1
2526, -0.5
2527, -0.4
2528, 0.1
2529, -0.2
2530, 0.1
2531, 0.1
2532, 0.2
2533, -0.3
2534, -0.3
2535, 0.3
2536, 0.1
2537, 0.2
2538, -0.1
2539, -0.3
2540, 0.2
2541, -0.2
2542, 0.0
2543, -0.1
2544, -0.1
2545, -0.1
2546, -0.1
2547, 0.0
2548, 0.0
2549, 0.0
2550, 0.1
2551, 0.3
2552, -0.4
2553, -0.1
2554, -0.2
2555, -0.2
2556, -0.2
2557, -0.1
2558, 0.0
2559, 0.2
2560, 0.1
2561, 0.0
2562, 0.2
2563, 0.4
2564, -0.2
2565, -0.3
2566, -0.5
2567, 0.0
2568, 0.1
2569, -0.2
2570, 0.1
2571, -0.2
2572, -0.2
2573, 0.4
2574, 0.3
2575, 0.2
2576, 0.1
2577, 0.0
2578, 0.0
2579, 0.0
2580, 0.0
2581, -0.1
2582, 0.0
2583, 0.4
2584, 0.1
2585, -0.3
2586, 0.2
2587, -0.1
2588, 0.3
2589, -0.2
2590, -0.1
2591, -0.3
2592, 0.1
2593, -0.1
2594, -0.1
2595, 0.3
2596, 0.0
2597, 0.2
2598, -0.2
2599, 0.1
2600, 0.0
2601, -0.5
2602, 0.1
2603, 0.3
2604, 0.2
2605, 0.2
2606, -0.2
2607, 0.0
2608, -0.2
2609, -0.2
2610, -0.3
2611, 0.2
2612, 0.2
2613, -0.4
2614, 0.2
2615, 0.1
2616, 0.0
2617, -0.2
2618, 0.2
2619, 0.1
2620, -0.3
2621, 0.3
2622, 0.2
2623, -0.1
2624, -0.1
2625, -0.2
2626, -0.1
2627, -0.2
2628, 0.2
2629, -0.2
2630, -0.4
2631, 0.1
2632, -0.2
2633, 0.4
2634, -0.1
2635, 0.0
2636, 0.0
2637, 0.1
2638, 0.0
2639, 0.0
2640, -0.1
2641, -0.1
2642, 0.3
2643, 0.0
2644, -0.3
2645, -0.4
2646, 0.1
2647, -0.2
2648, 0.4
2649, 0.2
2650, 0.2
2651, 0.2
2652, 0.0
2653, -0.1
2654, -0.3
2655, 0.1
2656, 0.2
2657, 0.5
2658, -0.2
2659, 0.2
2660, -0.1
2661, 0.4
2662, 0.0
2663, 0.1
2664, 0.2
2665, -0.3
2666, 0.2
2667, 0.0
2668, 0.2
2669, 0.2
2670, -0.3
2671, -0.3
2672, 0.5
2673, -0.6
2674, 0.3
2675, 0.2
2676, 0.1
2677, 0.0
2678, -0.2
2679, -0.4
2680, 0.3
2681, -0.1
2682, -0.3
2683, 0.2
2684, -0.3
2685, 0.3
2686, -0.2
2687, -0.1
2688, 0.1
2689, 0.1
2690, -0.7
2691, 0.1
2692, -0.5
2693, -0.1
2694, 0.1
2695, 0.3
2696, 0.3
2697, -0.3
2698, -0.1
2699, 0.1
2700, -0.1
2701, -0.2
2702, 0.0
2703, -0.5
2704, 0.3
2705, 0.4
2706, 0.1
2707, -0.3
2708, -0.1
2709, -0.3
2710, 0.3
2711, 0.0
2712, 0.0
2713, 0.2
2714, -0.1
2715, 0.4
2716, -0.2
2717, -0.2
2718, 0.2
2719, 0.0
2720, -0.1
2721, -0.4
2722, 0.1
2723, 0.4
2724, 0.0
2725, -0.2
2726, 0.0
2727, 0.1
2728, 0.2
2729, 0.1
2730, -0.1
2731, 0.1
2732, -0.1
2733, 0.3
2734, -0.2
2735, -0.1
2736, -0.1
2737, -0.2
2738, 0.3
2739, 0.0
2740, -0.1
2741, -0.3
2742, 0.2
2743, -0.3
2744, -0.2
2745, 0.4
2746, -0.4
2747, 0.1
2748, 0.4
2749, -0.3
2750, 0.3
2751, 0.0
2752, 0.0
2753, -0.1
2754, 0.0
2755, 0.2
2756, 0.2
2757, -0.1
2758, 0.3
2759, 0.0
2760, 0.1
2761, -0.3
2762, 0.0
2763, 0.2
2764, -0.1
2765, -0.1
2766, 0.2
2767, -0.3
2768, -0.4
2769, -0.4
2770, 0.2
2771, -0.1
2772, -0.5
2773, 0.0
2774, 0.0
2775, 0.1
2776, -0.2
2777, -0.2
2778, 0.1
2779, -0.1
2780, 0.2
2781, 0.3
2782, 0.0
2783, -0.1
2784, 0.1
2785, -0.1
2786, -0.2
2787, -0.1
2788, -0.3
2789, 0.4
2790, 0.1
2791, 0.2
2792, 0.1
2793, 0.0
2794, 0.3
2795, -0.3
2796, 0.3
2797, -0.1
2798, -0.3
2799, -0.2
2800, 0.4
2801, -0.2
2802, 0.2
2803, 0.0
2804, 0.2
2805, 0.0
2806, -0.1
2807, -0.2
2808, 0.1
2809, -0.3
2810, 0.1
2811, 0.3
2812, 0.1
2813, 0.3
2814, 0.2
2815, -0.2
2816, 0.1
2817, 0.1
2818, 0.0
2819, 0.2
2820, 0.0
2821, -0.4
2822, -0.1
2823, 0.4
2824, 0.0
2825, -0.1
2826, 0.3
2827, -0.1
2828, 0.0
2829, 0.0
2830, 0.2
2831, 0.0
2832, 0.2
2833, 0.0
2834, 0.1
2835, -0.4
2836, -0.1
2837, 0.1
2838, -0.2
2839, 0.4
2840, -0.4
2841, 0.4
2842, 0.1
2843, -0.4
2844, 0.3
2845, -0.1
2846, 0.1
2847, -0.5
2848, 0.0
2849, 0.1
2850, -0.8
2851, -0.1
2852, 0.2
2853, -0.1
2854, -0.3
2855, 0.3
2856, 0.0
2857, 0.1
2858, -0.3
2859, -0.2
2860, 0.2
2861, 0.3
2862, 0.2
2863, -0.1
2864, 0.2
2865, 0.3
2866, 0.0
2867, -0.3
2868, -0.1
2869, -0.2
2870, 0.5
2871, 0.1
2872, 0.1
2873, 0.2
2874, 0.1
2875, 0.1
2876, -0.1
2877, 0.1
2878, -0.1
2879, 0.0
2880, 0.3
2881, 0.2
2882, 0.0
2883, 0.1
2884, -0.1
2885, 0.0
2886, -0.6
2887, -0.2
2888, -0.2
2889, -0.4
2890, -0.2
2891, -0.1
2892, 0.1
2893, 0.1
2894, 0.1
2895, 0.2
2896, -0.2
2897, 0.2
2898, 0.0
2899, 0.0
2900, -0.1
2901, -0.2
2902, 0.1
2903, 0.2
2904, 0.0
2905, -0.1
2906, 0.0
2907, 0.0
2908, -0.2
2909, 0.1
2910, 0.2
2911, -0.1
2912, -0.2
2913, -0.1
2914, 0.1
2915, -0.3
2916, 0.2
2917, 0.2
2918, -0.2
2919, 0.2
2920, 0.2
2921, -0.6
2922, -0.2
2923, -0.3
2924, 0.4
2925, -0.1
2926, -0.1
2927, 0.3
2928, 0.1
2929, 0.4
2930, 0.1
2931, -0.2
2932, -0.2
2933, -0.4
2934, 0.3
2935, 0.4
2936, -0.1
2937, -0.2
2938, 0.4
2939, 0.2
2940, 0.3
2941, 0.2
2942, 0.0
2943, 0.0
2944, 0.2
2945, 0.2
2946, 0.1
2947, -0.2
2948, -0.1
2949, 0.3
2950, -0.1
2951, 0.4
2952, -0.1
2953, 0.1
2954, -0.1
2955, 0.0
2956, -0.4
2957, -0.7
2958, 0.4
2959, -0.2
2960, 0.2
2961, 0.1
2962, -0.1
2963, -0.1
2964, 0.2
2965, 0.2
2966, 0.4
2967, -0.2
2968, 0.5
2969, 0.2
2970, 0.0
2971, 0.3
2972, -0.1
2973, -0.1
2974, 0.2
2975, 0.1
2976, 0.1
2977, 0.2
2978, -0.1
2979, 0.2
2980, -0.2
2981, -0.4
2982, -0.2
2983, 0.1
2984, -0.1
2985, 0.0
2986, 0.0
2987, 0.3
2988, -0.3
2989, 0.1
2990, 0.1
2991, 0.4
2992, -0.3
2993, -0.2
2994, 0.1
2995, 0.2
2996, -0.1
2997, 0.5
2998, -0.2
2999, 0.3
3000, -0.1
3001, 0.3
3002, 0.0
3003, 0.0
3004, 0.0
3005, 0.0
3006, 0.3
3007, -0.2
3008, -0.3
3009, -0.1
3010, 0.1
3011, 0.2
3012, 0.3
3013, 0.2
3014, 0.3
3015, 0.2
3016, 0.0
3017, -0.3
3018, 0.2
3019, 0.0
3020, -0.2
3021, -0.1
3022, -0.3
3023, 0.0
3024, 0.0
3025, 0.2
3026, 0.3
3027, -0.1
3028, 0.2
3029, -0.1
3030, 0.0
3031, -0.2
3032, 0.0
3033, 0.2
3034, 0.1
3035, 0.3
3036, 0.1
3037, 0.1
3038, -0.2
3039, -0.1
3040, 0.2
3041, 0.0
3042, -0.1
3043, -0.1
3044, -0.1
3045, 0.3
3046, 0.1
3047, 0.1
3048, -0.5
3049, -0.1
3050, -0.4
3051, -0.3
3052, -0.1
3053, -0.3
3054, -0.3
3055, 0.3
3056, -0.4
3057, 0.5
3058, -0.5
3059, 0.0
3060, 0.1
3061, -0.3
3062, -0.4
3063, 0.3
3064, 0.4
3065, -0.1
3066, -0.2
3067, -0.1
3068, -0.3
3069, 0.0
3070, 0.0
3071, -0.1
3072, 0.1
3073, 0.3
3074, -0.4
3075, 0.0
3076, 0.2
3077, 0.0
3078, -0.1
3079, 0.3
3080, -0.1
3081, -0.3
3082, 0.1
3083, -0.1
3084, 0.0
3085, 0.0
3086, 0.0
3087, -0.6
3088, 0.4
3089, 0.1
3090, 0.2
3091, -0.6
3092, 0.3
3093, 0.3
3094, 0.0
3095, 0.0
3096, 0.1
3097, 0.3
3098, 0.1
3099, -0.2
3100, 0.2
3101, 0.2
3102, 0.2
3103, 0.1
3104, 0.4
3105, -0.3
3106, -0.1
3107, 0.1
3108, -0.1
3109, 0.1
3110, 0.3
3111, 0.1
3112, 0.4
3113, -0.2
3114, -0.1
3115, 0.3
3116, -0.4
3117, 0.3
3118, 0.0
3119, 0.1
3120, -0.4
3121, 0.0
3122, 0.1
3123, 0.1
3124, 0.0
3125, 0.0
3126, -0.3
3127, 0.3
3128, 0.4
3129, 0.0
3130, 0.0
3131, 0.0
3132, -0.1
3133, -0.2
3134, -0.4
3135, 0.0
3136, 0.3
3137, 0.2
3138, 0.2
3139, -0.1
3140, 0.1
3141, -0.1
3142, 0.1
3143, -0.1
3144, -0.1
3145, 0.0
3146, 0.1
3147, 0.0
3148, -0.2
3149, -0.4
3150, -0.2
3151, 0.3
3152, -0.1
3153, -0.1
3154, 0.2
3155, 0.3
3156, 0.3
3157, -0.3
3158, -0.1
3159, 0.0
3160, -0.1
3161, 0.0
3162, -0.5
3163, 0.1
3164, 0.1
3165, 0.1
3166, 0.3
3167, -0.2
3168, -0.3
3169, 0.0
3170, 0.0
3171, 0.2
3172, -0.1
3173, 0.2
3174, -0.1
3175, -0.4
3176, 0.3
3177, -0.5
3178, 0.2
3179, 0.2
3180, 0.2
3181, 0.1
3182, 0.1
3183, 0.1
3184, 0.0
3185, -0.1
3186, 0.0
3187, 0.0
3188, 0.4
3189, 0.1
3190, -0.2
3191, -0.3
3192, 0.0
3193, 0.0
3194, 0.1
3195, 0.3
3196, 0.1
3197, -0.8
3198, -0.1
3199, -0.3
3200, 0.3
3201, -0.4
3202, 0.0
3203, 0.0
3204, -0.2
3205, -0.2
3206, 0.1
3207, -0.4
3208, -0.1
3209, 0.2
3210, -0.3
3211, 0.4
3212, 0.1
3213, -0.1
3214, -0.1
3215, -0.1
3216, -0.4
3217, 0.3
3218, 0.0
3219, -0.1
3220, 0.0
3221, -0.3
3222, 0.2
3223, -0.1
3224, -0.1
3225, -0.2
3226, 0.0
3227, -0.3
3228, 0.1
3229, 0.5
3230, -0.1
3231, 0.3
3232, 0.2
3233, 0.0
3234, -0.7
3235, -0.1
3236, 0.1
3237, 0.1
3238, 0.2
3239, -0.2
3240, 0.0
3241, 0.2
3242, -0.1
3243, 0.0
3244, -0.1
3245, -0.4
3246, -0.3
3247, -0.3
3248, -0.3
3249, -0.1
3250, 0.0
3251, 0.1
3252, 0.0
3253, -0.2
3254, 0.3
3255, -0.4
3256, -0.1
3257, -0.6
3258, -0.2
3259, 0.2
3260, 0.3
3261, 0.0
3262, 0.1
3263, 0.0
3264, -0.1
3265, 0.3
3266, 0.0
3267, 0.2
3268, -0.1
3269, 0.0
3270, 0.3
3271, -0.3
3272, 0.3
3273, 0.2
3274, -0.1
3275, -0.2
3276, -0.1
3277, 0.1
3278, 0.1
3279, -0.1
3280, -0.3
3281, 0.2
3282, -0.1
3283, 0.1
3284, -0.2
3285, -0.4
3286, 0.0
3287, -0.1
3288, -0.1
3289, 0.0
3290, -0.8
3291, 0.0
3292, 0.1
3293, 0.0
3294, 0.2
3295, 0.2
3296, -0.4
3297, 0.0
3298, 0.1
3299, 0.2
3300, -0.2
3301, 0.3
3302, 0.1
3303, -0.2
3304, 0.0
3305, 0.1
3306, -0.1
3307, 0.2
3308, 0.2
3309, 0.3
3310, -0.5
3311, 0.2
3312, 0.3
3313, 0.1
3314, -0.4
3315, 0.3
3316, -0.5
3317, -0.3
3318, 0.0
3319, 0.2
3320, -0.4
3321, -0.1
3322, 0.2
3323, -0.5
3324, -0.1
3325, -0.1
3326, 0.0
3327, 0.2
3328, 0.0
3329, -0.2
3330, 0.2
3331, -0.1
3332, 0.0
3333, -0.1
3334, -0.2
3335, -0.1
3336, 0.0
3337, -0.4
3338, -0.4
3339, -0.1
3340, -0.2
3341, 0.3
3342, -0.2
3343, 0.4
3344, 0.1
3345, -0.1
3346, 0.0
3347, 0.2
3348, -0.3
3349, 0.1
3350, 0.2
3351, 0.5
3352, -0.4
3353, 0.2
3354, -0.1
3355, 0.1
3356, 0.0
3357, -0.3
3358, -0.1
3359, -0.2
3360, -0.1
3361, -0.1
3362, -0.1
3363, -0.4
3364, 0.2
3365, 0.1
3366, 0.3
3367, 0.1
3368, -0.4
3369, 0.0
3370, -0.1
3371, -0.1
3372, 0.4
3373, -0.2
3374, 0.3
3375, 0.4
3376, 0.0
3377, -0.1
3378, 0.2
3379, -0.1
3380, 0.0
3381, -0.1
3382, -0.1
3383, -0.1
3384, 0.4
3385, -0.8
3386, -0.3
3387, -0.2
3388, -0.1
3389, -0.3
3390, 0.1
3391, -0.1
3392, 0.2
3393, 0.2
3394, -0.1
3395, 0.2
3396, -0.1
3397, -0.3
3398, -0.3
3399, 0.3
3400, 0.1
3401, -0.2
3402, 0.1
3403, 0.2
3404, -0.3
3405, -0.4
3406, 0.1
3407, -0.5
3408, -0.1
3409, -0.2
3410, -0.3
3411, -0.3
3412, -0.4
3413, -0.2
3414, 0.1
3415, 0.3
3416, -0.1
3417, 0.5
3418, 0.2
3419, 0.3
3420, 0.4
3421, -0.4
3422, -0.3
3423, -0.3
3424, 0.3
3425, -0.5
3426, 0.0
3427, 0.3
3428, 0.1
3429, 0.4
3430, 0.5
3431, 0.0
3432, 0.0
3433, 0.0
3434, 0.1
3435, 0.0
3436, 0.1
3437, 0.4
3438, 0.2
3439, 0.0
3440, -0.1
3441, -0.2
3442, -0.1
3443, -0.2
3444, -0.2
3445, 0.5
3446, 0.2
3447, 0.2
3448, 0.0
3449, -0.5
3450, 0.2
3451, 0.5
3452, -0.2
3453, 0.1
3454, 0.0
3455, -0.6
3456, 0.1
3457, 0.0
3458, 0.0
3459, 0.3
3460, 0.0
3461, 0.0
3462, 0.0
3463, -0.1
3464, -0.1
3465, 0.0
3466, -0.2
3467, -0.2
3468, 0.5
3469, 0.1
3470, 0.2
3471, 0.3
3472, 0.1
3473, 0.1
3474, 0.4
3475, 0.0
3476, 0.1
3477, 0.0
3478, 0.3
3479, 0.0
3480, 0.4
3481, 0.3
3482, -0.1
3483, 0.1
3484, -0.5
3485, 0.1
3486, -0.1
3487, -0.1
3488, 0.5
3489, 0.0
3490, 0.3
3491, -0.1
3492, 0.0
3493, -0.1
3494, 0.3
3495, 0.2
3496, 0.0
3497, 0.0
3498, 0.0
3499, -0.3
3500, 0.3
3501, -0.3
3502, 0.3
3503, 0.2
3504, 0.3
3505, -0.1
3506, -0.2
3507, 0.0
3508, 0.2
3509, -0.4
3510, -0.3
3511, -0.1
3512, -0.1
3513, 0.1
3514, 0.2
3515, -0.5
3516, -0.2
3517, -0.3
3518, -0.4
3519, 0.3
3520, 0.0
3521, 0.0
3522, 0.2
3523, -0.2
3524, 0.1
3525, -0.3
3526, 0.0
3527, -0.5
3528, 0.1
3529, 0.1
3530, 0.5
3531, 0.2
3532, 0.1
3533, -0.2
3534, -0.2
3535, -0.2
3536, 0.1
3537, 0.2
3538, -0.4
3539, 0.1
3540, -0.1
3541, -0.5
3542, -0.1
3543, -0.1
3544, -0.2
3545, -0.4
3546, 0.2
3547, 0.1
3548, 0.0
3549, -0.1
3550, 0.1
3551, -0.2
3552, -0.1
3553, 0.1
3554, -0.2
3555, 0.1
3556, 0.0
3557, 0.1
3558, 0.1
3559, 0.2
3560, -0.1
3561, 0.4
3562, 0.3
3563, 0.0
3564, 0.0
3565, 0.1
3566, 0.4
3567, 0.1
3568, 0.1
3569, 0.1
3570, 0.0
3571, 0.4
3572, -0.4
3573, -0.3
3574, 0.1
3575, -0.4
3576, -0.2
3577, 0.0
3578, 0.1
3579, 0.0
3580, 0.1
3581, 0.2
3582, 0.0
3583, -0.1
3584, -0.1
3585, -0.1
3586, 0.1
3587, -0.3
3588, 0.2
3589, 0.4
3590, -0.2
3591, -0.2
3592, -0.7
3593, -0.1
3594, -0.2
3595, 0.1
3596, 0.0
3597, -0.5
3598, 0.0
3599, -0.1
3600, -0.1
3601, 0.0
3602, 0.1
3603, -0.2
3604, 0.3
3605, 0.2
3606, -0.2
3607, -0.4
3608, 0.2
3609, -0.2
3610, 0.1
3611, 0.0
3612, -0.4
3613, -0.6
3614, -0.3
3615, -0.1
3616, -0.3
3617, -0.3
3618, -0.1
3619, -0.1
3620, 0.1
3621, 0.0
3622, -0.1
3623, -0.1
3624, -0.7
3625, -0.2
3626, 0.0
3627, 0.3
3628, -0.2
3629, 0.3
3630, 0.2
3631, 0.1
3632, 0.0
3633, 0.0
3634, 0.2
3635, -0.1
3636, 0.0
3637, 0.1
3638, 0.1
3639, 0.3
3640, 0.1
3641, -0.1
3642, 0.2
3643, -0.3
3644, 0.0
3645, 0.1
3646, 0.1
3647, -0.3
3648, -0.2
3649, -0.2
3650, 0.0
3651, 0.1
3652, 0.3
3653, 0.4
3654, 0.3
3655, 0.4
3656, -0.2
3657, 0.1
3658, 0.1
3659, -0.3
3660, 0.1
3661, 0.1
3662, 0.1
3663, -0.5
3664, -0.1
3665, 0.1
3666, 0.2
3667, -0.1
3668, 0.4
3669, 0.1
3670, -0.1
3671, -0.4
3672, 0.1
3673, -0.3
3674, 0.1
3675, 0.0
3676, 0.3
3677, 0.2
3678, -0.3
3679, -0.1
3680, 0.1
3681, -0.1
3682, -0.1
3683, 0.0
3684, 0.2
3685, -0.2
3686, -0.3
3687, -0.2
3688, 0.3
3689, -0.1
3690, -0.4
3691, -0.1
3692, -0.1
3693, -0.1
3694, 0.1
3695, -0.1
3696, 0.0
3697, 0.1
3698, -0.4
3699, 0.4
3700, -0.1
3701, -0.1
3702, -0.5
3703, 0.1
3704, 0.3
3705, -0.3
3706, -0.1
3707, 0.4
3708, -0.3
3709, 0.0
3710, 0.1
3711, 0.2
3712, -0.3
3713, 0.0
3714, 0.1
3715, -0.1
3716, 0.1
3717, 0.1
3718, 0.1
3719, -0.1
3720, -0.1
3721, -0.1
3722, 0.3
3723, 0.2
3724, 0.2
3725, -0.4
3726, 0.2
3727, -0.2
3728, 0.1
3729, 0.2
3730, -0.2
3731, 0.0
3732, 0.2
3733, -0.1
3734, -0.2
3735, 0.2
3736, -0.2
3737, -0.2
3738, 0.4
3739, 0.0
3740, -0.1
3741, 0.1
3742, 0.1
3743, 0.0
3744, 0.3
3745, -0.6
3746, 0.1
3747, 0.3
3748, 0.0
3749, 0.1
3750, 0.2
3751, 0.1
3752, -0.7
3753, -0.3
3754, -0.1
3755, 0.0
3756, -0.1
3757, -0.1
3758, 0.3
3759, -0.1
3760, 0.2
3761, -0.2
3762, 0.3
3763, 0.1
3764, -0.1
3765, 0.3
3766, 0.0
3767, 0.3
3768, 0.0
3769, -0.6
3770, 0.1
3771, -0.1
3772, -0.3
3773, 0.2
3774, -0.5
3775, 0.2
3776, -0.4
3777, 0.0
3778, 0.2
3779, 0.4
3780, 0.0
3781, -0.1
3782, -0.1
3783, 0.3
3784, -0.2
3785, 0.0
3786, -0.1
3787, 0.3
3788, 0.1
3789, -0.1
3790, -0.1
3791, -0.2
3792, 0.3
3793, 0.2
3794, 0.2
3795, 0.1
3796, -0.2
3797, -0.2
3798, 0.4
3799, 0.0
3800, 0.1
3801, -0.3
3802, 0.1
3803, -0.1
3804, -0.1
3805, 0.0
3806, 0.3
3807, 0.0
3808, -0.3
3809, 0.1
3810, 0.2
3811, -0.2
3812, -0.4
3813, 0.2
3814, -0.1
3815, 0.3
3816, -0.1
3817, -0.1
3818, -0.2
3819, 0.0
3820, 0.1
3821, 0.1
3822, 0.0
3823, 0.1
3824, -0.1
3825, 0.2
3826, -0.1
3827, 0.0
3828, -0.3
3829, 0.0
3830, -0.3
3831, 0.3
3832, 0.2
3833, 0.2
3834, 0.3
3835, 0.2
3836, -0.1
3837, -0.1
3838, -0.4
3839, -0.1
3840, -0.5
3841, -0.7
3842, 0.2
3843, 0.1
3844, 0.1
3845, 0.5
3846, -0.3
3847, 0.3
3848, 0.2
3849, 0.3
3850, 0.4
3851, -0.5
3852, 0.0
3853, 0.3
3854, 0.2
3855, -0.1
3856, -0.2
3857, 0.0
3858, 0.2
3859, 0.0
3860, 0.4
3861, 0.0
3862, -0.5
3863, -0.2
3864, -0.1
3865, 0.0
3866, 0.2
3867, 0.1
3868, 0.1
3869, 0.3
3870, 0.2
3871, 0.1
3872, -0.3
3873, 0.4
3874, 0.0
3875, 0.2
3876, 0.0
3877, 0.2
3878, -0.1
3879, 0.3
3880, -0.3
3881, 0.1
3882, -0.1
3883, -0.3
3884, -0.2
3885, 0.1
3886, 0.1
3887, 0.0
3888, 0.1
3889, 0.1
3890, -0.3
3891, 0.0
3892, 0.2
3893, -0.2
3894, 0.1
3895, -0.1
3896, 0.3
3897, 0.3
3898, 0.0
3899, 0.1
3900, 0.1
3901, -0.3
3902, 0.1
3903, -0.1
3904, -0.2
3905, -0.5
3906, -0.3
3907, 0.0
3908, -0.1
3909, -0.2
3910, 0.3
3911, 0.1
3912, -0.5
3913, -0.3
3914, 0.0
3915, -0.3
3916, 0.2
3917, 0.0
3918, -0.5
3919, 0.1
3920, -0.2
3921, 0.0
3922, 0.3
3923, 0.0
3924, 0.1
3925, -0.7
3926, 0.3
3927, 0.3
3928, -0.4
3929, 0.1
3930, 0.3
3931, 0.3
3932, -0.3
3933, -0.4
3934, 0.4
3935, 0.4
3936, -0.1
3937, 0.1
3938, -0.2
3939, 0.3
3940, -0.2
3941, 0.1
3942, 0.2
3943, -0.1
3944, -0.1
3945, 0.2
3946, 0.0
3947, 0.2
3948, 0.1
3949, 0.0
3950, -0.4
3951, 0.4
3952, 0.0
3953, 0.1
3954, -0.3
3955, 0.2
3956, -0.1
3957, -0.1
3958, 0.3
3959, 0.0
3960, 0.1
3961, -0.1
3962, 0.1
3963, -0.2
3964, -0.1
3965, 0.2
3966, -0.2
3967, -0.4
3968, -0.1
3969, -0.5
3970, 0.1
3971, 0.0
3972, 0.3
3973, -0.3
3974, 0.3
3975, 0.2
3976, 0.2
3977, 0.0
3978, 0.2
3979, 0.3
3980, 0.2
3981, 0.0
3982, -0.2
3983, 0.0
3984, 0.2
3985, 0.4
3986, 0.0
3987, 0.2
3988, 0.2
3989, 0.4
3990, -0.1
3991, -0.4
3992, 0.1
3993, 0.2
3994, 0.2
3995, 0.0
3996, -0.3
3997, 0.1
3998, 0.1
3999, -0.2
