0, 0.1
1, -0.1
2, 0.4
3, -0.3
4, -0.2
5, -0.1
6, -0.6
7, -0.4
8, -0.2
9, 0.1
10, 0.2
11, 0.2
12, 0.3
13, -0.5
14, 0.0
15, 0.0
16, -0.1
17, -0.1
18, -0.1
19, 0.5
20, 0.2
21, -0.2
22, 0.1
23, 0.0
24, 0.4
25, -0.1
26, 0.2
27, 0.1
28, 0.0
29, 0.1
30, -0.1
31, 0.0
32, 0.3
33, 0.0
34, -0.5
35, 0.0
36, 0.1
37, -0.4
38, 0.0
39, -0.3
40, 0.0
41, -0.1
42, 0.1
43, 0.2
44, -0.2
45, -0.2
46, -0.7
47, -0.1
48, 0.2
49, 0.4
50, -0.5
51, -0.2
52, 0.4
53, 0.0
54, 0.1
55, 0.1
56, -0.2
57, -0.2
58, 0.2
59, -0.2
60, 0.1
61, -0.2
62, 0.2
63, -0.4
64, 0.0
65, 0.0
66, 0.0
67, 0.0
68, -0.4
69, -0.3
70, 0.2
71, 0.2
72, 0.5
73, 0.1
74, 0.1
75, -0.1
76, 0.0
77, -0.1
78, 0.0
79, -0.3
80, -0.2
81, -0.2
82, 0.3
83, 0.0
84, 0.0
85, 0.2
86, 0.2
87, 0.1
88, 0.4
89, -0.5
90, 0.0
91, -0.1
92, 0.3
93, 0.0
94, -0.1
95, 0.1
96, 0.1
97, 0.0
98, -0.2
99, 0.0
100, 0.3
101, 0.0
102, 0.0
103, -0.4
104, 0.1
105, 0.0
106, 0.1
107, -0.1
108, -0.2
109, 0.0
110, 0.1
111, -0.1
112, 0.0
113, -0.1
114, -0.3
115, -0.1
116, -0.2
117, -0.3
118, 0.2
119, -0.2
120, 0.2
121, -0.1
122, -0.1
123, -0.4
124, -0.3
125, -0.1
126, 0.0
127, -0.1
128, -0.5
129, 0.2
130, 0.3
131, -0.3
132, 0.2
133, -0.4
134, 0.0
135, 0.1
136, 0.3
137, 0.0
138, -0.1
139, -0.4
140, 0.3
141, 0.0
142, -0.3
143, 0.2
144, 0.2
145, 0.1
146, -0.1
147, -0.1
148, 0.3
149, 0.1
150, 0.0
151, 0.0
152, 0.0
153, 0.2
154, 0.0
155, -0.1
156, 0.1
157, 0.4
158, -0.6
159, -0.1
160, -0.4
161, -0.2
162, 0.4
163, -0.3
164, 0.4
165, 0.1
166, 0.1
167, 0.0
168, 0.1
169, 0.1
170, 0.3
171, 0.3
172, 0.5
173, 0.2
174, 0.2
175, 0.3
176, 0.4
177, 0.2
178, 0.1
179, 0.2
180, 0.1
181, 0.0
182, 0.0
183, 0.2
184, 0.0
185, -0.3
186, 0.1
187, 0.4
188, 0.3
189, 0.1
190, 0.0
191, 0.0
192, 0.1
193, 0.3
194, -0.6
195, -0.3
196, -0.2
197, -0.3
198, 0.1
199, -0.2
200, -0.1
201, -0.4
202, 0.1
203, 0.2
204, 0.3
205, 0.0
206, -0.3
207, 0.3
208, 0.2
209, 0.2
210, 0.4
211, -0.5
212, 0.2
213, 0.0
214, 0.1
215, -0.1
216, 0.2
217, -0.5
218, -0.2
219, 0.0
220, 0.3
221, -0.2
222, 0.1
223, 0.0
224, -0.2
225, -0.4
226, -0.1
227, -0.5
228, -0.2
229, 0.5
230, -0.1
231, 0.5
232, 0.4
233, -0.1
234, 0.2
235, -0.3
236, 0.1
237, 0.0
238, 0.3
239, -0.2
240, 0.0
241, 0.3
242, -0.1
243, 0.4
244, 0.3
245, 0.2
246, -0.4
247, 0.2
248, 0.3
249, 0.1
250, 0.4
251, -0.1
252, 0.2
253, 0.1
254, 0.2
255, -0.1
256, -0.6
257, -0.4
258, 0.2
259, 0.1
260, 0.2
261, 0.3
262, 0.1
263, 0.2
264, 0.2
265, -0.1
266, -0.1
267, -0.1
268, 0.1
269, 0.2
270, 0.2
271, -0.1
272, -0.3
273, -0.3
274, 0.2
275, 0.3
276, -0.1
277, 0.0
278, -0.1
279, 0.0
280, 0.0
281, 0.0
282, 0.1
283, 0.1
284, 0.0
285, -0.1
286, 0.1
287, 0.0
288, 0.1
289, 0.0
290, -0.1
291, 0.1
292, 0.4
293, 0.3
294, 0.1
295, -0.2
296, 0.4
297, 0.5
298, 0.1
299, 0.0
300, -0.1
301, 0.0
302, -0.3
303, -0.2
304, 0.5
305, 0.0
306, 0.3
307, -0.2
308, -0.3
309, -0.6
310, 0.2
311, -0.2
312, -0.1
313, 0.3
314, 0.2
315, 0.0
316, 0.1
317, 0.1
318, 0.2
319, 0.2
320, 0.0
321, 0.3
322, 0.4
323, 0.3
324, 0.3
325, 0.1
326, 0.0
327, 0.4
328, 0.2
329, 0.2
330, 0.1
331, 0.3
332, 0.0
333, 0.0
334, 0.0
335, 0.4
336, -0.1
337, -0.3
338, 0.1
339, 0.3
340, -0.1
341, -0.1
342, -0.1
343, 0.2
344, -0.5
345, 0.1
346, -0.4
347, 0.2
348, 0.2
349, 0.4
350, -0.3
351, 0.0
352, 0.4
353, 0.2
354, -0.3
355, 0.1
356, -0.1
357, -0.4
358, -0.1
359, 0.1
360, -0.2
361, 0.1
362, 0.0
363, 0.0
364, 0.3
365, 0.3
366, 0.3
367, 0.3
368, 0.0
369, 0.2
370, 0.4
371, -0.2
372, 0.0
373, 0.3
374, -0.2
375, 0.1
376, 0.0
377, -0.2
378, 0.4
379, 0.1
380, -0.2
381, -0.2
382, 0.1
383, -0.3
384, 0.0
385, 0.2
386, -0.3
387, 0.0
388, 0.2
389, 0.2
390, 0.5
391, -0.2
392, 0.0
393, 0.2
394, -0.1
395, 0.1
396, -0.2
397, -0.3
398, 0.4
399, -0.2
400, 0.4
401, -0.3
402, -0.2
403, 0.3
404, -0.1
405, -0.1
406, -0.2
407, 0.2
408, -0.3
409, 0.1
410, 0.0
411, -0.4
412, -0.3
413, -0.4
414, 0.2
415, 0.3
416, -0.1
417, 0.0
418, 0.0
419, 0.0
420, 0.0
421, 0.0
422, -0.3
423, -0.1
424, 0.1
425, -0.1
426, -0.1
427, 0.0
428, -0.4
429, 0.2
430, 0.0
431, 0.4
432, -0.1
433, 0.0
434, 0.2
435, -0.1
436, -0.1
437, 0.1
438, 0.2
439, 0.2
440, 0.3
441, 0.0
442, 0.0
443, 0.1
444, -0.3
445, -0.1
446, 0.2
447, -0.1
448, 0.0
449, -0.1
450, -0.2
451, 0.0
452, 0.3
453, 0.3
454, -0.1
455, 0.2
456, 0.1
457, 0.0
458, 0.0
459, -0.2
460, 0.1
461, -0.4
462, 0.1
463, -0.1
464, 0.0
465, 0.1
466, -0.4
467, 0.0
468, -0.1
469, -0.1
470, -0.1
471, 0.2
472, 0.0
473, 0.2
474, -0.3
475, 0.3
476, -0.1
477, 0.1
478, 0.1
479, 0.2
480, -0.1
481, 0.0
482, -0.1
483, -0.1
484, 0.1
485, -0.2
486, 0.0
487, 0.1
488, -0.2
489, 0.3
490, 0.4
491, 0.2
492, 0.4
493, 0.1
494, 0.4
495, 0.3
496, 0.1
497, 0.3
498, -0.1
499, 0.2
500, -0.3
501, -0.1
502, -0.2
503, 0.2
504, 0.3
505, 0.2
506, 0.4
507, 0.3
508, 0.1
509, -0.2
510, -0.1
511, 0.2
512, 0.1
513, -0.1
514, 0.1
515, 0.1
516, 0.3
517, 0.2
518, 0.5
519, 0.3
520, 0.0
521, -0.3
522, 0.3
523, 0.0
524, 0.0
525, -0.4
526, 0.0
527, 0.2
528, 0.0
529, 0.1
530, -0.2
531, 0.0
532, 0.1
533, 0.0
534, 0.0
535, 0.1
536, -0.3
537, 0.1
538, -0.1
539, 0.0
540, 0.0
541, 0.0
542, -0.2
543, -0.3
544, -0.3
545, -0.2
546, 0.1
547, -0.1
548, 0.0
549, -0.1
550, 0.1
551, 0.0
552, 0.2
553, 0.1
554, -0.1
555, 0.0
556, -0.2
557, -0.3
558, -0.1
559, -0.2
560, 0.2
561, 0.3
562, 0.0
563, 0.1
564, 0.1
565, 0.2
566, 0.1
567, 0.2
568, -0.3
569, -0.1
570, 0.0
571, -0.6
572, 0.3
573, -0.3
574, 0.1
575, -0.2
576, 0.0
577, 0.0
578, -0.3
579, -0.1
580, -0.1
581, 0.0
582, -0.1
583, -0.3
584, 0.2
585, 0.3
586, 0.3
587, 0.1
588, 0.2
589, -0.5
590, 0.1
591, -0.4
592, -0.2
593, 0.2
594, 0.1
595, 0.4
596, 0.2
597, -0.4
598, 0.1
599, 0.0
600, -0.1
601, 0.0
602, -0.1
603, -0.1
604, 0.0
605, -0.3
606, -0.2
607, -0.3
608, 0.4
609, 0.0
610, 0.1
611, 0.2
612, 0.2
613, -0.1
614, 0.0
615, 0.0
616, 0.1
617, -0.4
618, -0.1
619, 0.1
620, 0.2
621, 0.1
622, 0.3
623, -0.2
624, 0.3
625, 0.3
626, -0.1
627, 0.1
628, -0.2
629, 0.1
630, 0.1
631, 0.4
632, 0.4
633, 0.1
634, 0.3
635, -0.2
636, -0.2
637, -0.1
638, -0.1
639, -0.1
640, 0.2
641, -0.1
642, 0.2
643, 0.1
644, 0.2
645, 0.0
646, -0.2
647, 0.0
648, -0.2
649, 0.0
650, 0.1
651, 0.1
652, -0.4
653, 0.1
654, 0.3
655, -0.2
656, 0.3
657, -0.2
658, 0.4
659, -0.3
660, -0.4
661, -0.2
662, 0.1
663, 0.1
664, 0.1
665, 0.4
666, 0.2
667, 0.2
668, 0.2
669, 0.4
670, 0.3
671, 0.0
672, -0.2
673, 0.0
674, 0.0
675, -0.3
676, 0.0
677, -0.3
678, -0.3
679, -0.2
680, 0.1
681, -0.3
682, -0.3
683, 0.2
684, 0.0
685, 0.2
686, 0.1
687, -0.2
688, -0.2
689, -0.3
690, 0.2
691, 0.1
692, -0.1
693, 0.1
694, 0.4
695, 0.0
696, 0.2
697, 0.1
698, 0.0
699, -0.1
700, 0.0
701, -0.2
702, 0.0
703, -0.1
704, 0.3
705, -0.3
706, -0.1
707, 0.0
708, 0.0
709, 0.1
710, -0.4
711, -0.1
712, -0.4
713, -0.1
714, 0.0
715, 0.3
716, 0.1
717, -0.1
718, -0.3
719, 0.0
720, -0.3
721, 0.2
722, -0.2
723, 0.0
724, 0.3
725, -0.2
726, 0.1
727, 0.2
728, 0.1
729, -0.2
730, 0.0
731, 0.3
732, 0.4
733, -0.5
734, -0.1
735, 0.1
736, 0.0
737, 0.2
738, -0.1
739, 0.0
740, 0.0
741, 0.1
742, 0.1
743, 0.1
744, 0.3
745, -0.2
746, -0.1
747, 0.2
748, -0.1
749, 0.1
750, -0.1
751, 0.0
752, -0.3
753, 0.0
754, 0.1
755, 0.0
756, 0.0
757, -0.2
758, -0.1
759, -0.1
760, 0.4
761, 0.1
762, 0.2
763, 0.3
764, 0.0
765, -0.1
766, -0.3
767, 0.0
768, 0.1
769, 0.0
770, -0.2
771, 0.0
772, 0.1
773, 0.0
774, 0.1
775, -0.1
776, 0.1
777, 0.1
778, -0.5
779, 0.0
780, 0.1
781, -0.1
782, 0.2
783, 0.0
784, -0.2
785, 0.1
786, -0.1
787, 0.0
788, -0.2
789, 0.3
790, 0.3
791, 0.0
792, 0.2
793, 0.1
794, -0.3
795, 0.0
796, 0.4
797, -0.1
798, -0.1
799, 0.4
800, -0.1
801, 0.1
802, 0.2
803, 0.2
804, 0.0
805, 0.1
806, 0.1
807, -0.2
808, -0.2
809, -0.1
810, 0.4
811, -0.3
812, 0.0
813, 0.0
814, 0.0
815, 0.2
816, 0.2
817, 0.2
818, -0.2
819, 0.1
820, -0.4
821, -0.4
822, 0.4
823, -0.1
824, -0.2
825, 0.2
826, 0.1
827, 0.1
828, 0.0
829, 0.1
830, 0.2
831, -0.4
832, 0.0
833, -0.2
834, 0.5
835, 0.0
836, 0.0
837, -0.2
838, -0.3
839, 0.1
840, -0.1
841, -0.2
842, -0.1
843, 0.3
844, 0.0
845, 0.3
846, 0.2
847, -0.2
848, 0.3
849, -0.4
850, 0.0
851, -0.1
852, 0.2
853, 0.0
854, 0.2
855, 0.0
856, 0.2
857, 0.2
858, 0.0
859, -0.7
860, 0.0
861, 0.0
862, -0.1
863, 0.2
864, -0.1
865, -0.1
866, 0.0
867, 0.0
868, 0.3
869, -0.3
870, -0.3
871, 0.2
872, -0.1
873, 0.2
874, -0.1
875, -0.2
876, -0.1
877, 0.0
878, 0.0
879, -0.1
880, 0.2
881, 0.0
882, 0.3
883, -0.2
884, 0.0
885, 0.4
886, 0.1
887, -0.1
888, -0.3
889, -0.1
890, 0.5
891, 0.0
892, 0.0
893, 0.0
894, 0.0
895, 0.0
896, 0.1
897, -0.2
898, -0.2
899, 0.0
900, -0.4
901, 0.3
902, -0.5
903, 0.3
904, 0.1
905, 0.1
906, 0.3
907, -0.4
908, 0.0
909, 0.3
910, -0.1
911, 0.3
912, 0.1
913, 0.4
914, 0.0
915, -0.4
916, 0.1
917, 0.0
918, 0.1
919, 0.3
920, -0.2
921, -0.1
922, 0.3
923, 0.1
924, 0.0
925, 0.3
926, 0.1
927, 0.0
928, -0.1
929, 0.0
930, -0.4
931, 0.0
932, 0.0
933, 0.1
934, -0.1
935, 0.2
936, -0.2
937, -0.4
938, 0.1
939, 0.2
940, -0.1
941, 0.0
942, -0.2
943, 0.2
944, -0.2
945, 0.1
946, -0.1
947, -0.1
948, 0.1
949, -0.6
950, 0.1
951, -0.1
952, -0.4
953, -0.2
954, -0.1
955, -0.2
956, -0.2
957, -0.2
958, -0.3
959, -0.1
960, 0.2
961, 0.2
962, 0.3
963, 0.1
964, 0.3
965, 0.1
966, 0.1
967, 0.3
968, 0.0
969, 0.4
970, 0.2
971, 0.0
972, 0.2
973, 0.0
974, -0.4
975, 0.3
976, -0.1
977, -0.3
978, 0.0
979, 0.3
980, 0.0
981, -0.1
982, 0.0
983, 0.3
984, 0.1
985, -0.3
986, -0.1
987, -0.4
988, -0.2
989, -0.1
990, 0.5
991, -0.2
992, -0.6
993, -0.1
994, 0.0
995, -0.2
996, 0.0
997, 0.1
998, -0.1
999, 0.1
1000, -0.6
1001, 0.3
1002, -0.5
1003, 0.0
1004, 0.0
1005, 0.2
1006, 0.1
1007, -0.1
1008, -0.1
1009, -0.3
1010, 0.2
1011, -0.1
1012, 0.0
1013, -0.4
1014, 0.1
1015, 0.2
1016, -0.3
1017, -0.1
1018, -0.3
1019, 0.4
1020, -0.3
1021, 0.0
1022, -0.2
1023, -0.5
1024, 0.1
1025, 0.2
1026, 0.0
1027, 0.2
1028, -0.3
1029, 0.1
1030, 0.1
1031, 0.0
1032, 0.1
1033, -0.5
1034, -0.6
1035, 0.1
1036, -0.2
1037, -0.1
1038, 0.4
1039, -0.1
1040, 0.2
1041, 0.0
1042, 0.1
1043, 0.2
1044, 0.3
1045, -0.2
1046, 0.1
1047, 0.1
1048, -0.6
1049, 0.2
1050, 0.1
1051, 0.1
1052, 0.0
1053, 0.0
1054, 0.0
1055, 0.1
1056, 0.0
1057, 0.0
1058, 0.0
1059, 0.1
1060, 0.0
1061, 0.0
1062, 0.2
1063, -0.2
1064, 0.2
1065, -0.1
1066, -0.1
1067, 0.2
1068, -0.1
1069, 0.4
1070, 0.2
1071, 0.2
1072, -0.1
1073, 0.2
1074, 0.0
1075, 0.1
1076, -0.2
1077, 0.0
1078, -0.1
1079, 0.3
1080, 0.0
1081, 0.2
1082, -0.3
1083, -0.2
1084, 0.2
1085, 0.0
1086, -0.1
1087, 0.0
1088, 0.1
1089, -0.4
1090, -0.2
1091, 0.4
1092, -0.1
1093, -0.2
1094, -0.3
1095, 0.0
1096, -0.1
1097, -0.3
1098, -0.1
1099, 0.1
1100, -0.1
1101, -0.2
1102, 0.1
1103, -0.2
1104, 0.0
1105, 0.0
1106, 0.1
1107, -0.1
1108, -0.1
1109, 0.1
1110, -0.2
1111, -0.2
1112, 0.2
1113, 0.0
1114, 0.0
1115, 0.2
1116, 0.2
1117, -0.2
1118, 0.3
1119, -0.1
1120, -0.1
1121, -0.3
1122, 0.5
1123, -0.2
1124, 0.2
1125, -0.2
1126, 0.0
1127, -0.1
1128, 0.1
1129, -0.3
1130, -0.3
1131, 0.0
1132, 0.1
1133, -0.6
1134, 0.2
1135, 0.1
1136, 0.1
1137, 0.1
1138, -0.3
1139, 0.3
1140, 0.1
1141, -0.2
1142, -0.2
1143, -0.2
1144, -0.1
1145, 0.0
1146, 0.2
1147, 0.1
1148, 0.2
1149, 0.3
1150, 0.3
1151, 0.1
1152, -0.1
1153, 0.4
1154, -0.2
1155, 0.2
1156, 0.0
1157, 0.2
1158, 0.0
1159, 0.2
1160, 0.1
1161, -0.2
1162, 0.1
1163, -0.1
1164, 0.1
1165, -0.2
1166, -0.3
1167, 0.1
1168, 0.1
1169, 0.0
1170, 0.1
1171, 0.0
1172, -0.1
1173, 0.2
1174, 0.0
1175, 0.3
1176, -0.3
1177, 0.1
1178, -0.2
1179, -0.1
1180, -0.1
1181, -0.3
1182, 0.3
1183, -0.2
1184, 0.1
1185, 0.0
1186, 0.1
1187, 0.2
1188, -0.1
1189, -0.6
1190, 0.0
1191, 0.2
1192, 0.2
1193, 0.3
1194, 0.0
1195, 0.2
1196, 0.3
1197, 0.3
1198, -0.1
1199, -0.1
1200, -0.1
1201, 0.0
1202, 0.2
1203, 0.5
1204, -0.2
1205, 0.3
1206, -0.1
1207, -0.3
1208, 0.1
1209, 0.0
1210, -0.4
1211, -0.2
1212, -0.3
1213, -0.2
1214, -0.4
1215, -0.1
1216, 0.1
1217, 0.0
1218, 0.3
1219, -0.2
1220, 0.0
1221, -0.1
1222, -0.1
1223, -0.3
1224, 0.1
1225, 0.0
1226, 0.1
1227, -0.4
1228, -0.1
1229, 0.1
1230, 0.2
1231, 0.3
1232, 0.2
1233, 0.3
1234, -0.1
1235, 0.1
1236, -0.3
1237, -0.6
1238, 0.5
1239, 0.1
1240, 0.1
1241, -0.3
1242, 0.1
1243, -0.2
1244, 0.0
1245, 0.0
1246, 0.3
1247, 0.1
1248, -0.2
1249, 0.2
1250, -0.2
1251, 0.2
1252, -0.1
1253, 0.3
1254, 0.4
1255, 0.0
1256, 0.2
1257, -0.1
1258, 0.1
1259, 0.1
1260, 0.0
1261, 0.2
1262, 0.0
1263, 0.2
1264, 0.3
1265, -0.1
1266, -0.2
1267, -0.3
1268, -0.1
1269, 0.1
1270, -0.1
1271, -0.2
1272, 0.0
1273, 0.0
1274, 0.2
1275, -0.2
1276, -0.2
1277, 0.3
1278, -0.2
1279, 0.0
1280, -0.2
1281, -0.2
1282, -0.4
1283, 0.0
1284, 0.1
1285, -0.1
1286, -0.4
1287, -0.3
1288, 0.2
1289, -0.4
1290, 0.1
1291, -0.2
1292, -0.1
1293, 0.1
1294, 0.2
1295, 0.1
1296, 0.2
1297, 0.1
1298, 0.0
1299, 0.1
1300, 0.0
1301, 0.4
1302, 0.1
1303, 0.2
1304, 0.2
1305, 0.0
1306, -0.2
1307, 0.1
1308, -0.3
1309, -0.4
1310, 0.0
1311, 0.2
1312, 0.4
1313, -0.1
1314, 0.1
1315, 0.1
1316, 0.2
1317, 0.0
1318, -0.2
1319, 0.1
1320, -0.1
1321, 0.1
1322, -0.2
1323, -0.1
1324, 0.3
1325, -0.4
1326, 0.2
1327, -0.1
1328, 0.0
1329, 0.3
1330, 0.3
1331, 0.2
1332, -0.5
1333, 0.0
1334, -0.2
1335, 0.0
1336, 0.2
1337, -0.3
1338, 0.1
1339, 0.2
1340, 0.0
1341, -0.3
1342, -0.6
1343, 0.0
1344, -0.1
1345, -0.2
1346, -0.1
1347, -0.4
1348, 0.3
1349, 0.3
1350, -0.3
1351, 0.2
1352, -0.2
1353, 0.2
1354, -0.7
1355, 0.0
1356, -0.1
1357, 0.5
1358, 0.3
1359, 0.2
1360, -0.1
1361, -0.2
1362, 0.3
1363, 0.4
1364, 0.1
1365, 0.4
1366, 0.3
1367, 0.1
1368, 0.0
1369, -0.2
1370, -0.2
1371, -0.1
1372, 0.1
1373, 0.2
1374, 0.1
1375, -0.2
1376, -0.4
1377, 0.3
1378, 0.3
1379, -0.2
1380, 0.1
1381, 0.1
1382, 0.2
1383, -0.1
1384, 0.1
1385, -0.7
1386, 0.1
1387, -0.1
1388, -0.1
1389, 0.1
1390, -0.2
1391, 0.3
1392, 0.0
1393, -0.3
1394, -0.3
1395, 0.2
1396, -0.1
1397, 0.2
1398, 0.1
1399, -0.1
1400, 0.1
1401, 0.1
1402, 0.1
1403, 0.0
1404, 0.1
1405, 0.2
1406, -0.1
1407, 0.1
1408, -0.1
1409, -0.2
1410, -0.2
1411, -0.1
1412, 0.2
1413, -0.3
1414, 0.0
1415, -0.1
1416, 0.3
1417, -0.2
1418, -0.2
1419, 0.1
1420, -0.1
1421, -0.1
1422, -0.1
1423, -0.5
1424, 0.0
1425, -0.1
1426, 0.0
1427, 0.1
1428, 0.0
1429, 0.1
1430, 0.1
1431, 0.0
1432, -0.1
1433, 0.0
1434, 0.0
1435, -0.4
1436, 0.1
1437, -0.2
1438, 0.1
1439, 0.1
1440, -0.6
1441, -0.2
1442, 0.3
1443, 0.1
1444, 0.0
1445, 0.0
1446, -0.1
1447, 0.1
1448, -0.3
1449, 0.4
1450, -0.4
1451, -0.1
1452, 0.1
1453, 0.1
1454, 0.3
1455, 0.0
1456, -0.4
1457, -0.4
1458, -0.5
1459, -0.1
1460, 0.0
1461, 0.0
1462, 0.1
1463, -0.2
1464, -0.1
1465, -0.2
1466, -0.2
1467, 0.3
1468, -0.4
1469, -0.1
1470, 0.1
1471, 0.1
1472, -0.1
1473, -0.2
1474, 0.0
1475, 0.3
1476, -0.1
1477, 0.1
1478, 0.2
1479, 0.4
1480, 0.0
1481, 0.2
1482, -0.1
1483, -0.7
1484, 0.5
1485, 0.1
1486, 0.1
1487, 0.0
1488, 0.2
1489, 0.1
1490, -0.1
1491, -0.1
1492, 0.2
1493, 0.1
1494, 0.2
1495, 0.1
1496, -0.3
1497, -0.1
1498, 0.2
1499, 0.0
1500, 0.1
1501, 0.0
1502, 0.0
1503, -0.1
1504, 0.1
1505, -0.2
1506, 0.1
1507, 0.0
1508, 0.1
1509, -0.5
1510, 0.5
1511, 0.2
1512, 0.1
1513, 0.3
1514, 0.3
1515, 0.3
1516, -0.2
1517, 0.0
1518, 0.1
1519, 0.3
1520, 0.1
1521, -0.4
1522, -0.2
1523, -0.6
1524, 0.0
1525, 0.0
1526, 0.0
1527, -0.1
1528, -0.1
1529, 0.0
1530, 0.3
1531, 0.2
1532, -0.3
1533, -0.4
1534, -0.3
1535, -0.1
1536, -0.1
1537, -0.8
1538, -0.4
1539, 0.2
1540, -0.3
1541, -0.2
1542, -0.1
1543, -0.1
1544, 0.0
1545, 0.2
1546, 0.1
1547, -0.1
1548, 0.0
1549, 0.1
1550, 0.0
1551, 0.3
1552, -0.4
1553, 0.2
1554, 0.2
1555, -0.4
1556, 0.2
1557, 0.0
1558, 0.0
1559, -0.3
1560, -0.2
1561, 0.1
1562, 0.4
1563, -0.2
1564, 0.3
1565, -0.1
1566, 0.0
1567, -0.1
1568, 0.3
1569, -0.3
1570, 0.2
1571, 0.3
1572, 0.2
1573, 0.1
1574, -0.1
1575, 0.2
1576, -0.1
1577, -0.4
1578, -0.3
1579, 0.0
1580, 0.0
1581, -0.1
1582, 0.0
1583, 0.4
1584, 0.3
1585, 0.0
1586, 0.3
1587, 0.1
1588, 0.0
1589, 0.1
1590, 0.3
1591, 0.2
1592, 0.4
1593, -0.1
1594, -0.1
1595, 0.2
1596, 0.2
1597, 0.4
1598, 0.1
1599, 0.0
1600, -0.3
1601, 0.2
1602, 0.2
1603, 0.0
1604, -0.2
1605, 0.0
1606, -0.1
1607, -0.2
1608, 0.3
1609, -0.1
1610, 0.1
1611, 0.1
1612, -0.2
1613, 0.0
1614, -0.1
1615, 0.3
1616, -0.3
1617, 0.0
1618, -0.1
1619, -0.4
1620, -0.4
1621, 0.0
1622, -0.1
1623, -0.2
1624, 0.2
1625, -0.1
1626, -0.2
1627, 0.1
1628, 0.1
1629, 0.1
1630, -0.2
1631, 0.2
1632, -0.3
1633, 0.2
1634, 0.3
1635, -0.3
1636, -0.2
1637, 0.0
1638, 0.3
1639, 0.2
1640, 0.4
1641, -0.1
1642, 0.0
1643, 0.0
1644, 0.1
1645, -0.2
1646, 0.1
1647, 0.1
1648, 0.0
1649, 0.0
1650, 0.1
1651, -0.3
1652, -0.3
1653, -0.2
1654, -0.5
1655, 0.1
1656, 0.3
1657, -0.1
1658, 0.3
1659, 0.1
1660, -0.1
1661, -0.4
1662, -0.3
1663, 0.0
1664, 0.3
1665, -0.2
1666, -0.4
1667, 0.3
1668, 0.2
1669, 0.0
1670, 0.2
1671, -0.3
1672, -0.6
1673, 0.2
1674, -0.3
1675, -0.4
1676, 0.1
1677, -0.1
1678, -0.4
1679, 0.2
1680, 0.0
1681, 0.3
1682, -0.2
1683, 0.0
1684, -0.2
1685, 0.2
1686, -0.2
1687, 0.0
1688, 0.3
1689, 0.0
1690, 0.4
1691, 0.0
1692, -0.5
1693, 0.1
1694, -0.3
1695, -0.1
1696, 0.5
1697, 0.3
1698, 0.0
1699, 0.2
1700, 0.5
1701, 0.3
1702, 0.0
1703, -0.1
1704, 0.2
1705, 0.2
1706, -0.1
1707, 0.2
1708, -0.3
1709, 0.1
1710, -0.4
1711, 0.1
1712, -0.3
1713, 0.1
1714, 0.2
1715, 0.0
1716, 0.2
1717, 0.1
1718, 0.2
1719, 0.3
1720, 0.0
1721, 0.1
1722, 0.3
1723, -0.4
1724, 0.1
1725, 0.1
1726, -0.4
1727, 0.3
1728, -0.4
1729, 0.0
1730, 0.1
1731, -0.2
1732, 0.3
1733, 0.1
1734, 0.3
1735, -0.3
1736, 0.4
1737, -0.2
1738, 0.0
1739, -0.1
1740, 0.2
1741, 0.1
1742, -0.5
1743, 0.4
1744, 0.2
1745, 0.3
1746, -0.1
1747, -0.2
1748, 0.2
1749, -0.4
1750, 0.0
1751, -0.2
1752, 0.0
1753, 0.0
1754, -0.1
1755, 0.0
1756, 0.0
1757, 0.0
1758, 0.2
1759, -0.3
1760, -0.1
1761, -0.2
1762, 0.1
1763, 0.2
1764, 0.0
1765, 0.5
1766, 0.2
1767, 0.2
1768, 0.2
1769, -0.3
1770, 0.1
1771, 0.1
1772, -0.2
1773, 0.0
1774, -0.1
1775, 0.0
1776, -0.1
1777, 0.1
1778, 0.0
1779, 0.2
1780, -0.1
1781, 0.3
1782, 0.0
1783, -0.1
1784, -0.2
1785, -0.1
1786, 0.0
1787, 0.4
1788, 0.2
1789, 0.3
1790, 0.2
1791, 0.1
1792, 0.0
1793, 0.1
1794, 0.2
1795, 0.1
1796, 0.0
1797, -0.2
1798, -0.7
1799, -0.3
1800, 0.3
1801, 0.3
1802, -0.5
1803, 0.1
1804, 0.1
1805, 0.3
1806, -0.2
1807, -0.1
1808, 0.2
1809, -0.1
1810, 0.3
1811, -0.2
1812, 0.0
1813, 0.1
1814, 0.3
1815, 0.2
1816, -0.4
1817, 0.1
1818, -0.1
1819, 0.3
1820, 0.2
1821, 0.3
1822, 0.2
1823, -0.2
1824, 0.3
1825, 0.1
1826, 0.2
1827, 0.3
1828, 0.2
1829, -0.1
1830, -0.1
1831, 0.0
1832, 0.0
1833, 0.0
1834, -0.1
1835, 0.0
1836, 0.1
1837, 0.2
1838, 0.4
1839, 0.2
1840, 0.0
1841, -0.3
1842, 0.0
1843, 0.0
1844, -0.2
1845, -0.2
1846, 0.0
1847, -0.1
1848, 0.2
1849, -0.2
1850, 0.0
1851, -0.1
1852, 0.0
1853, -0.1
1854, 0.0
1855, 0.0
1856, 0.3
1857, -0.2
1858, 0.1
1859, 0.0
1860, 0.2
1861, 0.1
1862, 0.2
1863, 0.3
1864, -0.3
1865, 0.0
1866, 0.1
1867, 0.0
1868, -0.2
1869, -0.3
1870, 0.0
1871, 0.0
1872, -0.1
1873, -0.1
1874, 0.2
1875, 0.0
1876, 0.3
1877, 0.2
1878, 0.0
1879, -0.1
1880, -0.4
1881, 0.3
1882, -0.3
1883, 0.0
1884, 0.2
1885, 0.2
1886, -0.3
1887, 0.0
1888, -0.2
1889, 0.1
1890, 0.2
1891, 0.2
1892, 0.1
1893, -0.2
1894, -0.1
1895, 0.1
1896, -0.1
1897, 0.2
1898, -0.2
1899, 0.2
1900, 0.1
1901, 0.0
1902, 0.5
1903, -0.1
1904, -0.4
1905, 0.4
1906, 0.3
1907, -0.3
1908, -0.3
1909, -0.1
1910, -0.1
1911, 0.0
1912, -0.2
1913, -0.1
1914, -0.2
1915, -0.5
1916, 0.0
1917, 0.0
1918, 0.1
1919, 0.5
1920, -0.1
1921, -0.1
1922, -0.5
1923, 0.4
1924, -0.2
1925, -0.2
1926, 0.0
1927, 0.2
1928, 0.1
1929, -0.2
1930, -0.3
1931, 0.3
1932, 0.1
1933, 0.1
1934, -0.1
1935, -0.3
1936, 0.2
1937, -0.4
1938, -0.4
1939, 0.0
1940, -0.2
1941, -0.2
1942, 0.0
1943, 0.2
1944, 0.1
1945, -0.4
1946, -0.1
1947, -0.1
1948, -0.2
1949, -0.2
1950, 0.0
1951, 0.0
1952, 0.2
1953, -0.2
1954, -0.2
1955, 0.2
1956, 0.1
1957, -0.3
1958, -0.1
1959, 0.1
1960, -0.2
1961, 0.4
1962, 0.0
1963, 0.0
1964, -0.2
1965, -0.6
1966, 0.3
1967, 0.4
1968, 0.0
1969, 0.1
1970, -0.1
1971, -0.1
1972, 0.2
1973, -0.3
1974, -0.1
1975, 0.2
1976, 0.0
1977, -0.1
1978, 0.1
1979, 0.1
1980, -0.3
1981, -0.2
1982, 0.2
1983, 0.0
1984, 0.4
1985, -0.1
1986, 0.0
1987, -0.3
1988, -0.4
1989, 0.1
1990, 0.0
1991, -0.7
1992, 0.2
1993, -0.2
1994, 0.0
1995, 0.0
1996, 0.1
1997, -0.1
1998, -0.1
1999, 0.1
2000, -0.1
2001, 0.1
2002, -0.2
2003, 0.2
2004, -0.2
2005, 0.2
2006, 0.4
2007, 0.2
2008, 0.2
2009, 0.1
2010, 0.0
2011, -0.2
2012, -0.3
2013, -0.1
2014, -0.1
2015, -0.5
2016, 0.1
2017, 0.3
2018, 0.0
2019, 0.4
2020, 0.0
2021, 0.1
2022, -0.1
2023, 0.2
2024, 0.2
2025, -0.1
2026, 0.4
2027, -0.2
2028, 0.3
2029, 0.3
2030, 0.0
2031, -0.3
2032, -0.1
2033, 0.5
2034, -0.1
2035, 0.3
2036, 0.5
2037, -0.3
2038, 0.1
2039, 0.0
2040, -0.6
2041, 0.3
2042, -0.1
2043, -0.1
2044, 0.2
2045, 0.2
2046, 0.1
2047, -0.1
2048, -0.2
2049, -0.1
2050, -0.1
2051, 0.2
2052, -0.3
2053, -0.2
2054, 0.1
2055, 0.2
2056, 0.0
2057, -0.5
2058, 0.2
2059, 0.2
2060, -0.1
2061, 0.2
2062, -0.1
2063, -0.1
2064, 0.0
2065, -0.2
2066, -0.3
2067, 0.2
2068, 0.1
2069, 0.2
2070, 0.0
2071, 0.2
2072, 0.4
2073, 0.1
2074, 0.2
2075, 0.0
2076, 0.0
2077, 0.0
2078, 0.0
2079, 0.1
2080, 0.1
2081, -0.4
2082, 0.3
2083, 0.4
2084, 0.0
2085, 0.2
2086, 0.2
2087, -0.4
2088, 0.1
2089, 0.1
2090, -0.1
2091, 0.1
2092, 0.2
2093, 0.1
2094, -0.2
2095, 0.1
2096, -0.2
2097, 0.0
2098, -0.7
2099, 0.2
2100, -0.5
2101, 0.5
2102, -0.3
2103, 0.4
2104, 0.4
2105, -0.2
2106, 0.3
2107, 0.1
2108, -0.3
2109, 0.4
2110, -0.2
2111, 0.0
2112, 0.3
2113, -0.5
2114, -0.2
2115, -0.1
2116, 0.3
2117, -0.3
2118, 0.0
2119, -0.1
2120, -0.2
2121, -0.3
2122, 0.0
2123, -0.3
2124, 0.0
2125, -0.1
2126, 0.4
2127, 0.0
2128, 0.0
2129, 0.5
2130, 0.1
2131, 0.1
2132, 0.3
2133, 0.2
2134, -0.5
2135, 0.1
2136, -0.2
2137, 0.1
2138, 0.2
2139, 0.4
2140, 0.2
2141, -0.1
2142, -0.5
2143, 0.0
2144, 0.0
2145, 0.3
2146, -0.2
2147, -0.1
2148, 0.2
2149, 0.0
2150, -0.4
2151, -0.3
2152, -0.2
2153, -0.4
2154, 0.2
2155, 0.1
2156, 0.0
2157, -0.2
2158, 0.2
2159, 0.1
2160, 0.0
2161, 0.0
2162, -0.3
2163, 0.1
2164, -0.2
2165, 0.2
2166, -0.1
2167, 0.1
2168, -0.3
2169, 0.0
2170, -0.3
2171, -0.2
2172, -0.1
2173, 0.3
2174, 0.0
2175, 0.3
2176, 0.3
2177, -0.2
2178, 0.2
2179, 0.1
2180, -0.1
2181, 0.0
2182, 0.1
2183, -0.1
2184, -0.7
2185, -0.2
2186, 0.3
2187, -0.1
2188, 0.2
2189, -0.7
2190, -0.1
2191, -0.1
2192, 0.2
2193, 0.0
2194, 0.1
2195, -0.1
2196, -0.2
2197, -0.4
2198, 0.4
2199, 0.2
2200, 0.3
2201, 0.1
2202, 0.1
2203, 0.3
2204, 0.0
2205, 0.3
2206, -0.1
2207, 0.0
2208, 0.3
2209, 0.0
2210, 0.1
2211, -0.1
2212, 0.1
2213, 0.5
2214, 0.2
2215, -0.2
2216, -0.2
2217, -0.4
2218, -0.2
2219, 0.3
2220, 0.1
2221, 0.0
2222, 0.2
2223, 0.4
2224, 0.1
2225, 0.2
2226, -0.1
2227, 0.0
2228, 0.4
2229, 0.3
2230, 0.4
2231, 0.1
2232, 0.0
2233, -0.1
2234, 0.0
2235, 0.2
2236, 0.1
2237, 0.2
2238, 0.4
2239, 0.0
2240, 0.2
2241, -0.5
2242, 0.1
2243, 0.3
2244, 0.1
2245, -0.4
2246, 0.5
2247, 0.1
2248, -0.1
2249, 0.0
2250, 0.1
2251, 0.2
2252, 0.0
2253, -0.2
2254, -0.2
2255, -0.2
2256, -0.2
2257, 0.1
2258, 0.2
2259, 0.2
2260, 0.3
2261, 0.1
2262, 0.1
2263, -0.2
2264, 0.0
2265, -0.2
2266, -0.2
2267, 0.1
2268, 0.0
2269, -0.3
2270, 0.2
2271, 0.2
2272, -0.2
2273, 0.2
2274, 0.3
2275, -0.4
2276, 0.2
2277, 0.3
2278, 0.4
2279, 0.2
2280, 0.3
2281, -0.2
2282, 0.1
2283, -0.1
2284, -0.1
2285, -0.2
2286, -0.5
2287, 0.3
2288, -0.1
2289, -0.2
2290, -0.3
2291, 0.5
2292, 0.0
2293, 0.1
2294, 0.0
2295, -0.1
2296, 0.4
2297, 0.1
2298, 0.2
2299, 0.0
2300, 0.4
2301, 0.1
2302, 0.3
2303, -0.1
2304, -0.1
2305, 0.0
2306, 0.0
2307, 0.3
2308, 0.0
2309, -0.1
2310, -0.1
2311, -0.1
2312, 0.0
2313, 0.1
2314, -0.3
2315, 0.0
2316, 0.1
2317, -0.3
2318, 0.2
2319, 0.3
2320, 0.1
2321, 0.2
2322, 0.2
2323, -0.2
2324, 0.1
2325, 0.0
2326, -0.3
2327, 0.0
2328, 0.0
2329, 0.1
2330, 0.1
2331, -0.1
2332, 0.0
2333, -0.1
2334, 0.0
2335, 0.2
2336, 0.3
2337, -0.1
2338, 0.0
2339, 0.1
2340, 0.0
2341, -0.5
2342, 0.1
2343, -0.1
2344, -0.4
2345, -0.1
2346, 0.1
2347, 0.2
2348, 0.4
2349, 0.1
2350, 0.0
2351, -0.1
2352, 0.2
2353, 0.0
2354, 0.0
2355, 0.1
2356, -0.1
2357, 0.4
2358, 0.1
2359, 0.3
2360, 0.0
2361, 0.1
2362, 0.3
2363, 0.2
2364, 0.3
2365, 0.1
2366, -0.4
2367, -0.1
2368, -0.1
2369, 0.1
2370, -0.2
2371, -0.3
2372, 0.1
2373, -0.2
2374, 0.1
2375, 0.1
2376, 0.0
2377, -0.2
2378, -0.3
2379, 0.0
2380, 0.2
2381, -0.3
2382, -0.3
2383, 0.4
2384, 0.4
2385, -0.1
2386, 0.3
2387, -0.3
2388, 0.1
2389, 0.3
2390, -0.2
2391, 0.4
2392, -0.3
2393, -0.2
2394, 0.1
2395, -0.1
2396, 0.1
2397, -0.4
2398, -0.3
2399, 0.1
2400, 0.1
2401, 0.2
2402, -0.5
2403, -0.3
2404, 0.2
2405, 0.2
2406, -0.1
2407, 0.2
2408, 0.0
2409, 0.0
2410, 0.3
2411, -0.1
2412, -0.4
2413, -0.2
2414, 0.0
2415, -0.2
2416, 0.1
2417, -0.1
2418, 0.2
2419, 0.0
2420, 0.1
2421, 0.3
2422, 0.0
2423, 0.3
2424, 0.0
2425, 0.0
2426, 0.0
2427, -0.2
2428, -0.2
2429, 0.2
2430, 0.3
2431, 0.1
2432, -0.1
2433, 0.0
2434, 0.1
2435, -0.1
2436, 0.1
2437, 0.2
2438, -0.1
2439, -0.1
2440, -0.4
2441, 0.3
2442, 0.3
2443, -0.3
2444, -0.1
2445, 0.5
2446, -0.1
2447, 0.2
2448, 0.0
2449, 0.2
2450, 0.1
2451, 0.2
2452, 0.0
2453, -0.2
2454, 0.4
2455, -0.2
2456, 0.3
2457, 0.2
2458, 0.1
2459, -0.3
2460, 0.0
2461, 0.1
2462, -0.6
2463, 0.4
2464, 0.4
2465, -0.1
2466, 0.4
2467, 0.1
2468, 0.0
2469, 0.1
2470, -0.3
2471, 0.0
2472, -0.2
2473, 0.3
2474, 0.3
2475, 0.2
2476, -0.1
2477, -0.3
2478, -0.3
2479, -0.1
2480, -0.3
2481, 0.3
2482, 0.3
2483, -0.1
2484, 0.0
2485, -0.1
2486, 0.3
2487, -0.1
2488, -0.1
2489, 0.0
2490, 0.1
2491, -0.5
2492, 0.1
2493, 0.3
2494, 0.3
2495, 0.2
2496, 0.3
2497, 0.2
2498, 0.1
2499, -0.1
2500, -0.1
2501, 0.1
2502, 0.0
2503, 0.1
2504, 0.2
2505, 0.0
2506, 0.0
2507, 0.1
2508, 0.3
2509, 0.5
2510, 0.0
2511, 0.0
2512, 0.1
2513, -0.2
2514, 0.2
2515, -0.2
2516, -0.1
2517, 0.0
2518, 0.1
2519, 0.0
2520, 0.2
2521, -0.3
2522, 0.5
2523, -0.3
2524, -0.1
2525, -0.2
2526, -0.3
2527, -0.2
2528, 0.2
2529, -0.1
2530, -0.3
2531, 0.2
2532, 0.0
2533, -0.1
2534, 0.1
2535, 0.0
2536, 0.4
2537, 0.0
2538, -0.1
2539, 0.0
2540, 0.1
2541, -0.4
2542, 0.4
2543, 0.2
2544, -0.2
2545, 0.0
2546, 0.1
2547, 0.3
2548, -0.2
2549, 0.0
2550, 0.2
2551, -0.1
2552, 0.1
2553, 0.2
2554, -0.3
2555, 0.1
2556, 0.3
2557, 0.4
2558, 0.1
2559, -0.4
2560, -0.3
2561, 0.1
2562, -0.1
2563, 0.2
2564, 0.4
2565, -0.2
2566, 0.2
2567, -0.3
2568, -0.1
2569, 0.0
2570, 0.3
2571, 0.1
2572, 0.0
2573, 0.0
2574, 0.0
2575, 0.3
2576, -0.2
2577, -0.4
2578, -0.1
2579, 0.0
2580, 0.0
2581, 0.3
2582, -0.2
2583, 0.1
2584, -0.2
2585, 0.0
2586, 0.3
2587, 0.2
2588, 0.3
2589, 0.0
2590, -0.4
2591, 0.2
2592, 0.1
2593, -0.3
2594, -0.1
2595, 0.1
2596, -0.3
2597, 0.3
2598, -0.3
2599, 0.1
2600, 0.0
2601, -0.3
2602, -0.3
2603, 0.3
2604, 0.1
2605, -0.1
2606, 0.1
2607, 0.0
2608, 0.2
2609, -0.1
2610, 0.2
2611, 0.2
2612, 0.2
2613, 0.1
2614, -0.2
2615, -0.1
2616, -0.1
2617, 0.0
2618, -0.6
2619, -0.4
2620, -0.1
2621, -0.1
2622, 0.1
2623, 0.0
2624, 0.0
2625, -0.3
2626, -0.2
2627, 0.3
2628, 0.1
2629, 0.3
2630, -0.1
2631, 0.2
2632, 0.1
2633, 0.0
2634, 0.2
2635, -0.2
2636, -0.1
2637, 0.1
2638, 0.0
2639, -0.1
2640, 0.3
2641, 0.1
2642, -0.2
2643, -0.2
2644, -0.1
2645, 0.0
2646, 0.2
2647, 0.1
2648, -0.7
2649, 0.0
2650, 0.2
2651, -0.5
2652, -0.2
2653, -0.3
2654, 0.2
2655, -0.1
2656, -0.1
2657, 0.0
2658, 0.1
2659, 0.1
2660, 0.4
2661, 0.1
2662, 0.0
2663, -0.2
2664, -0.2
2665, 0.2
2666, -0.1
2667, -0.1
2668, 0.3
2669, 0.3
2670, -0.2
2671, -0.3
2672, -0.2
2673, 0.2
2674, -0.5
2675, -0.5
2676, 0.4
2677, -0.2
2678, -0.1
2679, 0.2
2680, -0.4
2681, -0.2
2682, 0.4
2683, -0.1
2684, -0.2
2685, 0.1
2686, 0.0
2687, -0.4
2688, 0.4
2689, 0.0
2690, -0.1
2691, -0.1
2692, 0.2
2693, 0.1
2694, -0.3
2695, 0.1
2696, 0.1
2697, -0.2
2698, -0.1
2699, 0.3
2700, -0.1
2701, 0.2
2702, 0.2
2703, 0.0
2704, 0.0
2705, 0.0
2706, -0.1
2707, 0.3
2708, 0.3
2709, -0.2
2710, 0.2
2711, 0.0
2712, 0.2
2713, -0.1
2714, 0.0
2715, 0.3
2716, 0.3
2717, -0.2
2718, 0.3
2719, 0.0
2720, 0.2
2721, 0.0
2722, -0.2
2723, 0.1
2724, 0.3
2725, -0.1
2726, -0.1
2727, -0.2
2728, -0.4
2729, 0.1
2730, 0.1
2731, -0.2
2732, 0.4
2733, 0.0
2734, -0.1
2735, 0.0
2736, 0.1
2737, 0.2
2738, 0.4
2739, -0.2
2740, 0.2
2741, 0.2
2742, -0.3
2743, 0.3
2744, 0.1
2745, -0.2
2746, 0.0
2747, 0.2
2748, 0.1
2749, -0.2
2750, 0.2
2751, 0.5
2752, 0.4
2753, 0.2
2754, 0.0
2755, -0.3
2756, 0.0
2757, 0.1
2758, -0.1
2759, 0.0
2760, 0.1
2761, -0.2
2762, 0.0
2763, 0.0
2764, -0.4
2765, -0.3
2766, -0.3
2767, 0.0
2768, -0.1
2769, 0.5
2770, 0.0
2771, 0.0
2772, -0.1
2773, -0.2
2774, 0.0
2775, 0.3
2776, 0.2
2777, 0.0
2778, -0.1
2779, 0.0
2780, -0.1
2781, 0.2
2782, 0.4
2783, -0.1
2784, 0.1
2785, -0.1
2786, -0.2
2787, 0.0
2788, -0.1
2789, 0.3
2790, -0.1
2791, -0.5
2792, -0.1
2793, 0.0
2794, -0.2
2795, 0.4
2796, 0.1
2797, -0.2
2798, 0.1
2799, 0.2
2800, 0.0
2801, 0.3
2802, -0.1
2803, 0.0
2804, 0.0
2805, 0.3
2806, 0.2
2807, 0.0
2808, -0.1
2809, 0.1
2810, 0.4
2811, -0.3
2812, 0.2
2813, -0.2
2814, -0.2
2815, -0.6
2816, 0.1
2817, -0.1
2818, -0.2
2819, -0.1
2820, 0.2
2821, 0.0
2822, -0.3
2823, -0.2
2824, -0.7
2825, 0.2
2826, 0.1
2827, 0.1
2828, 0.3
2829, 0.2
2830, 0.5
2831, 0.0
2832, -0.2
2833, 0.0
2834, 0.0
2835, 0.0
2836, 0.0
2837, 0.0
2838, 0.0
2839, 0.1
2840, 0.4
2841, 0.3
2842, 0.0
2843, 0.0
2844, -0.1
2845, -0.1
2846, 0.2
2847, 0.2
2848, 0.0
2849, -0.1
2850, 0.0
2851, 0.2
2852, 0.0
2853, 0.0
2854, 0.1
2855, 0.0
2856, -0.2
2857, -0.1
2858, -0.2
2859, -0.1
2860, 0.2
2861, 0.0
2862, -0.1
2863, -0.1
2864, 0.0
2865, -0.4
2866, 0.0
2867, 0.1
2868, -0.2
2869, 0.1
2870, -0.3
2871, -0.1
2872, 0.3
2873, 0.0
2874, 0.2
2875, 0.0
2876, 0.2
2877, -0.1
2878, -0.2
2879, 0.1
2880, 0.1
2881, -0.4
2882, -0.5
2883, -0.1
2884, 0.2
2885, 0.0
2886, -0.2
2887, -0.1
2888, 0.2
2889, -0.4
2890, 0.0
2891, -0.2
2892, -0.4
2893, 0.3
2894, 0.4
2895, 0.3
2896, -0.1
2897, 0.2
2898, 0.0
2899, 0.2
2900, 0.0
2901, -0.2
2902, -0.3
2903, -0.2
2904, -0.1
2905, 0.2
2906, 0.2
2907, -0.2
2908, 0.1
2909, 0.3
2910, -0.3
2911, -0.2
2912, 0.2
2913, -0.1
2914, 0.2
2915, 0.1
2916, 0.0
2917, -0.2
2918, -0.3
2919, -0.3
2920, 0.0
2921, 0.4
2922, 0.1
2923, 0.2
2924, -0.2
2925, 0.1
2926, 0.0
2927, 0.2
2928, 0.2
2929, -0.3
2930, -0.5
2931, 0.2
2932, 0.4
2933, -0.4
2934, 0.4
2935, -0.2
2936, -0.1
2937, 0.0
2938, -0.2
2939, -0.1
2940, 0.4
2941, 0.0
2942, 0.1
2943, 0.1
2944, 0.0
2945, -0.5
2946, 0.5
2947, -0.1
2948, -0.2
2949, 0.0
2950, -0.1
2951, -0.1
2952, 0.2
2953, -0.3
2954, 0.2
2955, 0.1
2956, 0.2
2957, -0.1
2958, 0.3
2959, 0.2
2960, 0.0
2961, 0.4
2962, 0.3
2963, -0.2
2964, -0.2
2965, 0.0
2966, 0.1
2967, 0.1
2968, -0.4
2969, -0.5
2970, 0.1
2971, 0.3
2972, -0.1
2973, 0.2
2974, -0.4
2975, 0.2
2976, 0.0
2977, 0.3
2978, -0.2
2979, 0.2
2980, -0.1
2981, 0.0
2982, -0.1
2983, -0.3
2984, 0.2
2985, -0.1
2986, 0.3
2987, -0.1
2988, -0.2
2989, -0.3
2990, 0.1
2991, 0.2
2992, 0.1
2993, 0.1
2994, 0.1
2995, 0.0
2996, -0.1
2997, 0.0
2998, 0.2
2999, -0.1
3000, 0.0
3001, 0.4
3002, -0.2
3003, -0.2
3004, -0.6
3005, -0.2
3006, 0.3
3007, 0.0
3008, -0.2
3009, -0.1
3010, 0.2
3011, 0.2
3012, -0.3
3013, 0.0
3014, 0.0
3015, 0.2
3016, 0.0
3017, -0.1
3018, -0.1
3019, 0.4
3020, -0.3
3021, 0.3
3022, 0.3
3023, 0.2
3024, 0.1
3025, -0.2
3026, 0.1
3027, 0.2
3028, -0.2
3029, 0.2
3030, 0.2
3031, 0.3
3032, 0.2
3033, -0.3
3034, 0.4
3035, 0.1
3036, 0.2
3037, -0.2
3038, 0.1
3039, -0.1
3040, 0.0
3041, 0.0
3042, 0.1
3043, 0.1
3044, -0.2
3045, -0.1
3046, -0.2
3047, 0.1
3048, -0.3
3049, -0.1
3050, 0.3
3051, -0.4
3052, 0.2
3053, 0.2
3054, 0.1
3055, 0.3
3056, 0.1
3057, -0.2
3058, -0.1
3059, 0.1
3060, 0.4
3061, -0.2
3062, 0.2
3063, 0.2
3064, 0.1
3065, 0.2
3066, -0.1
3067, 0.3
3068, -0.1
3069, 0.1
3070, 0.2
3071, 0.2
3072, 0.2
3073, 0.3
3074, -0.3
3075, 0.5
3076, 0.0
3077, -0.3
3078, 0.4
3079, 0.1
3080, 0.0
3081, 0.3
3082, 0.3
3083, 0.1
3084, 0.3
3085, 0.3
3086, -0.2
3087, -0.1
3088, 0.3
3089, -0.3
3090, 0.2
3091, 0.1
3092, -0.1
3093, 0.0
3094, 0.3
3095, -0.3
3096, 0.2
3097, -0.2
3098, 0.2
3099, 0.1
3100, 0.2
3101, -0.2
3102, 0.3
3103, -0.3
3104, -0.1
3105, -0.6
3106, 0.4
3107, 0.1
3108, 0.0
3109, 0.1
3110, -0.2
3111, 0.0
3112, 0.1
3113, -0.3
3114, -0.3
3115, 0.1
3116, 0.2
3117, -0.3
3118, -0.1
3119, 0.3
3120, 0.2
3121, 0.1
3122, -0.4
3123, -0.1
3124, -0.3
3125, 0.0
3126, 0.3
3127, -0.1
3128, -0.2
3129, 0.1
3130, -0.1
3131, 0.0
3132, 0.2
3133, -0.5
3134, 0.0
3135, 0.1
3136, 0.1
3137, 0.0
3138, -0.3
3139, 0.3
3140, 0.4
3141, 0.1
3142, -0.2
3143, -0.2
3144, -0.1
3145, 0.2
3146, 0.3
3147, 0.2
3148, 0.1
3149, 0.0
3150, 0.5
3151, 0.1
3152, 0.0
3153, 0.3
3154, -0.3
3155, -0.1
3156, 0.3
3157, -0.2
3158, -0.2
3159, 0.1
3160, 0.0
3161, 0.0
3162, -0.2
3163, 0.5
3164, 0.2
3165, 0.2
3166, -0.1
3167, 0.0
3168, 0.2
3169, 0.3
3170, 0.1
3171, -0.1
3172, -0.1
3173, 0.1
3174, 0.0
3175, -0.1
3176, 0.3
3177, -0.2
3178, -0.2
3179, 0.0
3180, 0.3
3181, -0.2
3182, 0.0
3183, 0.0
3184, 0.0
3185, 0.1
3186, 0.3
3187, -0.1
3188, 0.1
3189, 0.2
3190, 0.2
3191, -0.3
3192, 0.4
3193, 0.3
3194, 0.0
3195, 0.3
3196, -0.3
3197, 0.2
3198, -0.1
3199, 0.0
3200, 0.4
3201, -0.1
3202, -0.2
3203, 0.1
3204, -0.1
3205, 0.3
3206, 0.3
3207, -0.3
3208, 0.0
3209, 0.1
3210, 0.2
3211, -0.2
3212, 0.3
3213, 0.3
3214, 0.2
3215, 0.1
3216, -0.1
3217, 0.2
3218, -0.1
3219, 0.0
3220, 0.1
3221, 0.1
3222, -0.1
3223, 0.0
3224, -0.3
3225, -0.2
3226, -0.3
3227, 0.1
3228, 0.2
3229, 0.1
3230, 0.3
3231, 0.3
3232, 0.5
3233, -0.2
3234, -0.1
3235, 0.0
3236, -0.1
3237, -0.2
3238, 0.3
3239, 0.2
3240, -0.2
3241, -0.2
3242, 0.3
3243, 0.2
3244, 0.2
3245, 0.2
3246, 0.3
3247, -0.1
3248, -0.1
3249, -0.3
3250, 0.0
3251, 0.2
3252, 0.1
3253, 0.1
3254, -0.2
3255, 0.0
3256, -0.2
3257, -0.5
3258, 0.1
3259, -0.3
3260, 0.1
3261, 0.0
3262, 0.1
3263, -0.2
3264, 0.0
3265, 0.1
3266, 0.2
3267, 0.2
3268, 0.1
3269, 0.1
3270, -0.1
3271, -0.1
3272, -0.3
3273, -0.2
3274, 0.3
3275, 0.2
3276, 0.1
3277, -0.2
3278, 0.1
3279, 0.3
3280, -0.3
3281, 0.1
3282, 0.1
3283, 0.3
3284, 0.3
3285, -0.1
3286, 0.1
3287, -0.2
3288, -0.5
3289, 0.2
3290, 0.1
3291, -0.1
3292, -0.3
3293, 0.1
3294, -0.3
3295, -0.4
3296, -0.1
3297, 0.1
3298, -0.2
3299, -0.5
3300, 0.0
3301, -0.1
3302, 0.0
3303, -0.2
3304, 0.0
3305, 0.2
3306, 0.0
3307, -0.1
3308, 0.3
3309, 0.0
3310, 0.1
3311, -0.3
3312, -0.3
3313, -0.1
3314, -0.3
3315, -0.3
3316, 0.1
3317, 0.0
3318, 0.0
3319, -0.2
3320, 0.4
3321, 0.1
3322, 0.2
3323, 0.2
3324, -0.4
3325, 0.4
3326, 0.3
3327, -0.2
3328, 0.2
3329, 0.2
3330, -0.1
3331, -0.1
3332, 0.0
3333, 0.4
3334, 0.3
3335, 0.3
3336, 0.0
3337, -0.1
3338, -0.1
3339, 0.1
3340, 0.4
3341, -0.2
3342, 0.2
3343, -0.8
3344, -0.3
3345, 0.0
3346, -0.5
3347, 0.0
3348, 0.1
3349, 0.3
3350, -0.6
3351, -0.5
3352, -0.1
3353, 0.2
3354, 0.3
3355, -0.5
3356, 0.0
3357, -0.4
3358, -0.4
3359, 0.1
3360, -0.3
3361, 0.4
3362, -0.1
3363, 0.0
3364, 0.3
3365, 0.0
3366, 0.4
3367, 0.2
3368, 0.1
3369, 0.4
3370, -0.2
3371, -0.5
3372, 0.0
3373, -0.1
3374, 0.5
3375, 0.3
3376, -0.5
3377, -0.3
3378, 0.1
3379, 0.2
3380, 0.1
3381, 0.0
3382, 0.1
3383, -0.2
3384, 0.1
3385, -0.2
3386, 0.1
3387, 0.0
3388, -0.2
3389, 0.1
3390, -0.2
3391, -0.1
3392, -0.6
3393, 0.1
3394, 0.4
3395, 0.2
3396, 0.1
3397, -0.1
3398, 0.1
3399, 0.1
3400, 0.1
3401, -0.1
3402, 0.0
3403, 0.4
3404, -0.4
3405, -0.2
3406, 0.3
3407, -0.3
3408, -0.2
3409, -0.2
3410, -0.4
3411, -0.3
3412, 0.4
3413, -0.3
3414, 0.3
3415, 0.0
3416, -0.2
3417, 0.4
3418, 0.1
3419, 0.1
3420, 0.2
3421, 0.0
3422, 0.0
3423, -0.2
3424, -0.1
3425, -0.1
3426, -0.3
3427, 0.4
3428, -0.2
3429, 0.1
3430, -0.1
3431, -0.5
3432, -0.3
3433, 0.0
3434, -0.1
3435, 0.2
3436, 0.2
3437, 0.3
3438, 0.0
3439, -0.2
3440, 0.1
3441, -0.5
3442, 0.1
3443, 0.0
3444, 0.2
3445, 0.1
3446, 0.0
3447, -0.1
3448, -0.1
3449, 0.2
3450, -0.3
3451, -0.3
3452, 0.3
3453, -0.2
3454, -0.1
3455, -0.3
3456, -0.3
3457, -0.3
3458, 0.0
3459, 0.1
3460, 0.5
3461, 0.3
3462, 0.1
3463, -0.2
3464, 0.1
3465, -0.3
3466, 0.1
3467, 0.4
3468, 0.1
3469, 0.0
3470, 0.1
3471, 0.2
3472, 0.0
3473, -0.1
3474, 0.0
3475, 0.2
3476, 0.0
3477, -0.3
3478, -0.3
3479, -0.2
3480, 0.0
3481, 0.2
3482, 0.1
3483, 0.0
3484, 0.0
3485, -0.1
3486, -0.2
3487, -0.5
3488, 0.3
3489, -0.3
3490, 0.0
3491, -0.1
3492, -0.1
3493, 0.1
3494, -0.3
3495, 0.0
3496, 0.2
3497, 0.3
3498, -0.7
3499, -0.1
3500, 0.0
3501, 0.1
3502, 0.0
3503, 0.0
3504, 0.1
3505, 0.3
3506, 0.0
3507, -0.3
3508, 0.3
3509, 0.0
3510, -0.6
3511, 0.3
3512, 0.1
3513, -0.2
3514, -0.1
3515, 0.0
3516, -0.2
3517, 0.0
3518, -0.1
3519, 0.1
3520, -0.3
3521, -0.1
3522, -0.3
3523, -0.6
3524, 0.0
3525, 0.1
3526, 0.4
3527, -0.3
3528, -0.4
3529, -0.2
3530, -0.2
3531, 0.1
3532, -0.1
3533, 0.2
3534, 0.0
3535, 0.1
3536, 0.1
3537, -0.2
3538, 0.1
3539, -0.2
3540, 0.0
3541, -0.1
3542, -0.1
3543, -0.4
3544, 0.0
3545, -0.2
3546, 0.1
3547, 0.1
3548, 0.2
3549, -0.1
3550, 0.1
3551, 0.1
3552, 0.1
3553, 0.1
3554, -0.2
3555, -0.3
3556, 0.1
3557, 0.4
3558, 0.3
3559, 0.4
3560, 0.0
3561, 0.1
3562, 0.1
3563, -0.3
3564, 0.2
3565, -0.1
3566, 0.0
3567, -0.6
3568, -0.3
3569, 0.0
3570, -0.2
3571, -0.1
3572, -0.4
3573, 0.1
3574, 0.1
3575, 0.2
3576, 0.1
3577, -0.2
3578, -0.3
3579, 0.1
3580, -0.5
3581, 0.2
3582, 0.4
3583, -0.5
3584, 0.0
3585, 0.3
3586, 0.3
3587, 0.1
3588, -0.4
3589, -0.3
3590, 0.1
3591, -0.2
3592, 0.4
3593, -0.1
3594, 0.1
3595, 0.2
3596, -0.1
3597, 0.2
3598, -0.2
3599, 0.4
3600, 0.1
3601, -0.3
3602, 0.1
3603, -0.4
3604, 0.0
3605, 0.3
3606, 0.3
3607, 0.2
3608, 0.1
3609, 0.1
3610, 0.3
3611, -0.1
3612, 0.5
3613, 0.1
3614, -0.1
3615, 0.1
3616, 0.3
3617, 0.0
3618, 0.5
3619, 0.0
3620, -0.4
3621, -0.1
3622, 0.1
3623, 0.2
3624, -0.2
3625, -0.1
3626, 0.2
3627, 0.0
3628, 0.1
3629, -0.4
3630, -0.3
3631, -0.1
3632, -0.1
3633, 0.3
3634, 0.2
3635, 0.3
3636, 0.0
3637, -0.4
3638, -0.3
3639, 0.2
3640, 0.4
3641, -0.1
3642, 0.1
3643, 0.1
3644, 0.2
3645, -0.3
3646, 0.2
3647, -0.2
3648, 0.1
3649, 0.2
3650, -0.5
3651, 0.0
3652, 0.1
3653, 0.1
3654, 0.1
3655, -0.3
3656, 0.4
3657, -0.3
3658, 0.0
3659, 0.0
3660, -0.8
3661, 0.1
3662, -0.1
3663, 0.0
3664, 0.0
3665, -0.2
3666, 0.0
3667, -0.1
3668, -0.2
3669, -0.1
3670, -0.4
3671, 0.2
3672, 0.1
3673, -0.2
3674, 0.2
3675, 0.4
3676, -0.1
3677, 0.3
3678, 0.2
3679, 0.2
3680, -0.1
3681, -0.1
3682, 0.2
3683, 0.1
3684, 0.0
3685, 0.2
3686, -0.1
3687, -0.2
3688, -0.4
3689, 0.2
3690, 0.3
3691, 0.0
3692, -0.1
3693, 0.1
3694, 0.3
3695, -0.1
3696, -0.2
3697, 0.0
3698, 0.2
3699, -0.3
3700, -0.1
3701, 0.2
3702, 0.1
3703, -0.3
3704, 0.0
3705, 0.2
3706, -0.5
3707, -0.2
3708, -0.1
3709, -0.1
3710, -0.2
3711, 0.3
3712, 0.0
3713, -0.1
3714, 0.0
3715, -0.3
3716, 0.2
3717, 0.3
3718, 0.1
3719, 0.1
3720, 0.1
3721, 0.1
3722, 0.1
3723, 0.0
3724, -0.8
3725, 0.2
3726, -0.2
3727, -0.1
3728, 0.3
3729, 0.0
3730, 0.0
3731, 0.3
3732, -0.6
3733, -0.3
3734, 0.3
3735, 0.2
3736, -0.5
3737, -0.2
3738, 0.3
3739, 0.4
3740, 0.2
3741, 0.2
3742, 0.4
3743, 0.1
3744, 0.2
3745, -0.1
3746, 0.2
3747, 0.4
3748, 0.3
3749, 0.1
3750, 0.3
3751, -0.2
3752, 0.4
3753, 0.0
3754, -0.2
3755, 0.0
3756, -0.1
3757, 0.1
3758, 0.0
3759, 0.1
3760, -0.5
3761, 0.1
3762, -0.3
3763, 0.1
3764, 0.3
3765, 0.1
3766, 0.1
3767, 0.1
3768, 0.2
3769, -0.2
3770, 0.3
3771, 0.0
3772, 0.1
3773, 0.3
3774, 0.0
3775, -0.4
3776, 0.0
3777, 0.2
3778, -0.4
3779, -0.2
3780, 0.2
3781, -0.1
3782, 0.0
3783, -0.4
3784, 0.4
3785, 0.2
3786, 0.0
3787, 0.4
3788, -0.2
3789, 0.2
3790, 0.3
3791, -0.2
3792, 0.0
3793, -0.1
3794, 0.1
3795, -0.3
3796, 0.5
3797, -0.5
3798, -0.1
3799, -0.2
3800, -0.6
3801, 0.3
3802, 0.0
3803, -0.1
3804, -0.2
3805, 0.2
3806, 0.2
3807, 0.0
3808, 0.0
3809, 0.2
3810, 0.0
3811, -0.2
3812, 0.2
3813, 0.0
3814, 0.3
3815, 0.1
3816, -0.2
3817, -0.1
3818, -0.4
3819, 0.3
3820, 0.4
3821, 0.2
3822, 0.5
3823, 0.2
3824, -0.1
3825, 0.4
3826, 0.3
3827, -0.2
3828, -0.2
3829, 0.2
3830, 0.2
3831, -0.2
3832, -0.2
3833, 0.3
3834, -0.1
3835, -0.2
3836, 0.1
3837, 0.0
3838, 0.0
3839, 0.3
3840, -0.2
3841, -0.2
3842, 0.2
3843, -0.1
3844, 0.4
3845, -0.3
3846, 0.1
3847, -0.4
3848, -0.2
3849, -0.1
3850, 0.2
3851, 0.0
3852, 0.3
3853, 0.2
3854, 0.2
3855, 0.2
3856, 0.2
3857, 0.2
3858, 0.3
3859, -0.4
3860, 0.2
3861, 0.1
3862, 0.2
3863, -0.2
3864, 0.0
3865, 0.1
3866, -0.2
3867, 0.0
3868, -0.2
3869, -0.2
3870, 0.1
3871, -0.2
3872, 0.0
3873, -0.2
3874, -0.4
3875, -0.1
3876, -0.3
3877, 0.3
3878, 0.0
3879, 0.1
3880, 0.1
3881, 0.1
3882, 0.2
3883, 0.2
3884, 0.4
3885, -0.2
3886, 0.0
3887, 0.0
3888, -0.4
3889, 0.3
3890, 0.1
3891, -0.3
3892, 0.0
3893, 0.1
3894, -0.5
3895, 0.0
3896, 0.2
3897, 0.3
3898, 0.0
3899, 0.4
3900, 0.1
3901, 0.2
3902, -0.2
3903, -0.1
3904, 0.1
3905, 0.1
3906, 0.0
3907, -0.4
3908, 0.1
3909, 0.2
3910, -0.2
3911, 0.1
3912, -0.3
3913, 0.3
3914, 0.0
3915, -0.3
3916, 0.3
3917, 0.3
3918, -0.1
3919, -0.1
3920, 0.1
3921, -0.3
3922, 0.2
3923, 0.0
3924, -0.2
3925, 0.0
3926, 0.2
3927, -0.1
3928, -0.3
3929, 0.5
3930, -0.1
3931, 0.0
3932, 0.3
3933, -0.1
3934, -0.3
3935, -0.1
3936, 0.0
3937, -0.1
3938, -0.3
3939, -0.1
3940, 0.2
3941, 0.2
3942, -0.2
3943, -0.3
3944, 0.3
3945, -0.1
3946, -0.4
3947, 0.1
3948, 0.3
3949, 0.3
3950, 0.1
3951, 0.1
3952, 0.3
3953, -0.2
3954, -0.1
3955, -0.2
3956, 0.1
3957, 0.3
3958, -0.2
3959, 0.2
3960, -0.1
3961, -0.4
3962, -0.1
3963, 0.4
3964, -0.1
3965, 0.2
3966, 0.1
3967, -0.1
3968, -0.1
3969, 0.3
3970, 0.2
3971, 0.2
3972, 0.0
3973, -0.1
3974, -0.4
3975, -0.1
3976, 0.3
3977, 0.1
3978, 0.2
3979, 0.2
3980, 0.1
3981, -0.5
3982, 0.0
3983, 0.3
3984, -0.1
3985, 0.2
3986, 0.0
3987, -0.1
3988, 0.0
3989, -0.1
3990, 0.1
3991, 0.0
3992, 0.2
3993, -0.1
3994, 0.1
3995, -0.2
3996, 0.3
3997, 0.0
3998, -0.1
3999, 0.4
