0, -0.1
1, -0.5
2, -0.1
3, -0.3
4, 0.5
5, 0.3
6, 0.6
7, 0.0
8, 0.1
9, 0.1
10, 0.1
11, -0.1
12, 0.5
13, -0.1
14, -0.3
15, 0.4
16, 0.5
17, 0.2
18, 0.0
19, -0.2
20, 0.0
21, 0.3
22, -0.2
23, 0.1
24, 0.1
25, 0.0
26, -0.5
27, -0.3
28, -0.1
29, -0.4
30, -0.3
31, -0.1
32, 0.4
33, 0.1
34, 0.1
35, -0.1
36, 0.6
37, -0.1
38, 0.0
39, 0.1
40, 0.2
41, 0.3
42, -0.1
43, -0.3
44, 0.1
45, -0.1
46, 0.1
47, -0.4
48, 0.0
49, 0.1
50, 0.2
51, 0.1
52, 0.4
53, -0.1
54, -0.5
55, 0.1
56, -0.2
57, 0.2
58, 0.2
59, 0.0
60, 0.0
61, 0.0
62, 0.0
63, -0.3
64, -0.2
65, -0.2
66, 0.3
67, 0.2
68, 0.2
69, -0.2
70, 0.0
71, 0.0
72, -0.1
73, 0.0
74, -0.2
75, -0.1
76, 0.1
77, 0.2
78, -0.2
79, 0.1
80, -0.1
81, -0.4
82, -0.1
83, 0.1
84, 0.0
85, -0.5
86, -0.2
87, -0.4
88, -0.3
89, 0.1
90, 0.1
91, -0.2
92, 0.3
93, -0.5
94, 0.2
95, -0.4
96, -0.2
97, -0.6
98, -0.1
99, -0.2
100, -0.1
101, 0.3
102, 0.1
103, 0.0
104, 0.2
105, 0.2
106, 0.4
107, 0.1
108, 0.4
109, 0.0
110, 0.1
111, -0.5
112, 0.1
113, 0.1
114, 0.1
115, 0.1
116, 0.3
117, 0.4
118, 0.3
119, 0.1
120, 0.0
121, 0.2
122, 0.2
123, 0.1
124, -0.2
125, -0.1
126, 0.1
127, -0.1
128, 0.2
129, -0.1
130, -0.2
131, -0.6
132, 0.1
133, 0.5
134, 0.0
135, -0.2
136, -0.3
137, -0.2
138, -0.4
139, -0.2
140, 0.2
141, -0.1
142, 0.1
143, -0.3
144, -0.3
145, 0.1
146, 0.1
147, 0.1
148, -0.1
149, -0.2
150, 0.1
151, 0.3
152, 0.2
153, -0.1
154, -0.5
155, -0.3
156, 0.1
157, -0.2
158, 0.0
159, 0.0
160, -0.1
161, 0.1
162, -0.1
163, -0.1
164, 0.1
165, 0.4
166, 0.0
167, -0.3
168, -0.1
169, -0.2
170, 0.1
171, -0.3
172, -0.3
173, -0.2
174, 0.0
175, 0.1
176, 0.2
177, 0.0
178, -0.4
179, 0.0
180, 0.1
181, -0.3
182, 0.2
183, -0.1
184, -0.4
185, 0.3
186, -0.3
187, -0.2
188, -0.2
189, -0.1
190, 0.4
191, 0.1
192, 0.3
193, 0.2
194, 0.2
195, 0.3
196, 0.1
197, 0.0
198, -0.3
199, -0.4
200, 0.0
201, -0.5
202, -0.5
203, -0.1
204, 0.1
205, -0.1
206, -0.2
207, -0.6
208, 0.3
209, -0.3
210, 0.1
211, 0.3
212, -0.1
213, 0.2
214, 0.2
215, 0.2
216, 0.1
217, -0.3
218, -0.3
219, 0.5
220, -0.6
221, 0.0
222, -0.5
223, -0.2
224, 0.3
225, 0.4
226, 0.0
227, -0.1
228, -0.3
229, 0.2
230, -0.3
231, 0.0
232, -0.2
233, -0.2
234, -0.2
235, -0.2
236, 0.3
237, -0.2
238, 0.4
239, -0.2
240, 0.1
241, 0.2
242, 0.2
243, 0.1
244, 0.2
245, -0.6
246, 0.1
247, -0.3
248, 0.3
249, 0.0
250, 0.2
251, 0.4
252, -0.3
253, 0.1
254, 0.0
255, 0.1
256, 0.2
257, -0.4
258, 0.4
259, -0.1
260, 0.3
261, 0.0
262, -0.1
263, -0.4
264, 0.2
265, 0.2
266, -0.1
267, 0.0
268, -0.1
269, -0.1
270, -0.1
271, 0.0
272, -0.2
273, -0.3
274, -0.1
275, -0.3
276, -0.2
277, 0.1
278, 0.1
279, 0.1
280, 0.2
281, -0.1
282, -0.4
283, 0.1
284, -0.5
285, 0.1
286, -0.5
287, 0.2
288, 0.1
289, -0.1
290, 0.1
291, 0.2
292, -0.2
293, 0.1
294, -0.4
295, 0.3
296, 0.2
297, 0.1
298, -0.3
299, -0.2
300, -0.1
301, 0.2
302, 0.2
303, -0.5
304, 0.3
305, 0.2
306, -0.1
307, -0.2
308, 0.0
309, 0.3
310, 0.2
311, 0.3
312, -0.4
313, 0.0
314, 0.1
315, 0.3
316, 0.1
317, 0.0
318, -0.2
319, 0.3
320, -0.3
321, -0.1
322, 0.0
323, -0.1
324, -0.3
325, 0.3
326, -0.1
327, 0.0
328, 0.1
329, 0.0
330, 0.1
331, -0.2
332, -0.1
333, 0.0
334, 0.5
335, 0.1
336, 0.2
337, 0.3
338, -0.2
339, 0.0
340, 0.1
341, -0.1
342, -0.2
343, 0.0
344, 0.1
345, 0.2
346, -0.1
347, -0.3
348, 0.2
349, 0.1
350, 0.3
351, -0.6
352, 0.0
353, -0.2
354, 0.2
355, -0.6
356, -0.1
357, -0.4
358, -0.2
359, 0.1
360, 0.0
361, 0.3
362, 0.1
363, -0.3
364, 0.0
365, 0.0
366, -0.5
367, 0.2
368, 0.2
369, 0.0
370, -0.1
371, 0.2
372, 0.3
373, -0.1
374, 0.4
375, -0.4
376, -0.3
377, 0.0
378, 0.1
379, -0.2
380, 0.1
381, 0.4
382, 0.1
383, -0.2
384, 0.1
385, 0.4
386, 0.0
387, -0.3
388, -0.2
389, 0.2
390, 0.3
391, 0.1
392, 0.1
393, 0.2
394, -0.3
395, -0.3
396, -0.3
397, -0.1
398, 0.0
399, 0.2
400, 0.4
401, 0.2
402, -0.1
403, -0.1
404, -0.1
405, 0.2
406, 0.4
407, 0.0
408, -0.4
409, -0.1
410, -0.2
411, 0.1
412, -0.1
413, 0.2
414, 0.3
415, 0.2
416, -0.1
417, -0.4
418, 0.4
419, 0.1
420, 0.0
421, 0.1
422, 0.3
423, 0.2
424, 0.2
425, -0.1
426, -0.1
427, 0.3
428, 0.0
429, -0.1
430, 0.2
431, -0.1
432, -0.3
433, 0.0
434, -0.2
435, 0.1
436, -0.1
437, 0.0
438, 0.0
439, 0.0
440, -0.4
441, -0.4
442, 0.2
443, 0.2
444, 0.0
445, 0.1
446, 0.5
447, 0.3
448, -0.1
449, 0.0
450, 0.0
451, -0.6
452, 0.3
453, 0.2
454, -0.1
455, 0.0
456, 0.2
457, -0.2
458, 0.1
459, 0.0
460, -0.3
461, 0.2
462, 0.1
463, -0.4
464, 0.4
465, 0.3
466, 0.3
467, -0.2
468, -0.3
469, 0.0
470, 0.2
471, 0.3
472, 0.0
473, -0.3
474, -0.4
475, 0.1
476, 0.3
477, -0.4
478, -0.4
479, 0.3
480, -0.4
481, 0.0
482, 0.1
483, 0.4
484, -0.3
485, -0.2
486, 0.0
487, -0.2
488, -0.1
489, -0.2
490, 0.3
491, -0.3
492, -0.3
493, 0.2
494, -0.3
495, 0.3
496, -0.2
497, 0.3
498, -0.1
499, -0.3
500, 0.1
501, -0.2
502, 0.1
503, 0.1
504, 0.2
505, 0.3
506, 0.0
507, -0.3
508, 0.4
509, -0.1
510, 0.0
511, -0.2
512, 0.0
513, 0.1
514, 0.2
515, 0.3
516, -0.2
517, 0.1
518, -0.1
519, 0.2
520, 0.0
521, -0.2
522, 0.3
523, -0.3
524, 0.0
525, -0.4
526, 0.2
527, -0.5
528, 0.0
529, 0.3
530, 0.0
531, -0.5
532, 0.5
533, -0.3
534, 0.2
535, -0.3
536, 0.3
537, 0.3
538, 0.2
539, 0.1
540, 0.3
541, 0.3
542, 0.2
543, 0.2
544, -0.5
545, -0.5
546, -0.2
547, 0.3
548, 0.2
549, 0.2
550, 0.2
551, -0.2
552, -0.4
553, -0.3
554, 0.1
555, -0.1
556, -0.1
557, 0.1
558, 0.2
559, 0.3
560, -0.1
561, -0.1
562, 0.3
563, 0.2
564, 0.0
565, -0.3
566, 0.2
567, -0.3
568, -0.3
569, -0.1
570, -0.1
571, 0.2
572, -0.3
573, 0.1
574, 0.2
575, 0.0
576, 0.3
577, -0.1
578, 0.1
579, 0.2
580, 0.1
581, 0.1
582, -0.4
583, -0.2
584, 0.2
585, 0.2
586, 0.0
587, -0.2
588, -0.2
589, -0.1
590, -0.2
591, -0.4
592, -0.1
593, 0.0
594, 0.2
595, -0.4
596, -0.2
597, 0.0
598, -0.1
599, 0.2
600, 0.3
601, 0.1
602, 0.1
603, 0.0
604, 0.3
605, -0.3
606, -0.3
607, 0.1
608, 0.1
609, -0.2
610, -0.2
611, 0.0
612, -0.4
613, -0.1
614, 0.4
615, -0.3
616, 0.3
617, 0.0
618, 0.0
619, 0.1
620, 0.0
621, 0.0
622, -0.4
623, -0.3
624, 0.1
625, 0.2
626, 0.0
627, 0.0
628, -0.1
629, 0.3
630, -0.2
631, 0.2
632, -0.2
633, 0.1
634, -0.2
635, -0.1
636, -0.2
637, 0.2
638, 0.2
639, -0.1
640, 0.3
641, 0.5
642, -0.3
643, 0.0
644, 0.2
645, 0.0
646, -0.2
647, -0.2
648, -0.2
649, -0.2
650, 0.1
651, -0.2
652, 0.1
653, 0.2
654, -0.5
655, 0.2
656, 0.3
657, 0.3
658, 0.2
659, 0.3
660, 0.0
661, 0.0
662, -0.2
663, -0.1
664, 0.0
665, 0.1
666, -0.1
667, 0.1
668, -0.3
669, 0.0
670, 0.3
671, 0.0
672, 0.1
673, 0.1
674, 0.0
675, 0.0
676, 0.2
677, 0.2
678, -0.1
679, 0.1
680, -0.2
681, -0.2
682, -0.1
683, 0.3
684, -0.1
685, 0.3
686, 0.2
687, -0.1
688, -0.2
689, 0.1
690, 0.0
691, 0.0
692, 0.3
693, -0.1
694, 0.2
695, -0.1
696, -0.1
697, 0.1
698, -0.1
699, -0.1
700, 0.4
701, -0.4
702, -0.1
703, 0.0
704, -0.1
705, -0.3
706, 0.2
707, 0.1
708, -0.1
709, -0.1
710, -0.1
711, -0.1
712, 0.0
713, 0.0
714, -0.1
715, 0.3
716, 0.1
717, 0.1
718, -0.1
719, -0.4
720, -0.2
721, 0.1
722, -0.5
723, 0.0
724, -0.2
725, -0.7
726, -0.3
727, 0.2
728, 0.0
729, 0.1
730, 0.0
731, 0.2
732, -0.1
733, 0.3
734, -0.1
735, -0.3
736, -0.2
737, 0.1
738, 0.0
739, -0.2
740, -0.2
741, 0.1
742, 0.1
743, -0.3
744, 0.2
745, -0.1
746, -0.1
747, 0.1
748, -0.5
749, -0.2
750, 0.1
751, -0.1
752, -0.1
753, -0.1
754, -0.3
755, 0.3
756, 0.1
757, -0.2
758, -0.2
759, -0.2
760, 0.2
761, 0.3
762, 0.1
763, 0.0
764, 0.3
765, -0.2
766, -0.2
767, 0.1
768, -0.3
769, 0.1
770, 0.0
771, -0.4
772, -0.2
773, -0.2
774, 0.3
775, 0.3
776, 0.2
777, -0.3
778, -0.1
779, -0.3
780, 0.2
781, 0.2
782, 0.3
783, 0.2
784, -0.1
785, 0.2
786, 0.3
787, -0.4
788, -0.1
789, 0.2
790, 0.0
791, 0.2
792, 0.1
793, -0.1
794, 0.1
795, -0.1
796, -0.2
797, -0.3
798, 0.2
799, 0.3
800, -0.3
801, 0.1
802, -0.5
803, 0.3
804, 0.1
805, -0.6
806, -0.3
807, 0.2
808, 0.2
809, 0.0
810, -0.4
811, 0.4
812, 0.2
813, 0.3
814, -0.1
815, 0.0
816, -0.3
817, -0.2
818, 0.0
819, 0.3
820, -0.2
821, -0.1
822, -0.2
823, -0.3
824, -0.3
825, -0.3
826, -0.2
827, 0.2
828, -0.2
829, 0.2
830, 0.1
831, 0.0
832, -0.2
833, 0.0
834, -0.1
835, 0.4
836, -0.2
837, -0.2
838, -0.2
839, 0.0
840, 0.1
841, 0.2
842, 0.1
843, -0.1
844, 0.1
845, 0.2
846, -0.4
847, 0.1
848, 0.0
849, 0.3
850, -0.1
851, 0.2
852, -0.3
853, 0.1
854, 0.1
855, 0.1
856, -0.2
857, -0.2
858, -0.3
859, 0.2
860, -0.1
861, -0.1
862, -0.2
863, -0.1
864, -0.3
865, 0.2
866, 0.3
867, -0.2
868, 0.1
869, -0.2
870, -0.2
871, -0.2
872, 0.2
873, 0.3
874, 0.3
875, -0.4
876, -0.1
877, 0.1
878, 0.2
879, 0.0
880, 0.2
881, 0.2
882, 0.0
883, 0.3
884, 0.1
885, -0.1
886, 0.2
887, 0.1
888, -0.6
889, 0.0
890, -0.2
891, -0.1
892, 0.1
893, 0.0
894, 0.3
895, -0.5
896, 0.1
897, 0.1
898, 0.0
899, -0.1
900, 0.0
901, 0.3
902, 0.1
903, -0.2
904, 0.2
905, -0.2
906, 0.2
907, -0.3
908, -0.2
909, 0.3
910, 0.3
911, -0.2
912, -0.4
913, 0.3
914, 0.0
915, 0.1
916, 0.3
917, -0.3
918, 0.2
919, 0.2
920, 0.5
921, -0.1
922, 0.2
923, 0.2
924, 0.0
925, 0.1
926, 0.2
927, 0.0
928, 0.5
929, -0.2
930, -0.1
931, 0.1
932, -0.3
933, 0.4
934, -0.5
935, -0.4
936, -0.1
937, -0.1
938, -0.4
939, 0.0
940, 0.2
941, -0.2
942, 0.4
943, 0.3
944, 0.0
945, -0.3
946, -0.2
947, 0.0
948, 0.1
949, -0.1
950, 0.0
951, 0.1
952, -0.1
953, -0.5
954, 0.0
955, -0.3
956, 0.1
957, 0.0
958, -0.1
959, 0.0
960, 0.2
961, -0.2
962, 0.0
963, -0.3
964, -0.2
965, 0.0
966, 0.1
967, 0.0
968, -0.2
969, 0.1
970, -0.1
971, 0.1
972, 0.0
973, -0.1
974, -0.2
975, -0.2
976, -0.5
977, 0.2
978, 0.2
979, 0.1
980, -0.2
981, -0.1
982, 0.3
983, 0.1
984, -0.4
985, -0.5
986, 0.0
987, 0.3
988, 0.1
989, -0.1
990, 0.4
991, 0.3
992, -0.2
993, -0.4
994, 0.1
995, 0.2
996, 0.1
997, -0.6
998, 0.1
999, -0.3
1000, 0.2
1001, 0.1
1002, -0.6
1003, 0.0
1004, 0.2
1005, 0.2
1006, -0.1
1007, 0.0
1008, 0.1
1009, 0.2
1010, 0.1
1011, 0.0
1012, 0.2
1013, -0.5
1014, 0.1
1015, 0.4
1016, 0.1
1017, 0.1
1018, 0.1
1019, 0.2
1020, 0.2
1021, -0.3
1022, -0.7
1023, 0.0
1024, -0.4
1025, 0.2
1026, -0.2
1027, 0.3
1028, 0.3
1029, -0.3
1030, 0.2
1031, -0.5
1032, 0.0
1033, 0.0
1034, 0.1
1035, 0.0
1036, 0.2
1037, 0.2
1038, 0.2
1039, -0.1
1040, -0.1
1041, -0.2
1042, -0.1
1043, 0.2
1044, -0.5
1045, -0.2
1046, 0.0
1047, 0.3
1048, 0.0
1049, 0.1
1050, -0.1
1051, 0.1
1052, 0.0
1053, -0.1
1054, 0.2
1055, -0.1
1056, 0.0
1057, 0.2
1058, 0.4
1059, 0.3
1060, 0.0
1061, -0.4
1062, 0.2
1063, 0.0
1064, -0.3
1065, 0.1
1066, -0.1
1067, -0.1
1068, -0.1
1069, 0.1
1070, -0.5
1071, 0.3
1072, 0.3
1073, 0.1
1074, 0.1
1075, 0.3
1076, 0.1
1077, 0.0
1078, -0.1
1079, 0.3
1080, 0.0
1081, 0.1
1082, -0.1
1083, -0.1
1084, -0.4
1085, 0.3
1086, 0.2
1087, 0.0
1088, 0.0
1089, 0.1
1090, 0.2
1091, -0.1
1092, 0.3
1093, 0.2
1094, 0.1
1095, -0.3
1096, 0.0
1097, 0.4
1098, -0.6
1099, 0.0
1100, -0.1
1101, 0.0
1102, -0.3
1103, 0.0
1104, -0.2
1105, 0.3
1106, 0.0
1107, -0.1
1108, -0.1
1109, 0.0
1110, 0.1
1111, 0.3
1112, 0.0
1113, 0.0
1114, 0.2
1115, -0.1
1116, 0.1
1117, -0.1
1118, 0.2
1119, 0.1
1120, -0.1
1121, 0.3
1122, 0.4
1123, -0.4
1124, -0.3
1125, -0.1
1126, 0.1
1127, 0.3
1128, -0.3
1129, -0.3
1130, 0.0
1131, -0.3
1132, -0.1
1133, 0.0
1134, -0.2
1135, -0.1
1136, 0.0
1137, 0.0
1138, -0.3
1139, 0.0
1140, 0.2
1141, 0.0
1142, 0.1
1143, -0.1
1144, -0.4
1145, -0.2
1146, -0.1
1147, 0.1
1148, -0.1
1149, 0.1
1150, -0.5
1151, -0.4
1152, -0.2
1153, 0.1
1154, 0.5
1155, 0.0
1156, -0.1
1157, -0.2
1158, 0.2
1159, 0.2
1160, -0.2
1161, 0.0
1162, 0.1
1163, -0.4
1164, -0.1
1165, 0.2
1166, 0.3
1167, 0.1
1168, 0.0
1169, 0.0
1170, 0.3
1171, -0.5
1172, -0.6
1173, -0.1
1174, 0.2
1175, 0.3
1176, 0.0
1177, 0.1
1178, 0.0
1179, -0.2
1180, 0.0
1181, -0.1
1182, 0.2
1183, 0.2
1184, 0.4
1185, 0.2
1186, -0.2
1187, 0.2
1188, 0.0
1189, 0.4
1190, -0.4
1191, -0.1
1192, 0.1
1193, -0.3
1194, 0.1
1195, 0.2
1196, 0.0
1197, -0.3
1198, -0.1
1199, -0.4
1200, -0.2
1201, 0.4
1202, -0.3
1203, 0.1
1204, 0.0
1205, -0.1
1206, 0.1
1207, -0.2
1208, 0.1
1209, 0.3
1210, 0.1
1211, 0.0
1212, 0.2
1213, 0.2
1214, 0.1
1215, -0.3
1216, 0.2
1217, 0.0
1218, 0.1
1219, -0.2
1220, 0.0
1221, 0.3
1222, -0.4
1223, 0.2
1224, 0.3
1225, 0.2
1226, 0.2
1227, -0.4
1228, -0.3
1229, 0.1
1230, 0.1
1231, 0.3
1232, 0.1
1233, 0.3
1234, -0.1
1235, 0.1
1236, -0.2
1237, -0.3
1238, -0.3
1239, 0.2
1240, -0.3
1241, 0.3
1242, 0.2
1243, 0.3
1244, 0.2
1245, 0.4
1246, 0.0
1247, 0.1
1248, 0.2
1249, -0.2
1250, 0.4
1251, 0.4
1252, -0.1
1253, 0.1
1254, 0.3
1255, -0.1
1256, 0.2
1257, -0.1
1258, 0.0
1259, -0.2
1260, 0.0
1261, 0.1
1262, 0.0
1263, 0.0
1264, -0.1
1265, 0.3
1266, 0.0
1267, 0.2
1268, -0.1
1269, 0.2
1270, 0.2
1271, -0.1
1272, 0.0
1273, 0.0
1274, 0.1
1275, -0.2
1276, 0.1
1277, 0.0
1278, 0.0
1279, -0.7
1280, 0.1
1281, 0.2
1282, 0.2
1283, 0.2
1284, -0.3
1285, 0.0
1286, -0.1
1287, 0.3
1288, 0.2
1289, 0.3
1290, -0.2
1291, 0.1
1292, 0.0
1293, 0.2
1294, 0.1
1295, 0.1
1296, -0.2
1297, -0.2
1298, 0.1
1299, -0.6
1300, 0.0
1301, 0.3
1302, -0.4
1303, -0.3
1304, 0.3
1305, -0.2
1306, 0.0
1307, 0.0
1308, 0.1
1309, 0.0
1310, -0.4
1311, 0.1
1312, 0.0
1313, 0.2
1314, -0.2
1315, 0.2
1316, 0.4
1317, 0.0
1318, -0.1
1319, -0.3
1320, 0.5
1321, 0.4
1322, 0.1
1323, 0.2
1324, 0.4
1325, 0.1
1326, -0.3
1327, 0.2
1328, 0.0
1329, 0.2
1330, 0.1
1331, 0.1
1332, 0.2
1333, 0.3
1334, -0.1
1335, 0.0
1336, -0.1
1337, -0.3
1338, 0.2
1339, -0.5
1340, 0.0
1341, 0.1
1342, 0.2
1343, 0.3
1344, 0.0
1345, 0.0
1346, -0.6
1347, 0.1
1348, -0.1
1349, -0.8
1350, -0.1
1351, 0.1
1352, -0.3
1353, -0.2
1354, 0.2
1355, 0.0
1356, 0.0
1357, 0.5
1358, -0.3
1359, 0.3
1360, 0.2
1361, 0.0
1362, -0.3
1363, -0.1
1364, -0.2
1365, 0.0
1366, -0.6
1367, 0.1
1368, 0.0
1369, 0.1
1370, -0.2
1371, -0.2
1372, 0.3
1373, 0.2
1374, -0.1
1375, -0.2
1376, -0.1
1377, 0.0
1378, 0.0
1379, 0.2
1380, -0.2
1381, -0.1
1382, -0.4
1383, -0.3
1384, 0.2
1385, 0.3
1386, -0.5
1387, 0.0
1388, 0.0
1389, 0.1
1390, 0.0
1391, -0.3
1392, 0.0
1393, -0.2
1394, -0.3
1395, 0.3
1396, 0.1
1397, -0.1
1398, -0.3
1399, 0.3
1400, -0.1
1401, 0.1
1402, -0.2
1403, 0.3
1404, 0.0
1405, -0.2
1406, 0.2
1407, 0.1
1408, 0.3
1409, -0.1
1410, 0.3
1411, 0.4
1412, -0.2
1413, -0.1
1414, 0.3
1415, -0.1
1416, 0.1
1417, 0.2
1418, 0.1
1419, 0.1
1420, -0.4
1421, 0.3
1422, -0.2
1423, -0.6
1424, 0.1
1425, -0.4
1426, 0.0
1427, 0.2
1428, -0.4
1429, 0.1
1430, -0.1
1431, -0.3
1432, -0.2
1433, -0.1
1434, -0.2
1435, -0.1
1436, 0.1
1437, 0.0
1438, 0.1
1439, -0.2
1440, -0.1
1441, -0.1
1442, 0.2
1443, -0.1
1444, -0.2
1445, 0.1
1446, 0.2
1447, -0.3
1448, -0.3
1449, 0.0
1450, 0.1
1451, 0.0
1452, 0.0
1453, -0.2
1454, 0.0
1455, 0.1
1456, -0.2
1457, 0.1
1458, 0.2
1459, -0.2
1460, 0.2
1461, -0.2
1462, 0.3
1463, -0.1
1464, -0.1
1465, 0.1
1466, 0.1
1467, -0.4
1468, -0.2
1469, 0.2
1470, 0.3
1471, 0.0
1472, 0.0
1473, 0.0
1474, 0.3
1475, -0.2
1476, -0.3
1477, 0.2
1478, 0.0
1479, -0.2
1480, 0.0
1481, -0.3
1482, -0.2
1483, 0.1
1484, 0.2
1485, 0.1
1486, 0.4
1487, -0.6
1488, 0.0
1489, 0.1
1490, 0.2
1491, -0.3
1492, -0.6
1493, -0.2
1494, 0.3
1495, -0.1
1496, 0.2
1497, 0.0
1498, -0.2
1499, -0.2
1500, -0.1
1501, 0.0
1502, 0.0
1503, 0.1
1504, 0.2
1505, 0.2
1506, -0.2
1507, 0.0
1508, 0.2
1509, 0.4
1510, 0.3
1511, -0.2
1512, 0.0
1513, 0.0
1514, -0.1
1515, -0.2
1516, 0.1
1517, 0.2
1518, -0.1
1519, 0.0
1520, 0.0
1521, -0.3
1522, -0.2
1523, -0.3
1524, -0.2
1525, -0.2
1526, 0.0
1527, 0.2
1528, 0.0
1529, -0.4
1530, 0.4
1531, 0.2
1532, -0.2
1533, 0.1
1534, 0.1
1535, 0.4
1536, -0.1
1537, -0.4
1538, 0.1
1539, 0.0
1540, -0.1
1541, 0.0
1542, -0.3
1543, -0.3
1544, 0.0
1545, -0.1
1546, 0.1
1547, 0.0
1548, -0.3
1549, -0.1
1550, -0.5
1551, 0.3
1552, 0.1
1553, 0.3
1554, 0.3
1555, 0.0
1556, 0.3
1557, 0.2
1558, -0.3
1559, 0.2
1560, -0.1
1561, 0.1
1562, 0.1
1563, 0.1
1564, 0.1
1565, -0.1
1566, 0.2
1567, -0.1
1568, -0.1
1569, 0.0
1570, 0.1
1571, -0.2
1572, 0.1
1573, -0.2
1574, -0.1
1575, 0.3
1576, 0.1
1577, 0.2
1578, -0.2
1579, -0.3
1580, 0.1
1581, 0.1
1582, 0.1
1583, 0.0
1584, -0.1
1585, -0.2
1586, -0.2
1587, 0.0
1588, 0.1
1589, 0.2
1590, -0.2
1591, -0.4
1592, 0.3
1593, -0.1
1594, 0.2
1595, -0.2
1596, -0.2
1597, 0.3
1598, -0.4
1599, 0.0
1600, 0.1
1601, -0.1
1602, -0.2
1603, 0.2
1604, -0.2
1605, 0.2
1606, 0.4
1607, 0.0
1608, 0.0
1609, 0.0
1610, -0.1
1611, 0.5
1612, 0.1
1613, 0.0
1614, 0.2
1615, 0.3
1616, 0.0
1617, -0.2
1618, -0.2
1619, 0.1
1620, 0.1
1621, 0.2
1622, -0.4
1623, 0.0
1624, 0.2
1625, -0.1
1626, 0.2
1627, -0.5
1628, -0.1
1629, 0.3
1630, 0.1
1631, -0.1
1632, 0.1
1633, 0.0
1634, -0.6
1635, 0.0
1636, 0.0
1637, 0.1
1638, -0.1
1639, 0.1
1640, 0.0
1641, 0.1
1642, 0.0
1643, 0.2
1644, 0.0
1645, -0.2
1646, -0.3
1647, 0.0
1648, 0.3
1649, -0.6
1650, 0.1
1651, -0.3
1652, -0.5
1653, 0.1
1654, 0.0
1655, 0.0
1656, -0.5
1657, 0.1
1658, 0.1
1659, 0.2
1660, 0.0
1661, 0.1
1662, 0.1
1663, 0.0
1664, -0.5
1665, -0.1
1666, 0.1
1667, 0.1
1668, 0.3
1669, -0.1
1670, -0.2
1671, -0.2
1672, -0.1
1673, 0.0
1674, 0.2
1675, -0.2
1676, 0.0
1677, -0.1
1678, 0.1
1679, -0.1
1680, 0.2
1681, 0.0
1682, 0.1
1683, 0.0
1684, -0.1
1685, -0.3
1686, 0.1
1687, 0.3
1688, 0.2
1689, 0.0
1690, -0.2
1691, 0.2
1692, -0.2
1693, -0.2
1694, -0.3
1695, 0.3
1696, -0.1
1697, 0.0
1698, 0.1
1699, 0.3
1700, 0.0
1701, 0.1
1702, 0.0
1703, 0.0
1704, -0.3
1705, -0.2
1706, -0.1
1707, 0.2
1708, 0.1
1709, -0.1
1710, -0.2
1711, -0.2
1712, 0.1
1713, 0.1
1714, 0.1
1715, -0.2
1716, -0.4
1717, -0.2
1718, 0.1
1719, 0.0
1720, 0.0
1721, 0.2
1722, -0.1
1723, -0.6
1724, 0.0
1725, -0.1
1726, -0.2
1727, -0.4
1728, 0.2
1729, 0.4
1730, 0.0
1731, -0.1
1732, 0.2
1733, 0.0
1734, 0.1
1735, 0.2
1736, -0.2
1737, -0.3
1738, -0.3
1739, 0.2
1740, 0.1
1741, -0.3
1742, 0.1
1743, -0.1
1744, 0.1
1745, -0.1
1746, 0.2
1747, 0.0
1748, -0.1
1749, -0.2
1750, 0.2
1751, -0.4
1752, -0.1
1753, 0.0
1754, -0.2
1755, 0.2
1756, 0.0
1757, 0.1
1758, -0.2
1759, 0.0
1760, 0.3
1761, 0.1
1762, -0.2
1763, -0.4
1764, -0.3
1765, -0.6
1766, 0.2
1767, -0.2
1768, -0.2
1769, -0.1
1770, 0.1
1771, 0.2
1772, 0.2
1773, 0.1
1774, -0.1
1775, -0.2
1776, -0.2
1777, 0.0
1778, 0.1
1779, -0.2
1780, 0.1
1781, 0.0
1782, -0.4
1783, 0.2
1784, -0.1
1785, 0.0
1786, 0.0
1787, 0.1
1788, 0.3
1789, 0.3
1790, -0.2
1791, -0.1
1792, 0.2
1793, -0.1
1794, 0.1
1795, 0.0
1796, 0.1
1797, -0.6
1798, -0.1
1799, 0.0
1800, -0.2
1801, 0.1
1802, 0.2
1803, -0.2
1804, 0.3
1805, 0.4
1806, 0.1
1807, -0.2
1808, 0.0
1809, 0.4
1810, -0.3
1811, 0.3
1812, -0.6
1813, -0.4
1814, 0.0
1815, 0.1
1816, -0.3
1817, 0.2
1818, -0.4
1819, 0.3
1820, 0.0
1821, -0.1
1822, 0.2
1823, 0.1
1824, 0.1
1825, 0.0
1826, 0.0
1827, 0.0
1828, 0.0
1829, -0.1
1830, -0.3
1831, 0.2
1832, -0.3
1833, 0.0
1834, -0.4
1835, 0.1
1836, -0.1
1837, 0.1
1838, 0.2
1839, 0.2
1840, 0.2
1841, -0.4
1842, -0.3
1843, -0.1
1844, 0.1
1845, -0.3
1846, 0.2
1847, 0.0
1848, 0.1
1849, 0.2
1850, 0.4
1851, 0.1
1852, 0.2
1853, 0.1
1854, 0.2
1855, -0.2
1856, -0.1
1857, -0.3
1858, -0.2
1859, 0.2
1860, -0.1
1861, 0.1
1862, 0.1
1863, 0.1
1864, -0.3
1865, 0.0
1866, 0.0
1867, -0.4
1868, -0.1
1869, -0.2
1870, -0.1
1871, -0.3
1872, 0.3
1873, 0.2
1874, -0.4
1875, 0.2
1876, 0.2
1877, 0.0
1878, 0.1
1879, -0.1
1880, 0.4
1881, 0.0
1882, 0.1
1883, -0.2
1884, 0.0
1885, 0.1
1886, -0.1
1887, -0.4
1888, 0.0
1889, -0.3
1890, 0.3
1891, 0.0
1892, 0.3
1893, -0.1
1894, 0.0
1895, 0.1
1896, -0.1
1897, -0.1
1898, 0.2
1899, -0.1
1900, -0.1
1901, 0.3
1902, 0.0
1903, -0.1
1904, 0.0
1905, 0.0
1906, 0.2
1907, 0.1
1908, 0.0
1909, 0.1
1910, 0.0
1911, 0.3
1912, 0.1
1913, 0.1
1914, 0.4
1915, 0.2
1916, -0.4
1917, 0.2
1918, -0.2
1919, -0.2
1920, -0.1
1921, 0.1
1922, 0.3
1923, -0.2
1924, -0.1
1925, 0.0
1926, 0.0
1927, 0.1
1928, 0.1
1929, 0.0
1930, 0.1
1931, 0.0
1932, 0.4
1933, -0.1
1934, 0.0
1935, 0.1
1936, 0.1
1937, -0.2
1938, 0.0
1939, 0.0
1940, 0.3
1941, 0.4
1942, 0.2
1943, 0.5
1944, 0.5
1945, -0.5
1946, 0.1
1947, 0.1
1948, 0.4
1949, -0.2
1950, 0.1
1951, 0.1
1952, -0.6
1953, 0.3
1954, 0.0
1955, 0.2
1956, 0.3
1957, 0.0
1958, -0.2
1959, 0.3
1960, 0.1
1961, 0.1
1962, 0.0
1963, 0.0
1964, 0.0
1965, 0.2
1966, 0.0
1967, -0.5
1968, 0.0
1969, 0.2
1970, 0.3
1971, 0.4
1972, 0.4
1973, 0.0
1974, -0.2
1975, 0.0
1976, -0.2
1977, 0.1
1978, 0.0
1979, -0.1
1980, 0.1
1981, -0.2
1982, 0.3
1983, -0.2
1984, 0.2
1985, 0.3
1986, -0.2
1987, -0.1
1988, 0.2
1989, 0.4
1990, -0.1
1991, -0.3
1992, -0.1
1993, -0.1
1994, -0.4
1995, -0.1
1996, 0.2
1997, -0.2
1998, -0.6
1999, -0.3
2000, 0.1
2001, 0.1
2002, 0.2
2003, 0.3
2004, -0.1
2005, -0.1
2006, 0.2
2007, -0.2
2008, -0.2
2009, 0.1
2010, 0.5
2011, -0.2
2012, 0.2
2013, 0.5
2014, -0.1
2015, 0.3
2016, -0.1
2017, -0.2
2018, 0.2
2019, 0.4
2020, 0.1
2021, -0.2
2022, -0.1
2023, -0.3
2024, -0.3
2025, 0.3
2026, -0.3
2027, -0.5
2028, 0.3
2029, 0.0
2030, -0.1
2031, 0.0
2032, -0.2
2033, -0.1
2034, 0.1
2035, -0.1
2036, 0.1
2037, 0.0
2038, 0.2
2039, 0.3
2040, -0.2
2041, -0.2
2042, -0.3
2043, 0.1
2044, 0.2
2045, -0.1
2046, -0.3
2047, 0.3
2048, 0.0
2049, 0.1
2050, -0.4
2051, 0.2
2052, -0.4
2053, 0.2
2054, -0.2
2055, -0.1
2056, -0.2
2057, -0.2
2058, -0.2
2059, 0.0
2060, 0.1
2061, 0.1
2062, -0.3
2063, 0.5
2064, 0.1
2065, 0.2
2066, 0.0
2067, 0.0
2068, 0.0
2069, 0.0
2070, 0.5
2071, 0.2
2072, 0.3
2073, 0.0
2074, 0.0
2075, 0.1
2076, -0.2
2077, 0.0
2078, -0.4
2079, 0.1
2080, 0.0
2081, 0.4
2082, -0.1
2083, -0.4
2084, 0.0
2085, 0.3
2086, 0.2
2087, -0.2
2088, 0.1
2089, -0.4
2090, 0.1
2091, 0.0
2092, -0.1
2093, 0.3
2094, 0.5
2095, 0.1
2096, 0.1
2097, 0.4
2098, 0.0
2099, 0.1
2100, -0.1
2101, -0.4
2102, 0.0
2103, 0.1
2104, 0.2
2105, -0.1
2106, 0.1
2107, 0.0
2108, -0.2
2109, 0.3
2110, -0.2
2111, -0.2
2112, 0.2
2113, 0.2
2114, 0.3
2115, -0.2
2116, 0.2
2117, -0.3
2118, -0.4
2119, -0.1
2120, 0.1
2121, -0.3
2122, 0.0
2123, 0.2
2124, -0.1
2125, 0.2
2126, 0.1
2127, -0.2
2128, 0.0
2129, -0.1
2130, 0.1
2131, 0.2
2132, -0.2
2133, 0.1
2134, 0.1
2135, 0.3
2136, 0.0
2137, 0.3
2138, -0.3
2139, 0.0
2140, -0.1
2141, 0.0
2142, 0.3
2143, -0.3
2144, -0.2
2145, -0.4
2146, -0.2
2147, -0.3
2148, 0.4
2149, 0.1
2150, 0.0
2151, 0.1
2152, -0.1
2153, 0.1
2154, 0.3
2155, -0.4
2156, 0.0
2157, -0.1
2158, -0.5
2159, 0.3
2160, 0.0
2161, 0.1
2162, 0.2
2163, -0.3
2164, -0.1
2165, 0.2
2166, 0.0
2167, -0.5
2168, -0.1
2169, 0.0
2170, 0.2
2171, 0.0
2172, 0.2
2173, 0.0
2174, 0.4
2175, 0.1
2176, -0.3
2177, -0.3
2178, 0.2
2179, -0.1
2180, -0.1
2181, -0.3
2182, 0.1
2183, 0.1
2184, 0.4
2185, -0.1
2186, -0.2
2187, -0.1
2188, 0.0
2189, 0.0
2190, 0.0
2191, 0.0
2192, -0.1
2193, 0.4
2194, -0.1
2195, -0.1
2196, 0.1
2197, 0.0
2198, -0.1
2199, 0.0
2200, -0.2
2201, 0.3
2202, -0.2
2203, 0.0
2204, 0.2
2205, -0.2
2206, 0.0
2207, 0.3
2208, 0.0
2209, 0.1
2210, 0.1
2211, -0.5
2212, 0.0
2213, 0.0
2214, 0.0
2215, 0.1
2216, 0.1
2217, 0.2
2218, 0.1
2219, -0.1
2220, 0.3
2221, 0.1
2222, 0.0
2223, -0.3
2224, 0.0
2225, 0.1
2226, 0.2
2227, 0.3
2228, 0.3
2229, -0.3
2230, 0.1
2231, -0.1
2232, 0.0
2233, 0.2
2234, 0.2
2235, 0.0
2236, 0.2
2237, -0.1
2238, 0.3
2239, 0.0
2240, 0.0
2241, -0.2
2242, 0.2
2243, -0.5
2244, -0.3
2245, 0.1
2246, -0.2
2247, -0.4
2248, 0.2
2249, 0.3
2250, 0.0
2251, -0.1
2252, -0.3
2253, 0.2
2254, 0.3
2255, -0.2
2256, 0.4
2257, 0.2
2258, 0.2
2259, 0.1
2260, -0.1
2261, 0.1
2262, -0.2
2263, -0.5
2264, -0.2
2265, 0.0
2266, 0.2
2267, 0.3
2268, -0.2
2269, 0.0
2270, -0.1
2271, 0.2
2272, 0.1
2273, 0.3
2274, 0.1
2275, -0.2
2276, 0.3
2277, -0.5
2278, -0.2
2279, 0.4
2280, -0.2
2281, 0.1
2282, -0.5
2283, -0.3
2284, 0.1
2285, 0.0
2286, 0.0
2287, 0.0
2288, 0.0
2289, 0.3
2290, -0.1
2291, 0.3
2292, -0.2
2293, -0.1
2294, 0.5
2295, 0.1
2296, 0.3
2297, 0.2
2298, 0.0
2299, -0.2
2300, 0.1
2301, 0.2
2302, 0.4
2303, 0.0
2304, -0.2
2305, -0.1
2306, 0.1
2307, 0.3
2308, 0.2
2309, -0.1
2310, -0.1
2311, 0.2
2312, -0.2
2313, 0.3
2314, 0.1
2315, -0.2
2316, 0.2
2317, -0.3
2318, -0.1
2319, -0.2
2320, 0.1
2321, -0.2
2322, -0.1
2323, -0.1
2324, 0.0
2325, -0.4
2326, 0.0
2327, -0.1
2328, -0.2
2329, 0.2
2330, 0.1
2331, 0.5
2332, 0.0
2333, 0.1
2334, 0.0
2335, -0.5
2336, -0.5
2337, 0.2
2338, 0.1
2339, 0.0
2340, 0.0
2341, -0.1
2342, -0.2
2343, 0.1
2344, 0.2
2345, 0.3
2346, -0.1
2347, 0.0
2348, 0.1
2349, -0.1
2350, 0.0
2351, 0.0
2352, -0.4
2353, -0.1
2354, 0.3
2355, 0.1
2356, -0.2
2357, 0.2
2358, 0.1
2359, 0.0
2360, 0.0
2361, 0.0
2362, 0.0
2363, 0.0
2364, 0.4
2365, 0.1
2366, -0.3
2367, 0.1
2368, -0.3
2369, 0.1
2370, 0.1
2371, 0.0
2372, 0.0
2373, -0.3
2374, -0.4
2375, 0.0
2376, 0.2
2377, -0.1
2378, 0.4
2379, 0.2
2380, -0.1
2381, -0.3
2382, 0.2
2383, -0.1
2384, 0.2
2385, -0.2
2386, 0.1
2387, 0.1
2388, 0.2
2389, -0.6
2390, -0.1
2391, 0.0
2392, -0.3
2393, 0.0
2394, 0.0
2395, 0.4
2396, 0.0
2397, -0.1
2398, 0.3
2399, -0.1
2400, -0.3
2401, -0.1
2402, -0.1
2403, 0.0
2404, 0.3
2405, -0.5
2406, -0.2
2407, 0.2
2408, -0.5
2409, 0.0
2410, 0.5
2411, 0.1
2412, 0.3
2413, -0.4
2414, 0.3
2415, -0.2
2416, 0.3
2417, 0.0
2418, -0.2
2419, -0.1
2420, -0.1
2421, -0.2
2422, 0.1
2423, -0.3
2424, -0.2
2425, 0.1
2426, 0.2
2427, -0.3
2428, 0.1
2429, -0.2
2430, -0.3
2431, -0.5
2432, -0.1
2433, 0.1
2434, 0.2
2435, 0.0
2436, 0.3
2437, 0.0
2438, -0.2
2439, -0.1
2440, 0.3
2441, 0.5
2442, 0.3
2443, -0.2
2444, 0.2
2445, 0.2
2446, 0.0
2447, -0.1
2448, 0.0
2449, -0.1
2450, 0.1
2451, -0.5
2452, -0.2
2453, 0.2
2454, -0.1
2455, -0.1
2456, 0.0
2457, -0.1
2458, -0.2
2459, 0.0
2460, 0.0
2461, 0.0
2462, 0.3
2463, -0.4
2464, 0.1
2465, 0.0
2466, 0.2
2467, 0.1
2468, -0.1
2469, 0.3
2470, 0.1
2471, -0.2
2472, -0.4
2473, -0.1
2474, -0.3
2475, -0.1
2476, 0.1
2477, 0.3
2478, -0.1
2479, -0.2
2480, -0.1
2481, 0.0
2482, 0.3
2483, 0.1
2484, -0.3
2485, -0.6
2486, 0.0
2487, 0.0
2488, 0.0
2489, -0.1
2490, 0.2
2491, 0.1
2492, 0.1
2493, -0.1
2494, 0.1
2495, -0.1
2496, 0.0
2497, 0.1
2498, -0.1
2499, 0.1
2500, 0.1
2501, 0.3
2502, -0.2
2503, -0.3
2504, 0.2
2505, 0.3
2506, 0.0
2507, 0.0
2508, -0.1
2509, -0.1
2510, 0.5
2511, 0.1
2512, -0.4
2513, 0.4
2514, -0.1
2515, 0.2
2516, 0.0
2517, 0.0
2518, 0.0
2519, 0.1
2520, -0.3
2521, -0.1
2522, 0.1
2523, -0.2
2524, -0.1
2525, 0.1
2526, 0.1
2527, -0.2
2528, 0.0
2529, 0.0
2530, 0.3
2531, 0.1
2532, 0.3
2533, 0.1
2534, 0.1
2535, -0.6
2536, -0.1
2537, 0.3
2538, -0.3
2539, 0.4
2540, 0.2
2541, 0.0
2542, 0.3
2543, 0.3
2544, 0.4
2545, -0.2
2546, -0.5
2547, 0.0
2548, -0.1
2549, 0.5
2550, -0.1
2551, 0.0
2552, -0.3
2553, 0.1
2554, -0.2
2555, -0.4
2556, -0.1
2557, 0.3
2558, 0.2
2559, 0.3
2560, -0.1
2561, 0.0
2562, 0.0
2563, 0.2
2564, -0.1
2565, -0.1
2566, -0.3
2567, 0.0
2568, 0.5
2569, -0.1
2570, -0.2
2571, 0.3
2572, -0.4
2573, 0.1
2574, 0.1
2575, -0.5
2576, 0.1
2577, 0.3
2578, -0.2
2579, -0.3
2580, 0.0
2581, -0.1
2582, 0.0
2583, -0.6
2584, -0.3
2585, 0.3
2586, 0.3
2587, -0.2
2588, -0.1
2589, -0.3
2590, -0.6
2591, 0.3
2592, 0.1
2593, -0.2
2594, -0.2
2595, -0.3
2596, 0.2
2597, -0.4
2598, 0.0
2599, 0.2
2600, 0.1
2601, -0.1
2602, 0.0
2603, 0.0
2604, 0.2
2605, 0.3
2606, 0.1
2607, 0.1
2608, 0.0
2609, 0.0
2610, 0.1
2611, 0.0
2612, -0.2
2613, -0.1
2614, -0.1
2615, -0.3
2616, -0.3
2617, -0.2
2618, -0.1
2619, 0.1
2620, 0.0
2621, -0.1
2622, -0.3
2623, 0.2
2624, 0.2
2625, 0.0
2626, -0.2
2627, 0.4
2628, 0.0
2629, 0.1
2630, -0.1
2631, -0.1
2632, -0.2
2633, -0.1
2634, -0.3
2635, -0.3
2636, -0.1
2637, -0.1
2638, 0.3
2639, 0.0
2640, 0.2
2641, 0.1
2642, -0.1
2643, 0.0
2644, -0.2
2645, 0.2
2646, -0.3
2647, 0.2
2648, -0.2
2649, -0.1
2650, 0.3
2651, 0.1
2652, 0.1
2653, 0.1
2654, -0.1
2655, -0.1
2656, 0.1
2657, 0.1
2658, -0.4
2659, -0.2
2660, 0.1
2661, 0.0
2662, -0.1
2663, -0.2
2664, 0.3
2665, 0.2
2666, -0.1
2667, -0.2
2668, 0.0
2669, 0.2
2670, 0.0
2671, 0.5
2672, 0.0
2673, 0.3
2674, 0.2
2675, -0.3
2676, -0.2
2677, 0.0
2678, 0.2
2679, -0.5
2680, 0.2
2681, 0.0
2682, 0.2
2683, 0.3
2684, -0.2
2685, 0.1
2686, 0.2
2687, 0.3
2688, -0.3
2689, 0.0
2690, -0.2
2691, -0.3
2692, -0.1
2693, -0.4
2694, 0.1
2695, 0.3
2696, -0.1
2697, 0.0
2698, 0.3
2699, 0.0
2700, 0.1
2701, -0.2
2702, -0.2
2703, 0.0
2704, 0.0
2705, -0.1
2706, 0.1
2707, 0.2
2708, -0.4
2709, -0.1
2710, -0.1
2711, -0.1
2712, -0.2
2713, -0.5
2714, 0.3
2715, -0.2
2716, 0.1
2717, 0.0
2718, 0.0
2719, -0.1
2720, 0.2
2721, 0.2
2722, 0.2
2723, -0.1
2724, 0.4
2725, -0.5
2726, 0.0
2727, 0.2
2728, -0.3
2729, 0.3
2730, 0.3
2731, -0.3
2732, 0.1
2733, -0.1
2734, -0.1
2735, 0.1
2736, 0.3
2737, 0.1
2738, 0.1
2739, -0.1
2740, 0.2
2741, 0.2
2742, -0.1
2743, 0.0
2744, -0.2
2745, 0.1
2746, 0.0
2747, 0.0
2748, 0.3
2749, 0.2
2750, 0.0
2751, -0.4
2752, 0.0
2753, 0.1
2754, -0.4
2755, -0.3
2756, 0.3
2757, 0.0
2758, 0.1
2759, 0.0
2760, 0.0
2761, 0.2
2762, 0.1
2763, 0.1
2764, 0.2
2765, 0.2
2766, -0.4
2767, -0.3
2768, -0.1
2769, -0.1
2770, 0.0
2771, -0.1
2772, 0.0
2773, -0.1
2774, 0.1
2775, 0.1
2776, 0.1
2777, 0.3
2778, -0.2
2779, -0.2
2780, 0.4
2781, -0.3
2782, 0.0
2783, 0.0
2784, 0.1
2785, 0.0
2786, -0.3
2787, 0.3
2788, -0.1
2789, -0.3
2790, 0.3
2791, 0.2
2792, 0.0
2793, 0.0
2794, -0.1
2795, 0.0
2796, 0.4
2797, 0.3
2798, -0.2
2799, 0.0
2800, -0.2
2801, 0.2
2802, 0.1
2803, 0.0
2804, -0.3
2805, -0.2
2806, -0.2
2807, -0.2
2808, 0.1
2809, 0.1
2810, 0.3
2811, 0.0
2812, -0.1
2813, 0.2
2814, 0.1
2815, -0.1
2816, -0.1
2817, 0.3
2818, -0.1
2819, -0.2
2820, -0.4
2821, 0.3
2822, -0.1
2823, -0.3
2824, -0.4
2825, -0.3
2826, -0.1
2827, 0.3
2828, 0.3
2829, 0.0
2830, 0.1
2831, -0.1
2832, 0.1
2833, -0.1
2834, 0.2
2835, -0.1
2836, 0.4
2837, 0.4
2838, -0.1
2839, 0.0
2840, 0.2
2841, 0.0
2842, 0.4
2843, 0.0
2844, 0.0
2845, 0.3
2846, -0.5
2847, -0.1
2848, 0.1
2849, -0.1
2850, -0.1
2851, -0.2
2852, 0.2
2853, -0.2
2854, -0.5
2855, -0.3
2856, 0.0
2857, -0.4
2858, 0.1
2859, 0.3
2860, -0.4
2861, -0.2
2862, -0.1
2863, -0.3
2864, 0.4
2865, -0.1
2866, -0.5
2867, 0.3
2868, 0.0
2869, 0.1
2870, 0.1
2871, 0.1
2872, 0.1
2873, 0.2
2874, 0.1
2875, -0.6
2876, -0.4
2877, -0.1
2878, -0.2
2879, -0.2
2880, -0.3
2881, -0.2
2882, -0.2
2883, -0.8
2884, 0.2
2885, 0.0
2886, 0.1
2887, -0.1
2888, 0.3
2889, 0.1
2890, 0.1
2891, 0.3
2892, -0.1
2893, 0.0
2894, 0.1
2895, 0.0
2896, 0.1
2897, -0.2
2898, 0.1
2899, -0.3
2900, 0.1
2901, 0.1
2902, 0.3
2903, 0.2
2904, -0.1
2905, 0.0
2906, 0.4
2907, 0.1
2908, 0.1
2909, 0.4
2910, 0.3
2911, -0.2
2912, 0.0
2913, 0.0
2914, 0.3
2915, -0.1
2916, 0.0
2917, 0.3
2918, 0.2
2919, 0.1
2920, 0.3
2921, 0.1
2922, -0.4
2923, -0.1
2924, 0.1
2925, 0.0
2926, -0.1
2927, 0.1
2928, 0.0
2929, 0.1
2930, -0.2
2931, 0.1
2932, 0.2
2933, 0.0
2934, 0.3
2935, 0.1
2936, 0.2
2937, -0.1
2938, 0.1
2939, -0.3
2940, 0.0
2941, -0.3
2942, -0.2
2943, -0.3
2944, 0.2
2945, 0.3
2946, 0.2
2947, -0.5
2948, 0.3
2949, 0.1
2950, -0.2
2951, 0.1
2952, 0.4
2953, 0.3
2954, 0.1
2955, 0.4
2956, 0.1
2957, 0.3
2958, 0.3
2959, 0.0
2960, 0.2
2961, -0.2
2962, -0.3
2963, -0.1
2964, 0.2
2965, 0.0
2966, 0.3
2967, -0.1
2968, -0.3
2969, -0.4
2970, -0.2
2971, -0.2
2972, 0.2
2973, 0.1
2974, -0.3
2975, -0.4
2976, 0.0
2977, -0.1
2978, 0.0
2979, -0.1
2980, -0.1
2981, 0.0
2982, 0.2
2983, -0.3
2984, 0.1
2985, 0.1
2986, 0.2
2987, 0.2
2988, -0.3
2989, 0.4
2990, 0.1
2991, 0.1
2992, 0.0
2993, -0.1
2994, 0.1
2995, 0.0
2996, 0.3
2997, 0.2
2998, -0.2
2999, 0.3
3000, -0.1
3001, 0.0
3002, -0.4
3003, 0.4
3004, 0.2
3005, -0.1
3006, -0.3
3007, 0.3
3008, 0.0
3009, -0.4
3010, -0.2
3011, 0.0
3012, 0.2
3013, -0.2
3014, -0.1
3015, 0.2
3016, 0.4
3017, 0.0
3018, 0.0
3019, 0.0
3020, -0.4
3021, 0.2
3022, -0.2
3023, 0.0
3024, 0.0
3025, -0.2
3026, 0.4
3027, 0.1
3028, 0.2
3029, -0.3
3030, 0.3
3031, -0.2
3032, 0.0
3033, -0.2
3034, 0.3
3035, 0.0
3036, 0.2
3037, 0.4
3038, 0.5
3039, 0.2
3040, -0.1
3041, -0.1
3042, -0.4
3043, -0.1
3044, 0.2
3045, 0.3
3046, 0.3
3047, 0.3
3048, 0.2
3049, 0.1
3050, -0.2
3051, 0.2
3052, -0.1
3053, -0.5
3054, 0.2
3055, 0.2
3056, -0.4
3057, -0.3
3058, 0.3
3059, 0.2
3060, 0.0
3061, -0.1
3062, 0.0
3063, -0.1
3064, -0.2
3065, -0.2
3066, 0.0
3067, 0.1
3068, 0.2
3069, 0.0
3070, -0.3
3071, -0.1
3072, -0.4
3073, -0.4
3074, -0.1
3075, -0.3
3076, -0.2
3077, -0.2
3078, 0.2
3079, 0.1
3080, 0.1
3081, 0.2
3082, -0.3
3083, 0.1
3084, 0.1
3085, 0.0
3086, -0.3
3087, 0.1
3088, 0.1
3089, -0.2
3090, -0.3
3091, 0.1
3092, -0.4
3093, -0.3
3094, 0.3
3095, -0.2
3096, 0.0
3097, 0.3
3098, 0.2
3099, 0.5
3100, -0.3
3101, 0.4
3102, 0.0
3103, 0.2
3104, 0.1
3105, 0.3
3106, 0.1
3107, 0.1
3108, 0.1
3109, 0.1
3110, 0.1
3111, 0.0
3112, 0.2
3113, 0.5
3114, 0.1
3115, 0.5
3116, 0.3
3117, 0.0
3118, 0.3
3119, 0.0
3120, -0.2
3121, 0.2
3122, -0.4
3123, -0.2
3124, 0.3
3125, -0.3
3126, 0.2
3127, 0.0
3128, 0.0
3129, -0.1
3130, -0.1
3131, -0.3
3132, 0.0
3133, 0.1
3134, -0.2
3135, 0.1
3136, -0.1
3137, 0.1
3138, 0.2
3139, 0.0
3140, 0.0
3141, -0.1
3142, 0.1
3143, -0.1
3144, -0.1
3145, -0.2
3146, 0.0
3147, -0.4
3148, 0.3
3149, 0.1
3150, -0.1
3151, 0.3
3152, -0.2
3153, 0.0
3154, -0.2
3155, 0.0
3156, 0.1
3157, 0.3
3158, 0.0
3159, 0.3
3160, -0.5
3161, -0.4
3162, -0.1
3163, 0.3
3164, 0.3
3165, 0.4
3166, 0.1
3167, -0.4
3168, -0.3
3169, 0.3
3170, -0.3
3171, -0.4
3172, 0.1
3173, 0.3
3174, 0.2
3175, -0.1
3176, 0.2
3177, 0.2
3178, 0.3
3179, 0.2
3180, -0.1
3181, 0.0
3182, 0.0
3183, -0.3
3184, -0.2
3185, 0.1
3186, -0.1
3187, -0.1
3188, -0.3
3189, 0.2
3190, 0.0
3191, -0.3
3192, 0.4
3193, -0.1
3194, 0.0
3195, -0.2
3196, 0.2
3197, 0.2
3198, 0.0
3199, 0.0
3200, -0.1
3201, -0.3
3202, 0.4
3203, -0.2
3204, -0.6
3205, -0.3
3206, 0.1
3207, -0.6
3208, -0.2
3209, 0.4
3210, 0.1
3211, -0.1
3212, 0.2
3213, -0.3
3214, -0.2
3215, 0.0
3216, 0.1
3217, -0.2
3218, 0.0
3219, 0.2
3220, 0.0
3221, -0.1
3222, 0.4
3223, -0.1
3224, -0.1
3225, 0.3
3226, 0.2
3227, 0.0
3228, 0.3
3229, 0.0
3230, -0.4
3231, -0.4
3232, -0.2
3233, 0.1
3234, 0.0
3235, -0.2
3236, 0.3
3237, 0.1
3238, 0.0
3239, -0.2
3240, -0.1
3241, 0.1
3242, 0.1
3243, -0.2
3244, 0.1
3245, 0.1
3246, 0.2
3247, -0.4
3248, -0.3
3249, -0.3
3250, 0.2
3251, -0.4
3252, -0.2
3253, -0.2
3254, -0.3
3255, 0.4
3256, 0.1
3257, 0.1
3258, 0.0
3259, 0.0
3260, -0.2
3261, -0.4
3262, 0.0
3263, 0.0
3264, 0.1
3265, -0.5
3266, -0.4
3267, 0.0
3268, 0.4
3269, -0.2
3270, -0.2
3271, -0.1
3272, -0.1
3273, -0.3
3274, -0.5
3275, -0.1
3276, 0.1
3277, -0.2
3278, -0.3
3279, -0.2
3280, 0.0
3281, 0.1
3282, 0.1
3283, 0.0
3284, -0.2
3285, 0.3
3286, 0.3
3287, 0.1
3288, 0.1
3289, -0.1
3290, 0.2
3291, -0.2
3292, 0.1
3293, 0.2
3294, -0.4
3295, -0.2
3296, 0.1
3297, 0.0
3298, 0.0
3299, 0.3
3300, 0.2
3301, -0.3
3302, -0.3
3303, 0.1
3304, -0.1
3305, -0.3
3306, 0.1
3307, -0.3
3308, -0.1
3309, 0.1
3310, 0.4
3311, -0.6
3312, 0.2
3313, 0.5
3314, -0.3
3315, 0.4
3316, 0.2
3317, 0.0
3318, 0.1
3319, -0.1
3320, 0.3
3321, 0.1
3322, 0.1
3323, 0.1
3324, 0.0
3325, 0.0
3326, -0.3
3327, 0.1
3328, -0.2
3329, -0.1
3330, 0.2
3331, -0.1
3332, 0.1
3333, 0.3
3334, 0.4
3335, -0.2
3336, 0.3
3337, 0.1
3338, 0.4
3339, -0.3
3340, 0.3
3341, 0.4
3342, 0.1
3343, -0.3
3344, -0.4
3345, 0.2
3346, -0.2
3347, 0.0
3348, 0.3
3349, -0.1
3350, -0.2
3351, -0.3
3352, -0.1
3353, 0.0
3354, -0.4
3355, 0.4
3356, -0.1
3357, -0.6
3358, 0.0
3359, -0.3
3360, -0.4
3361, -0.1
3362, 0.0
3363, -0.1
3364, -0.3
3365, 0.2
3366, 0.0
3367, 0.0
3368, 0.3
3369, 0.1
3370, 0.3
3371, -0.2
3372, -0.2
3373, -0.2
3374, -0.2
3375, 0.2
3376, 0.3
3377, -0.4
3378, 0.0
3379, -0.1
3380, -0.1
3381, -0.1
3382, 0.0
3383, 0.2
3384, -0.1
3385, 0.2
3386, 0.1
3387, 0.2
3388, 0.5
3389, -0.2
3390, -0.3
3391, 0.2
3392, 0.1
3393, 0.1
3394, -0.6
3395, 0.1
3396, 0.1
3397, 0.0
3398, 0.1
3399, 0.4
3400, 0.1
3401, 0.0
3402, -0.1
3403, 0.0
3404, 0.2
3405, -0.2
3406, -0.3
3407, 0.2
3408, -0.1
3409, 0.1
3410, 0.1
3411, -0.1
3412, 0.2
3413, -0.1
3414, 0.1
3415, -0.4
3416, -0.1
3417, 0.1
3418, 0.1
3419, -0.1
3420, 0.1
3421, 0.0
3422, 0.2
3423, -0.2
3424, 0.0
3425, -0.3
3426, 0.0
3427, 0.1
3428, -0.2
3429, 0.2
3430, -0.4
3431, 0.4
3432, -0.4
3433, -0.1
3434, 0.1
3435, 0.1
3436, -0.5
3437, -0.2
3438, -0.1
3439, 0.0
3440, -0.4
3441, 0.3
3442, 0.2
3443, 0.0
3444, 0.3
3445, 0.2
3446, 0.1
3447, -0.3
3448, 0.0
3449, 0.1
3450, -0.4
3451, 0.4
3452, -0.2
3453, 0.0
3454, -0.4
3455, 0.1
3456, 0.0
3457, -0.2
3458, -0.1
3459, 0.3
3460, 0.0
3461, 0.2
3462, 0.3
3463, -0.2
3464, -0.1
3465, -0.2
3466, 0.3
3467, 0.0
3468, -0.2
3469, 0.3
3470, 0.1
3471, -0.2
3472, -0.5
3473, -0.3
3474, 0.2
3475, 0.0
3476, 0.0
3477, -0.4
3478, 0.1
3479, 0.3
3480, 0.2
3481, 0.0
3482, 0.0
3483, 0.3
3484, 0.0
3485, 0.2
3486, 0.4
3487, 0.0
3488, -0.3
3489, 0.1
3490, 0.1
3491, 0.1
3492, 0.3
3493, -0.4
3494, 0.2
3495, 0.2
3496, 0.1
3497, 0.1
3498, 0.0
3499, 0.2
3500, -0.1
3501, 0.2
3502, -0.2
3503, -0.3
3504, -0.3
3505, 0.2
3506, -0.7
3507, 0.0
3508, 0.2
3509, 0.1
3510, -0.1
3511, -0.2
3512, -0.1
3513, -0.2
3514, -0.1
3515, -0.2
3516, 0.3
3517, 0.3
3518, 0.3
3519, 0.2
3520, 0.1
3521, -0.1
3522, 0.2
3523, -0.4
3524, 0.3
3525, 0.1
3526, 0.0
3527, 0.0
3528, 0.0
3529, -0.1
3530, 0.0
3531, 0.2
3532, 0.2
3533, 0.4
3534, -0.2
3535, 0.2
3536, 0.1
3537, 0.2
3538, -0.1
3539, 0.1
3540, 0.3
3541, 0.1
3542, 0.2
3543, -0.4
3544, -0.5
3545, 0.3
3546, 0.2
3547, 0.0
3548, -0.1
3549, 0.3
3550, -0.4
3551, 0.1
3552, 0.3
3553, -0.2
3554, -0.3
3555, 0.2
3556, 0.1
3557, -0.4
3558, -0.1
3559, 0.0
3560, 0.2
3561, 0.1
3562, 0.1
3563, 0.0
3564, -0.2
3565, 0.0
3566, -0.4
3567, -0.1
3568, 0.0
3569, -0.2
3570, 0.0
3571, 0.1
3572, -0.2
3573, 0.1
3574, 0.2
3575, -0.1
3576, 0.3
3577, 0.5
3578, 0.1
3579, 0.1
3580, 0.0
3581, 0.3
3582, -0.1
3583, -0.2
3584, -0.2
3585, -0.1
3586, 0.0
3587, 0.1
3588, 0.2
3589, 0.3
3590, -0.4
3591, 0.1
3592, 0.2
3593, 0.1
3594, -0.4
3595, 0.1
3596, 0.2
3597, -0.7
3598, 0.2
3599, 0.1
3600, 0.1
3601, 0.1
3602, -0.1
3603, -0.1
3604, 0.1
3605, -0.2
3606, -0.2
3607, -0.1
3608, -0.3
3609, -0.4
3610, -0.1
3611, -0.3
3612, -0.4
3613, 0.2
3614, 0.1
3615, 0.5
3616, 0.2
3617, -0.3
3618, 0.1
3619, -0.1
3620, 0.3
3621, 0.2
3622, 0.2
3623, -0.1
3624, 0.2
3625, 0.0
3626, 0.0
3627, -0.2
3628, 0.1
3629, 0.1
3630, -0.1
3631, -0.2
3632, 0.3
3633, 0.0
3634, -0.8
3635, 0.5
3636, 0.2
3637, -0.3
3638, 0.3
3639, 0.1
3640, 0.3
3641, -0.1
3642, 0.2
3643, 0.0
3644, 0.1
3645, 0.1
3646, 0.1
3647, -0.3
3648, 0.4
3649, -0.1
3650, -0.4
3651, 0.1
3652, 0.3
3653, -0.4
3654, 0.2
3655, 0.0
3656, -0.4
3657, -0.1
3658, 0.2
3659, 0.2
3660, -0.2
3661, -0.6
3662, 0.2
3663, 0.2
3664, -0.7
3665, 0.1
3666, 0.2
3667, 0.0
3668, -0.2
3669, 0.3
3670, -0.3
3671, -0.2
3672, 0.1
3673, 0.0
3674, 0.2
3675, 0.2
3676, 0.1
3677, 0.2
3678, -0.1
3679, -0.2
3680, -0.2
3681, -0.2
3682, 0.2
3683, -0.4
3684, -0.3
3685, -0.2
3686, 0.0
3687, -0.1
3688, 0.0
3689, 0.2
3690, 0.2
3691, 0.3
3692, 0.2
3693, 0.1
3694, 0.5
3695, -0.5
3696, -0.1
3697, 0.1
3698, -0.4
3699, -0.6
3700, 0.1
3701, 0.1
3702, -0.2
3703, -0.5
3704, -0.5
3705, 0.0
3706, 0.1
3707, -0.2
3708, 0.5
3709, -0.4
3710, -0.4
3711, -0.1
3712, -0.1
3713, 0.3
3714, 0.1
3715, 0.1
3716, 0.2
3717, 0.1
3718, -0.1
3719, -0.3
3720, -0.1
3721, 0.1
3722, -0.2
3723, 0.0
3724, 0.1
3725, 0.0
3726, 0.1
3727, 0.3
3728, -0.3
3729, 0.3
3730, 0.3
3731, 0.0
3732, 0.0
3733, 0.2
3734, 0.0
3735, -0.1
3736, -0.2
3737, 0.4
3738, 0.2
3739, -0.1
3740, -0.2
3741, 0.2
3742, 0.0
3743, 0.1
3744, 0.0
3745, 0.0
3746, -0.2
3747, 0.0
3748, -0.1
3749, 0.0
3750, -0.3
3751, -0.4
3752, -0.1
3753, -0.5
3754, 0.3
3755, 0.1
3756, 0.2
3757, -0.1
3758, -0.1
3759, -0.1
3760, 0.3
3761, -0.2
3762, -0.2
3763, -0.2
3764, 0.0
3765, -0.1
3766, 0.0
3767, 0.1
3768, -0.1
3769, -0.1
3770, 0.1
3771, 0.4
3772, -0.1
3773, 0.1
3774, 0.1
3775, -0.1
3776, 0.0
3777, -0.3
3778, 0.2
3779, -0.1
3780, 0.0
3781, 0.2
3782, 0.0
3783, 0.2
3784, -0.3
3785, -0.2
3786, 0.0
3787, 0.2
3788, 0.1
3789, 0.0
3790, 0.3
3791, 0.2
3792, 0.2
3793, 0.1
3794, 0.1
3795, 0.4
3796, 0.1
3797, 0.2
3798, 0.0
3799, 0.0
3800, -0.2
3801, 0.1
3802, 0.4
3803, -0.1
3804, 0.0
3805, -0.2
3806, -0.1
3807, 0.2
3808, 0.0
3809, 0.2
3810, 0.0
3811, 0.2
3812, 0.0
3813, 0.2
3814, 0.1
3815, 0.2
3816, 0.1
3817, -0.1
3818, 0.2
3819, 0.1
3820, -0.3
3821, 0.0
3822, -0.5
3823, 0.3
3824, 0.3
3825, -0.3
3826, 0.1
3827, -0.3
3828, -0.1
3829, 0.4
3830, -0.5
3831, 0.1
3832, 0.5
3833, 0.0
3834, 0.0
3835, 0.2
3836, -0.1
3837, 0.0
3838, 0.0
3839, 0.2
3840, -0.1
3841, -0.2
3842, -0.4
3843, 0.1
3844, -0.2
3845, 0.1
3846, 0.2
3847, 0.1
3848, 0.2
3849, 0.1
3850, -0.1
3851, -0.5
3852, 0.0
3853, -0.2
3854, -0.2
3855, 0.0
3856, -0.2
3857, -0.3
3858, 0.0
3859, 0.0
3860, -0.1
3861, 0.0
3862, 0.4
3863, -0.3
3864, 0.0
3865, 0.4
3866, 0.1
3867, 0.1
3868, 0.2
3869, -0.1
3870, -0.6
3871, 0.1
3872, 0.2
3873, -0.5
3874, 0.1
3875, 0.1
3876, -0.3
3877, 0.3
3878, 0.2
3879, 0.1
3880, 0.1
3881, -0.5
3882, 0.2
3883, 0.0
3884, -0.5
3885, -0.1
3886, 0.0
3887, 0.3
3888, -0.2
3889, -0.1
3890, 0.0
3891, 0.1
3892, -0.1
3893, -0.1
3894, 0.2
3895, 0.1
3896, -0.1
3897, 0.2
3898, 0.0
3899, -0.1
3900, 0.1
3901, -0.1
3902, 0.2
3903, -0.1
3904, -0.1
3905, -0.2
3906, -0.3
3907, 0.0
3908, 0.0
3909, 0.0
3910, 0.0
3911, -0.3
3912, 0.1
3913, 0.2
3914, -0.2
3915, 0.0
3916, -0.1
3917, -0.4
3918, 0.4
3919, 0.5
3920, -0.2
3921, 0.0
3922, -0.2
3923, -0.2
3924, -0.1
3925, 0.2
3926, 0.1
3927, 0.2
3928, 0.0
3929, 0.1
3930, 0.0
3931, 0.1
3932, 0.2
3933, -0.1
3934, -0.2
3935, 0.0
3936, 0.2
3937, 0.0
3938, 0.0
3939, 0.3
3940, 0.2
3941, 0.0
3942, 0.2
3943, 0.2
3944, -0.2
3945, 0.1
3946, 0.4
3947, 0.2
3948, 0.0
3949, -0.3
3950, -0.2
3951, 0.1
3952, -0.7
3953, 0.0
3954, 0.0
3955, 0.4
3956, 0.0
3957, 0.1
3958, -0.2
3959, 0.0
3960, -0.1
3961, 0.1
3962, 0.2
3963, 0.5
3964, 0.2
3965, 0.0
3966, 0.2
3967, 0.0
3968, 0.2
3969, -0.1
3970, 0.0
3971, -0.2
3972, 0.3
3973, -0.5
3974, 0.0
3975, -0.2
3976, 0.1
3977, -0.4
3978, 0.1
3979, 0.2
3980, -0.3
3981, 0.2
3982, -0.2
3983, -0.4
3984, 0.0
3985, -0.4
3986, 0.1
3987, -0.1
3988, 0.3
3989, 0.0
3990, 0.1
3991, 0.3
3992, 0.0
3993, -0.1
3994, 0.1
3995, 0.2
3996, -0.5
3997, 0.1
3998, -0.1
3999, -0.2
