0, 0.1
1, -0.3
2, 0.1
3, 0.1
4, -0.2
5, 0.0
6, 0.0
7, 0.1
8, 0.0
9, 0.1
10, 0.3
11, -0.1
12, 0.1
13, -0.4
14, -0.3
15, -0.5
16, 0.1
17, -0.2
18, 0.2
19, 0.2
20, 0.0
21, 0.4
22, -0.1
23, 0.2
24, -0.2
25, -0.5
26, 0.5
27, 0.1
28, -0.7
29, 0.0
30, 0.3
31, 0.1
32, 0.1
33, -0.1
34, 0.0
35, 0.3
36, -0.1
37, 0.1
38, -0.2
39, 0.3
40, 0.3
41, 0.1
42, -0.1
43, 0.0
44, -0.4
45, 0.3
46, 0.3
47, 0.4
48, -0.2
49, 0.2
50, -0.1
51, 0.0
52, -0.2
53, 0.4
54, 0.2
55, 0.0
56, 0.0
57, -0.2
58, -0.2
59, 0.0
60, 0.6
61, 0.3
62, 0.0
63, 0.3
64, 0.1
65, 0.2
66, 0.0
67, -0.6
68, 0.0
69, -0.2
70, 0.2
71, -0.1
72, 0.4
73, -0.1
74, -0.1
75, 0.2
76, -0.2
77, -0.3
78, 0.1
79, -0.2
80, 0.0
81, -0.3
82, 0.1
83, -0.2
84, 0.2
85, 0.2
86, 0.1
87, -0.1
88, 0.0
89, 0.0
90, -0.6
91, 0.3
92, -0.1
93, -0.2
94, 0.1
95, 0.0
96, 0.0
97, 0.4
98, 0.1
99, -0.1
100, 0.2
101, 0.0
102, -0.4
103, 0.2
104, -0.1
105, 0.3
106, 0.1
107, 0.1
108, 0.3
109, -0.4
110, 0.4
111, 0.0
112, 0.1
113, 0.0
114, -0.1
115, -0.2
116, -0.4
117, -0.3
118, -0.3
119, 0.3
120, -0.4
121, 0.1
122, 0.2
123, -0.2
124, -0.5
125, -0.3
126, -0.1
127, 0.0
128, -0.4
129, 0.1
130, 0.1
131, 0.1
132, 0.2
133, -0.1
134, -0.3
135, 0.2
136, 0.1
137, -0.2
138, -0.5
139, 0.0
140, -0.4
141, -0.4
142, 0.0
143, 0.1
144, -0.3
145, -0.3
146, 0.2
147, 0.1
148, -0.1
149, 0.2
150, -0.3
151, 0.4
152, -0.1
153, 0.2
154, 0.0
155, -0.1
156, -0.4
157, 0.5
158, -0.1
159, 0.0
160, -0.5
161, -0.2
162, -0.2
163, -0.4
164, -0.1
165, 0.1
166, -0.1
167, -0.2
168, 0.3
169, 0.2
170, 0.2
171, -0.2
172, 0.4
173, 0.0
174, 0.5
175, 0.5
176, 0.3
177, -0.1
178, 0.1
179, -0.3
180, 0.1
181, 0.4
182, 0.0
183, 0.0
184, -0.2
185, -0.1
186, 0.3
187, 0.0
188, 0.2
189, -0.3
190, -0.2
191, -0.1
192, -0.2
193, -0.1
194, 0.4
195, 0.3
196, 0.1
197, 0.3
198, -0.4
199, 0.1
200, -0.3
201, -0.1
202, 0.1
203, 0.1
204, 0.0
205, 0.2
206, -0.1
207, 0.0
208, 0.1
209, -0.2
210, -0.3
211, 0.1
212, -0.2
213, 0.0
214, -0.3
215, -0.2
216, 0.4
217, -0.3
218, 0.3
219, -0.5
220, -0.1
221, 0.0
222, 0.1
223, 0.0
224, -0.2
225, 0.2
226, 0.1
227, 0.0
228, 0.2
229, 0.2
230, -0.3
231, 0.0
232, 0.3
233, 0.2
234, 0.4
235, 0.4
236, 0.0
237, 0.4
238, 0.1
239, 0.0
240, 0.2
241, 0.2
242, -0.2
243, 0.0
244, -0.2
245, 0.1
246, 0.0
247, 0.1
248, 0.1
249, -0.5
250, 0.0
251, 0.0
252, 0.0
253, -0.2
254, 0.4
255, -0.3
256, 0.0
257, -0.1
258, 0.0
259, -0.1
260, 0.2
261, 0.2
262, 0.1
263, -0.4
264, -0.4
265, 0.4
266, -0.4
267, -0.2
268, 0.2
269, -0.3
270, 0.1
271, 0.3
272, -0.2
273, 0.1
274, -0.7
275, 0.5
276, -0.5
277, 0.0
278, 0.2
279, 0.1
280, 0.2
281, 0.1
282, 0.0
283, 0.2
284, 0.1
285, 0.0
286, 0.0
287, 0.0
288, 0.0
289, 0.0
290, 0.1
291, -0.2
292, 0.0
293, 0.0
294, -0.2
295, 0.3
296, -0.1
297, 0.1
298, 0.0
299, 0.1
300, -0.3
301, 0.0
302, 0.2
303, 0.2
304, 0.1
305, 0.0
306, 0.0
307, -0.4
308, 0.1
309, -0.1
310, 0.1
311, 0.1
312, 0.0
313, -0.1
314, 0.2
315, 0.1
316, 0.3
317, 0.0
318, 0.3
319, 0.3
320, -0.2
321, 0.0
322, 0.2
323, 0.0
324, -0.2
325, 0.0
326, 0.3
327, 0.2
328, -0.1
329, 0.0
330, -0.5
331, 0.0
332, -0.3
333, -0.1
334, 0.1
335, 0.4
336, -0.2
337, 0.2
338, 0.2
339, -0.1
340, 0.0
341, 0.1
342, -0.5
343, 0.1
344, 0.2
345, 0.0
346, 0.1
347, -0.1
348, 0.0
349, 0.1
350, 0.1
351, -0.2
352, 0.0
353, -0.3
354, 0.1
355, 0.1
356, -0.1
357, -0.3
358, 0.2
359, -0.2
360, 0.0
361, 0.0
362, -0.5
363, -0.5
364, -0.4
365, -0.1
366, -0.1
367, -0.6
368, -0.1
369, -0.2
370, 0.0
371, 0.2
372, 0.2
373, -0.3
374, 0.0
375, 0.1
376, -0.2
377, -0.1
378, 0.4
379, -0.2
380, 0.2
381, 0.2
382, 0.2
383, -0.1
384, -0.1
385, -0.1
386, 0.0
387, 0.1
388, 0.0
389, 0.1
390, -0.1
391, -0.1
392, 0.1
393, 0.1
394, -0.1
395, 0.0
396, -0.2
397, -0.1
398, 0.2
399, 0.2
400, -0.1
401, -0.3
402, 0.3
403, 0.0
404, -0.1
405, -0.2
406, 0.1
407, -0.2
408, -0.5
409, 0.2
410, 0.2
411, 0.1
412, -0.3
413, 0.3
414, -0.1
415, 0.4
416, 0.0
417, -0.2
418, 0.0
419, -0.3
420, 0.4
421, -0.3
422, 0.4
423, 0.2
424, -0.1
425, -0.2
426, 0.4
427, 0.0
428, 0.2
429, 0.3
430, 0.0
431, 0.3
432, -0.3
433, 0.1
434, 0.2
435, 0.4
436, 0.0
437, 0.0
438, -0.1
439, 0.3
440, -0.3
441, -0.2
442, 0.3
443, 0.0
444, 0.1
445, 0.2
446, -0.1
447, 0.0
448, 0.0
449, -0.3
450, -0.6
451, 0.0
452, 0.1
453, 0.0
454, 0.2
455, 0.3
456, -0.2
457, -0.1
458, 0.1
459, 0.1
460, 0.0
461, -0.2
462, -0.2
463, 0.1
464, -0.2
465, 0.0
466, -0.3
467, 0.0
468, -0.2
469, 0.0
470, -0.5
471, -0.1
472, 0.3
473, -0.1
474, -0.4
475, 0.0
476, -0.6
477, 0.0
478, 0.1
479, -0.4
480, 0.5
481, 0.0
482, 0.1
483, -0.2
484, 0.0
485, 0.2
486, -0.2
487, 0.0
488, 0.5
489, -0.2
490, 0.0
491, -0.4
492, -0.1
493, 0.2
494, -0.6
495, -0.1
496, 0.1
497, 0.1
498, -0.1
499, -0.1
500, 0.1
501, -0.1
502, 0.0
503, -0.4
504, 0.2
505, 0.2
506, -0.2
507, 0.0
508, 0.1
509, -0.2
510, 0.1
511, -0.1
512, -0.3
513, -0.2
514, 0.0
515, 0.0
516, -0.3
517, -0.1
518, -0.2
519, 0.5
520, 0.1
521, -0.2
522, -0.4
523, 0.0
524, 0.2
525, -0.1
526, -0.2
527, 0.1
528, -0.1
529, -0.1
530, 0.2
531, -0.3
532, -0.1
533, 0.0
534, 0.1
535, 0.0
536, -0.1
537, 0.1
538, 0.3
539, -0.1
540, -0.1
541, 0.3
542, 0.0
543, -0.4
544, 0.4
545, 0.1
546, 0.2
547, 0.0
548, -0.5
549, -0.2
550, 0.2
551, 0.2
552, -0.2
553, -0.1
554, 0.1
555, 0.0
556, -0.2
557, 0.0
558, 0.0
559, 0.1
560, -0.1
561, 0.3
562, -0.5
563, -0.2
564, 0.1
565, -0.2
566, 0.0
567, -0.3
568, 0.1
569, -0.3
570, 0.0
571, 0.2
572, 0.0
573, 0.3
574, -0.1
575, 0.2
576, -0.3
577, 0.0
578, 0.1
579, -0.2
580, 0.3
581, 0.0
582, -0.4
583, -0.3
584, -0.2
585, -0.1
586, -0.1
587, -0.1
588, -0.4
589, -0.2
590, 0.0
591, 0.2
592, 0.2
593, 0.0
594, 0.1
595, 0.3
596, -0.2
597, 0.1
598, 0.3
599, 0.1
600, -0.1
601, 0.0
602, 0.0
603, 0.4
604, 0.3
605, 0.1
606, 0.0
607, 0.1
608, -0.3
609, 0.0
610, 0.1
611, -0.1
612, 0.1
613, 0.2
614, 0.3
615, -0.1
616, 0.0
617, -0.1
618, 0.5
619, 0.0
620, -0.3
621, -0.3
622, -0.1
623, 0.2
624, -0.3
625, -0.2
626, -0.3
627, 0.2
628, -0.2
629, 0.3
630, -0.1
631, 0.0
632, -0.1
633, 0.3
634, -0.1
635, -0.2
636, 0.0
637, -0.2
638, -0.1
639, 0.0
640, 0.0
641, -0.2
642, 0.1
643, -0.1
644, -0.2
645, 0.4
646, 0.1
647, -0.4
648, 0.3
649, -0.2
650, 0.2
651, 0.5
652, 0.2
653, 0.0
654, 0.1
655, -0.2
656, -0.3
657, -0.3
658, 0.3
659, -0.3
660, 0.4
661, 0.2
662, 0.3
663, 0.4
664, -0.2
665, 0.2
666, 0.2
667, -0.3
668, 0.3
669, 0.2
670, 0.0
671, 0.0
672, 0.0
673, -0.2
674, 0.2
675, -0.3
676, 0.0
677, -0.4
678, 0.0
679, 0.1
680, 0.4
681, -0.3
682, 0.1
683, 0.2
684, 0.1
685, -0.1
686, 0.2
687, 0.0
688, -0.5
689, 0.1
690, 0.1
691, 0.4
692, -0.1
693, -0.1
694, 0.1
695, 0.3
696, 0.0
697, -0.1
698, -0.4
699, 0.3
700, -0.1
701, 0.3
702, 0.0
703, -0.3
704, -0.2
705, 0.3
706, 0.0
707, 0.1
708, 0.2
709, -0.3
710, -0.1
711, 0.0
712, -0.1
713, -0.3
714, 0.2
715, 0.0
716, 0.1
717, -0.1
718, -0.2
719, 0.2
720, -0.1
721, -0.1
722, 0.0
723, 0.2
724, 0.2
725, 0.3
726, 0.1
727, -0.4
728, -0.1
729, 0.2
730, 0.0
731, 0.2
732, -0.2
733, 0.5
734, 0.4
735, -0.2
736, 0.0
737, 0.3
738, 0.1
739, 0.4
740, 0.0
741, -0.1
742, -0.3
743, 0.1
744, 0.2
745, 0.3
746, -0.1
747, 0.0
748, 0.3
749, 0.3
750, -0.6
751, 0.4
752, 0.2
753, 0.3
754, 0.0
755, -0.3
756, 0.3
757, 0.0
758, 0.0
759, -0.1
760, -0.5
761, -0.5
762, -0.2
763, 0.0
764, 0.3
765, -0.1
766, 0.2
767, 0.1
768, 0.0
769, 0.0
770, 0.4
771, -0.3
772, -0.1
773, -0.2
774, -0.1
775, 0.0
776, -0.2
777, 0.2
778, -0.2
779, -0.1
780, -0.4
781, -0.1
782, 0.0
783, 0.0
784, 0.5
785, 0.2
786, 0.5
787, -0.3
788, 0.0
789, 0.0
790, -0.2
791, 0.1
792, -0.1
793, -0.3
794, 0.1
795, 0.2
796, 0.2
797, 0.3
798, -0.4
799, -0.1
800, 0.4
801, -0.3
802, 0.2
803, -0.1
804, 0.0
805, -0.1
806, 0.2
807, 0.1
808, 0.0
809, -0.2
810, 0.4
811, -0.2
812, 0.2
813, 0.2
814, 0.0
815, -0.4
816, 0.1
817, 0.2
818, -0.1
819, 0.2
820, 0.0
821, -0.4
822, 0.3
823, -0.1
824, -0.1
825, 0.0
826, 0.3
827, 0.0
828, 0.3
829, -0.3
830, -0.3
831, 0.2
832, 0.4
833, 0.0
834, 0.2
835, 0.3
836, 0.1
837, 0.1
838, -0.3
839, 0.1
840, -0.2
841, -0.3
842, 0.0
843, -0.2
844, 0.0
845, 0.1
846, 0.0
847, 0.2
848, -0.1
849, 0.3
850, -0.2
851, -0.1
852, -0.2
853, 0.0
854, 0.1
855, 0.0
856, 0.1
857, 0.0
858, -0.1
859, 0.2
860, 0.2
861, 0.0
862, 0.3
863, 0.1
864, -0.2
865, -0.3
866, 0.1
867, 0.1
868, 0.0
869, -0.1
870, -0.3
871, 0.1
872, -0.1
873, 0.0
874, 0.1
875, 0.4
876, -0.1
877, 0.3
878, 0.3
879, -0.3
880, 0.1
881, 0.1
882, -0.2
883, -0.2
884, 0.0
885, 0.0
886, 0.3
887, 0.1
888, 0.3
889, -0.2
890, 0.2
891, -0.3
892, 0.3
893, 0.4
894, 0.1
895, 0.1
896, 0.4
897, -0.3
898, 0.5
899, -0.1
900, -0.6
901, 0.0
902, 0.1
903, -0.3
904, 0.0
905, -0.2
906, 0.2
907, -0.1
908, -0.1
909, 0.4
910, 0.0
911, -0.6
912, 0.0
913, -0.1
914, -0.5
915, -0.2
916, 0.3
917, 0.1
918, -0.2
919, 0.1
920, -0.1
921, -0.3
922, 0.4
923, -0.1
924, 0.3
925, 0.0
926, -0.3
927, -0.1
928, 0.3
929, 0.0
930, 0.0
931, -0.2
932, 0.1
933, -0.1
934, 0.1
935, 0.1
936, -0.4
937, 0.1
938, 0.2
939, 0.1
940, 0.4
941, -0.2
942, 0.4
943, -0.4
944, -0.2
945, 0.0
946, 0.1
947, 0.0
948, 0.1
949, 0.2
950, 0.3
951, 0.2
952, -0.1
953, 0.2
954, 0.0
955, 0.4
956, -0.1
957, 0.0
958, -0.1
959, 0.0
960, 0.1
961, 0.0
962, 0.2
963, 0.2
964, -0.3
965, 0.0
966, 0.1
967, 0.3
968, 0.1
969, 0.5
970, 0.0
971, 0.3
972, -0.1
973, -0.2
974, 0.5
975, -0.4
976, -0.1
977, -0.1
978, 0.1
979, 0.1
980, 0.2
981, -0.3
982, 0.0
983, 0.1
984, 0.3
985, 0.1
986, 0.1
987, 0.2
988, 0.4
989, 0.1
990, 0.1
991, -0.1
992, 0.2
993, -0.2
994, 0.3
995, 0.0
996, 0.1
997, -0.1
998, 0.0
999, 0.0
1000, 0.3
1001, 0.2
1002, 0.3
1003, 0.0
1004, 0.0
1005, 0.2
1006, 0.2
1007, -0.1
1008, 0.3
1009, 0.0
1010, -0.2
1011, -0.3
1012, -0.3
1013, 0.2
1014, 0.1
1015, 0.1
1016, 0.2
1017, 0.3
1018, 0.3
1019, -0.1
1020, -0.1
1021, 0.1
1022, 0.3
1023, 0.3
1024, 0.0
1025, 0.0
1026, 0.0
1027, 0.5
1028, -0.4
1029, -0.1
1030, -0.3
1031, 0.3
1032, 0.2
1033, 0.3
1034, -0.2
1035, -0.1
1036, 0.0
1037, 0.0
1038, -0.3
1039, 0.0
1040, -0.3
1041, 0.0
1042, 0.1
1043, 0.0
1044, 0.2
1045, 0.1
1046, -0.2
1047, -0.1
1048, -0.4
1049, 0.0
1050, 0.1
1051, 0.3
1052, 0.2
1053, 0.4
1054, 0.0
1055, -0.5
1056, 0.2
1057, 0.1
1058, 0.1
1059, -0.3
1060, -0.3
1061, -0.1
1062, 0.0
1063, -0.1
1064, -0.3
1065, 0.0
1066, -0.4
1067, 0.2
1068, -0.4
1069, 0.0
1070, 0.1
1071, 0.0
1072, 0.0
1073, 0.1
1074, -0.1
1075, 0.0
1076, -0.1
1077, -0.2
1078, 0.1
1079, 0.1
1080, 0.3
1081, 0.0
1082, 0.2
1083, 0.1
1084, 0.2
1085, 0.1
1086, -0.2
1087, 0.1
1088, 0.3
1089, -0.1
1090, 0.1
1091, 0.3
1092, 0.4
1093, 0.2
1094, -0.2
1095, 0.2
1096, -0.2
1097, 0.0
1098, -0.1
1099, 0.3
1100, -0.5
1101, -0.1
1102, 0.0
1103, 0.2
1104, 0.1
1105, -0.4
1106, 0.0
1107, 0.2
1108, 0.3
1109, -0.1
1110, 0.3
1111, -0.2
1112, 0.3
1113, 0.0
1114, -0.1
1115, 0.0
1116, -0.1
1117, -0.3
1118, 0.1
1119, -0.1
1120, 0.0
1121, 0.0
1122, -0.1
1123, 0.4
1124, 0.2
1125, -0.3
1126, 0.0
1127, 0.3
1128, -0.1
1129, 0.2
1130, 0.3
1131, 0.2
1132, -0.2
1133, 0.3
1134, 0.0
1135, -0.4
1136, -0.5
1137, -0.6
1138, 0.0
1139, 0.0
1140, 0.0
1141, 0.4
1142, 0.2
1143, 0.1
1144, 0.2
1145, 0.1
1146, 0.0
1147, 0.0
1148, 0.1
1149, 0.0
1150, 0.1
1151, -0.1
1152, 0.3
1153, -0.2
1154, 0.2
1155, -0.2
1156, -0.2
1157, -0.1
1158, 0.3
1159, -0.3
1160, 0.1
1161, -0.4
1162, -0.3
1163, -0.2
1164, 0.4
1165, -0.5
1166, 0.2
1167, 0.0
1168, 0.1
1169, -0.4
1170, 0.2
1171, -0.2
1172, -0.3
1173, 0.0
1174, 0.3
1175, 0.1
1176, 0.0
1177, 0.2
1178, 0.0
1179, 0.2
1180, 0.4
1181, 0.4
1182, 0.2
1183, -0.2
1184, -0.1
1185, 0.3
1186, 0.3
1187, -0.2
1188, 0.3
1189, 0.1
1190, 0.2
1191, -0.4
1192, -0.1
1193, 0.2
1194, 0.2
1195, -0.3
1196, -0.1
1197, -0.4
1198, 0.2
1199, 0.3
1200, 0.1
1201, -0.3
1202, 0.1
1203, 0.1
1204, 0.2
1205, 0.1
1206, -0.2
1207, -0.4
1208, 0.2
1209, -0.3
1210, -0.1
1211, -0.2
1212, 0.1
1213, 0.1
1214, 0.2
1215, 0.0
1216, -0.3
1217, 0.4
1218, 0.0
1219, 0.1
1220, -0.2
1221, -0.2
1222, -0.4
1223, 0.3
1224, -0.1
1225, -0.2
1226, 0.0
1227, 0.0
1228, 0.2
1229, 0.1
1230, 0.0
1231, 0.0
1232, -0.3
1233, 0.0
1234, -0.3
1235, 0.2
1236, -0.2
1237, 0.0
1238, 0.1
1239, 0.0
1240, -0.3
1241, 0.1
1242, 0.2
1243, -0.2
1244, -0.5
1245, 0.4
1246, -0.3
1247, -0.4
1248, 0.1
1249, -0.1
1250, 0.1
1251, 0.0
1252, 0.1
1253, 0.2
1254, 0.3
1255, -0.1
1256, 0.2
1257, -0.1
1258, 0.5
1259, 0.0
1260, -0.2
1261, -0.4
1262, 0.1
1263, 0.2
1264, -0.1
1265, -0.3
1266, -0.1
1267, -0.2
1268, -0.1
1269, 0.0
1270, 0.2
1271, 0.3
1272, 0.2
1273, 0.1
1274, -0.2
1275, 0.0
1276, 0.0
1277, -0.3
1278, 0.1
1279, 0.1
1280, -0.5
1281, -0.1
1282, 0.0
1283, 0.3
1284, -0.3
1285, 0.1
1286, -0.2
1287, 0.5
1288, -0.1
1289, 0.3
1290, -0.2
1291, -0.1
1292, 0.0
1293, 0.2
1294, 0.4
1295, 0.3
1296, 0.0
1297, -0.1
1298, -0.3
1299, -0.3
1300, -0.3
1301, -0.2
1302, 0.2
1303, 0.1
1304, 0.0
1305, 0.2
1306, -0.2
1307, 0.3
1308, -0.2
1309, 0.1
1310, 0.1
1311, 0.0
1312, 0.1
1313, -0.1
1314, -0.2
1315, 0.2
1316, -0.4
1317, 0.1
1318, -0.2
1319, 0.1
1320, 0.1
1321, -0.2
1322, 0.3
1323, 0.1
1324, 0.0
1325, 0.1
1326, -0.1
1327, -0.1
1328, 0.0
1329, -0.1
1330, -0.2
1331, 0.0
1332, 0.4
1333, 0.2
1334, -0.1
1335, -0.5
1336, 0.2
1337, -0.6
1338, -0.3
1339, 0.3
1340, 0.0
1341, -0.3
1342, 0.2
1343, 0.2
1344, 0.0
1345, -0.2
1346, 0.0
1347, 0.2
1348, 0.1
1349, -0.2
1350, 0.1
1351, 0.0
1352, -0.2
1353, -0.2
1354, 0.1
1355, 0.3
1356, -0.2
1357, -0.1
1358, 0.2
1359, 0.0
1360, 0.2
1361, -0.3
1362, -0.1
1363, -0.3
1364, 0.1
1365, 0.1
1366, 0.3
1367, 0.0
1368, 0.1
1369, -0.3
1370, -0.2
1371, 0.0
1372, -0.3
1373, 0.0
1374, -0.2
1375, 0.1
1376, -0.1
1377, -0.1
1378, 0.0
1379, -0.2
1380, 0.1
1381, 0.1
1382, 0.0
1383, 0.3
1384, 0.1
1385, -0.3
1386, -0.2
1387, -0.2
1388, -0.2
1389, 0.3
1390, -0.5
1391, 0.0
1392, 0.2
1393, -0.2
1394, 0.3
1395, -0.5
1396, 0.1
1397, -0.2
1398, 0.2
1399, 0.2
1400, 0.1
1401, 0.4
1402, 0.3
1403, -0.2
1404, 0.0
1405, 0.2
1406, -0.2
1407, 0.2
1408, -0.2
1409, -0.1
1410, -0.2
1411, 0.0
1412, 0.1
1413, 0.5
1414, 0.0
1415, -0.3
1416, 0.3
1417, -0.1
1418, 0.0
1419, -0.2
1420, 0.2
1421, 0.2
1422, 0.1
1423, -0.1
1424, 0.0
1425, -0.2
1426, 0.0
1427, -0.5
1428, 0.2
1429, -0.2
1430, 0.0
1431, 0.1
1432, 0.1
1433, -0.1
1434, 0.2
1435, 0.2
1436, -0.1
1437, 0.0
1438, 0.5
1439, -0.6
1440, 0.1
1441, 0.0
1442, -0.1
1443, 0.3
1444, 0.1
1445, 0.2
1446, 0.1
1447, -0.1
1448, -0.3
1449, -0.4
1450, 0.2
1451, 0.2
1452, -0.1
1453, -0.1
1454, 0.3
1455, 0.1
1456, 0.0
1457, 0.1
1458, 0.2
1459, -0.1
1460, -0.1
1461, -0.1
1462, 0.1
1463, -0.2
1464, 0.1
1465, -0.1
1466, -0.1
1467, 0.1
1468, 0.1
1469, 0.0
1470, -0.2
1471, -0.6
1472, -0.2
1473, 0.1
1474, 0.1
1475, 0.3
1476, -0.1
1477, 0.0
1478, 0.0
1479, 0.1
1480, -0.6
1481, -0.2
1482, -0.1
1483, 0.1
1484, 0.1
1485, -0.1
1486, -0.2
1487, 0.2
1488, -0.1
1489, 0.2
1490, -0.2
1491, 0.3
1492, 0.3
1493, 0.0
1494, -0.5
1495, 0.2
1496, -0.4
1497, -0.1
1498, -0.1
1499, 0.4
1500, 0.2
1501, 0.0
1502, -0.5
1503, -0.2
1504, 0.1
1505, 0.2
1506, 0.1
1507, 0.3
1508, 0.3
1509, 0.0
1510, -0.6
1511, 0.0
1512, 0.1
1513, 0.1
1514, 0.0
1515, 0.2
1516, 0.1
1517, 0.0
1518, -0.2
1519, -0.5
1520, -0.2
1521, 0.3
1522, -0.2
1523, 0.0
1524, 0.3
1525, -0.2
1526, 0.1
1527, 0.0
1528, -0.2
1529, -0.1
1530, 0.0
1531, 0.5
1532, -0.1
1533, -0.1
1534, 0.3
1535, 0.1
1536, -0.2
1537, 0.1
1538, -0.2
1539, 0.2
1540, -0.1
1541, 0.2
1542, 0.0
1543, 0.1
1544, 0.0
1545, 0.2
1546, 0.0
1547, -0.1
1548, 0.4
1549, -0.1
1550, 0.2
1551, -0.3
1552, 0.1
1553, 0.3
1554, -0.5
1555, 0.4
1556, -0.3
1557, 0.1
1558, 0.1
1559, 0.2
1560, 0.0
1561, -0.4
1562, 0.0
1563, -0.4
1564, 0.1
1565, 0.1
1566, 0.3
1567, 0.2
1568, 0.2
1569, 0.0
1570, 0.1
1571, 0.4
1572, 0.0
1573, 0.0
1574, -0.3
1575, 0.0
1576, 0.1
1577, 0.2
1578, 0.1
1579, -0.1
1580, -0.2
1581, -0.3
1582, 0.3
1583, 0.1
1584, 0.2
1585, -0.2
1586, -0.2
1587, 0.2
1588, 0.5
1589, 0.2
1590, -0.2
1591, 0.0
1592, 0.0
1593, -0.3
1594, -0.3
1595, 0.2
1596, 0.0
1597, -0.1
1598, 0.2
1599, 0.3
1600, -0.1
1601, -0.1
1602, 0.2
1603, 0.2
1604, -0.2
1605, -0.8
1606, 0.0
1607, 0.0
1608, -0.1
1609, 0.2
1610, 0.0
1611, 0.1
1612, -0.3
1613, 0.1
1614, 0.0
1615, 0.0
1616, -0.2
1617, 0.0
1618, -0.1
1619, 0.0
1620, 0.0
1621, 0.0
1622, 0.1
1623, -0.2
1624, 0.2
1625, 0.0
1626, -0.1
1627, -0.3
1628, 0.2
1629, -0.2
1630, 0.1
1631, -0.2
1632, 0.0
1633, 0.0
1634, 0.0
1635, -0.1
1636, -0.1
1637, 0.0
1638, 0.0
1639, -0.2
1640, -0.1
1641, 0.5
1642, -0.1
1643, 0.2
1644, 0.0
1645, 0.1
1646, 0.1
1647, 0.2
1648, 0.0
1649, 0.0
1650, 0.2
1651, -0.2
1652, -0.3
1653, 0.2
1654, -0.3
1655, 0.0
1656, -0.2
1657, 0.0
1658, 0.2
1659, 0.1
1660, 0.1
1661, -0.2
1662, 0.1
1663, -0.5
1664, 0.0
1665, -0.1
1666, 0.3
1667, 0.1
1668, 0.1
1669, -0.1
1670, 0.0
1671, 0.0
1672, -0.2
1673, -0.1
1674, -0.4
1675, 0.1
1676, -0.1
1677, 0.2
1678, 0.3
1679, -0.2
1680, 0.0
1681, -0.4
1682, 0.0
1683, 0.0
1684, -0.5
1685, 0.3
1686, -0.3
1687, 0.0
1688, 0.4
1689, 0.2
1690, -0.3
1691, 0.0
1692, 0.4
1693, -0.5
1694, -0.1
1695, 0.0
1696, 0.0
1697, -0.6
1698, -0.2
1699, 0.3
1700, 0.0
1701, 0.1
1702, 0.3
1703, -0.1
1704, 0.1
1705, -0.3
1706, 0.0
1707, 0.0
1708, 0.0
1709, -0.1
1710, 0.3
1711, -0.3
1712, 0.0
1713, -0.2
1714, 0.1
1715, 0.0
1716, 0.0
1717, 0.1
1718, 0.0
1719, 0.1
1720, 0.4
1721, 0.0
1722, -0.2
1723, 0.4
1724, 0.2
1725, -0.3
1726, 0.3
1727, -0.4
1728, -0.1
1729, -0.2
1730, -0.4
1731, 0.0
1732, -0.2
1733, 0.0
1734, 0.1
1735, 0.3
1736, -0.1
1737, 0.0
1738, 0.1
1739, -0.4
1740, 0.0
1741, 0.1
1742, -0.3
1743, -0.2
1744, 0.4
1745, -0.2
1746, 0.0
1747, 0.1
1748, -0.1
1749, 0.4
1750, -0.1
1751, -0.2
1752, 0.0
1753, -0.2
1754, 0.2
1755, 0.2
1756, -0.1
1757, 0.0
1758, 0.1
1759, 0.1
1760, -0.2
1761, -0.1
1762, 0.1
1763, -0.1
1764, 0.0
1765, 0.4
1766, 0.2
1767, 0.3
1768, -0.1
1769, 0.3
1770, 0.4
1771, -0.1
1772, 0.0
1773, -0.1
1774, 0.0
1775, 0.1
1776, 0.1
1777, 0.2
1778, -0.1
1779, 0.0
1780, 0.1
1781, -0.1
1782, 0.2
1783, 0.0
1784, -0.3
1785, 0.1
1786, -0.3
1787, -0.1
1788, 0.2
1789, 0.1
1790, 0.3
1791, 0.3
1792, 0.0
1793, 0.1
1794, -0.6
1795, -0.1
1796, -0.3
1797, -0.4
1798, 0.0
1799, 0.0
1800, 0.2
1801, -0.3
1802, -0.2
1803, 0.1
1804, 0.1
1805, 0.1
1806, 0.2
1807, -0.1
1808, 0.3
1809, 0.0
1810, -0.2
1811, -0.3
1812, -0.1
1813, 0.3
1814, -0.4
1815, 0.0
1816, 0.3
1817, -0.1
1818, 0.0
1819, -0.2
1820, 0.2
1821, -0.3
1822, -0.3
1823, -0.1
1824, -0.3
1825, 0.1
1826, 0.3
1827, -0.1
1828, -0.2
1829, -0.6
1830, -0.2
1831, 0.1
1832, -0.3
1833, -0.2
1834, 0.1
1835, 0.2
1836, -0.1
1837, 0.0
1838, 0.0
1839, -0.1
1840, 0.0
1841, 0.1
1842, 0.1
1843, -0.2
1844, 0.3
1845, 0.1
1846, -0.6
1847, -0.5
1848, -0.1
1849, -0.1
1850, -0.3
1851, -0.2
1852, -0.3
1853, -0.2
1854, 0.0
1855, 0.1
1856, -0.3
1857, -0.2
1858, 0.0
1859, -0.4
1860, -0.6
1861, 0.1
1862, -0.1
1863, -0.4
1864, -0.2
1865, 0.4
1866, 0.3
1867, 0.0
1868, -0.3
1869, 0.2
1870, 0.3
1871, 0.1
1872, 0.1
1873, 0.2
1874, -0.1
1875, 0.3
1876, 0.2
1877, 0.1
1878, -0.4
1879, 0.0
1880, -0.1
1881, 0.1
1882, 0.3
1883, 0.2
1884, -0.3
1885, -0.2
1886, 0.1
1887, -0.3
1888, -0.2
1889, 0.2
1890, -0.1
1891, 0.0
1892, -0.6
1893, 0.3
1894, 0.2
1895, 0.2
1896, 0.3
1897, 0.3
1898, 0.0
1899, 0.2
1900, -0.4
1901, 0.1
1902, 0.5
1903, -0.2
1904, -0.2
1905, 0.0
1906, 0.2
1907, -0.4
1908, 0.1
1909, -0.3
1910, 0.2
1911, -0.1
1912, 0.3
1913, -0.2
1914, 0.0
1915, -0.5
1916, -0.1
1917, -0.2
1918, -0.1
1919, -0.1
1920, 0.0
1921, 0.1
1922, 0.2
1923, -0.3
1924, 0.1
1925, 0.3
1926, -0.3
1927, 0.2
1928, -0.2
1929, 0.1
1930, 0.1
1931, -0.1
1932, -0.1
1933, 0.0
1934, 0.2
1935, -0.1
1936, 0.2
1937, -0.1
1938, -0.1
1939, 0.2
1940, 0.1
1941, -0.3
1942, 0.1
1943, -0.1
1944, -0.5
1945, -0.5
1946, -0.2
1947, 0.1
1948, -0.3
1949, -0.4
1950, -0.1
1951, 0.4
1952, -0.2
1953, 0.2
1954, -0.4
1955, -0.3
1956, 0.1
1957, 0.0
1958, 0.5
1959, -0.2
1960, 0.1
1961, -0.1
1962, -0.1
1963, -0.1
1964, 0.4
1965, 0.0
1966, -0.3
1967, -0.2
1968, -0.1
1969, -0.4
1970, -0.2
1971, 0.0
1972, 0.0
1973, 0.0
1974, 0.1
1975, 0.2
1976, 0.3
1977, 0.0
1978, -0.2
1979, 0.3
1980, 0.3
1981, 0.0
1982, 0.3
1983, -0.2
1984, -0.3
1985, 0.0
1986, 0.3
1987, 0.1
1988, 0.0
1989, 0.1
1990, 0.0
1991, -0.1
1992, -0.5
1993, 0.2
1994, 0.1
1995, 0.1
1996, 0.0
1997, 0.3
1998, -0.1
1999, 0.0
2000, -0.3
2001, 0.2
2002, -0.1
2003, -0.1
2004, -0.1
2005, 0.3
2006, 0.1
2007, 0.0
2008, -0.1
2009, -0.3
2010, 0.0
2011, -0.3
2012, 0.1
2013, 0.0
2014, -0.1
2015, 0.1
2016, -0.1
2017, 0.4
2018, -0.4
2019, 0.1
2020, -0.3
2021, -0.5
2022, 0.4
2023, -0.4
2024, 0.2
2025, 0.1
2026, 0.2
2027, -0.2
2028, -0.3
2029, -0.1
2030, 0.2
2031, 0.1
2032, 0.3
2033, 0.3
2034, -0.2
2035, 0.1
2036, 0.3
2037, 0.0
2038, 0.2
2039, 0.1
2040, 0.1
2041, -0.4
2042, 0.0
2043, 0.0
2044, 0.0
2045, -0.3
2046, 0.0
2047, -0.5
2048, 0.1
2049, 0.3
2050, -0.2
2051, 0.1
2052, -0.4
2053, 0.0
2054, 0.0
2055, 0.0
2056, -0.1
2057, 0.3
2058, 0.1
2059, 0.1
2060, 0.4
2061, 0.2
2062, 0.1
2063, 0.1
2064, 0.1
2065, -0.1
2066, 0.3
2067, -0.2
2068, -0.3
2069, 0.0
2070, 0.1
2071, 0.2
2072, 0.1
2073, 0.4
2074, 0.0
2075, -0.1
2076, 0.2
2077, -0.3
2078, -0.1
2079, 0.1
2080, 0.1
2081, 0.2
2082, -0.3
2083, 0.0
2084, -0.1
2085, 0.1
2086, 0.0
2087, -0.1
2088, 0.4
2089, 0.3
2090, -0.3
2091, 0.1
2092, -0.1
2093, 0.0
2094, -0.1
2095, 0.1
2096, 0.1
2097, -0.2
2098, -0.2
2099, 0.3
2100, 0.0
2101, 0.3
2102, -0.2
2103, -0.2
2104, 0.1
2105, 0.3
2106, 0.1
2107, -0.2
2108, 0.2
2109, 0.0
2110, 0.0
2111, 0.2
2112, 0.1
2113, -0.5
2114, 0.5
2115, 0.0
2116, -0.1
2117, -0.1
2118, 0.2
2119, -0.2
2120, 0.2
2121, -0.1
2122, 0.0
2123, 0.1
2124, 0.1
2125, 0.3
2126, -0.1
2127, 0.5
2128, -0.2
2129, 0.2
2130, -0.4
2131, 0.0
2132, -0.1
2133, 0.4
2134, -0.2
2135, 0.0
2136, 0.3
2137, 0.1
2138, 0.2
2139, 0.1
2140, -0.6
2141, -0.1
2142, -0.1
2143, -0.2
2144, -0.1
2145, -0.2
2146, -0.1
2147, 0.2
2148, 0.1
2149, -0.4
2150, 0.3
2151, 0.0
2152, -0.1
2153, 0.1
2154, -0.3
2155, 0.0
2156, -0.2
2157, 0.5
2158, 0.0
2159, 0.0
2160, 0.0
2161, 0.3
2162, 0.0
2163, 0.0
2164, 0.0
2165, -0.4
2166, 0.0
2167, -0.2
2168, 0.0
2169, -0.3
2170, -0.4
2171, -0.2
2172, 0.2
2173, 0.1
2174, 0.0
2175, 0.0
2176, 0.0
2177, -0.1
2178, 0.2
2179, 0.3
2180, -0.2
2181, 0.2
2182, 0.3
2183, -0.1
2184, 0.0
2185, 0.1
2186, -0.5
2187, 0.2
2188, 0.1
2189, 0.1
2190, -0.2
2191, -0.1
2192, -0.2
2193, 0.0
2194, 0.2
2195, 0.1
2196, 0.2
2197, 0.1
2198, 0.1
2199, 0.2
2200, 0.0
2201, -0.4
2202, -0.4
2203, 0.1
2204, 0.3
2205, 0.0
2206, -0.2
2207, 0.1
2208, 0.2
2209, -0.1
2210, 0.4
2211, 0.1
2212, 0.3
2213, 0.1
2214, -0.2
2215, 0.2
2216, -0.2
2217, -0.2
2218, 0.1
2219, 0.1
2220, 0.4
2221, 0.3
2222, 0.1
2223, 0.1
2224, 0.3
2225, 0.1
2226, -0.4
2227, 0.2
2228, 0.1
2229, 0.0
2230, -0.2
2231, 0.0
2232, 0.1
2233, 0.0
2234, -0.3
2235, 0.2
2236, 0.0
2237, 0.1
2238, 0.2
2239, 0.1
2240, 0.2
2241, -0.1
2242, -0.2
2243, -0.2
2244, -0.2
2245, 0.1
2246, 0.0
2247, -0.4
2248, 0.1
2249, 0.2
2250, 0.0
2251, -0.1
2252, -0.1
2253, 0.1
2254, -0.1
2255, -0.1
2256, 0.0
2257, -0.4
2258, -0.3
2259, 0.2
2260, 0.1
2261, 0.2
2262, -0.2
2263, 0.0
2264, 0.4
2265, -0.3
2266, 0.3
2267, 0.1
2268, 0.1
2269, -0.1
2270, -0.2
2271, 0.0
2272, -0.4
2273, -0.3
2274, 0.0
2275, -0.1
2276, 0.0
2277, 0.3
2278, -0.3
2279, 0.0
2280, 0.0
2281, -0.1
2282, 0.3
2283, -0.1
2284, 0.2
2285, 0.2
2286, 0.0
2287, -0.1
2288, 0.0
2289, 0.1
2290, -0.1
2291, -0.1
2292, -0.4
2293, 0.0
2294, 0.1
2295, 0.0
2296, 0.0
2297, -0.1
2298, 0.1
2299, -0.1
2300, 0.0
2301, 0.0
2302, 0.1
2303, -0.1
2304, -0.1
2305, 0.0
2306, 0.2
2307, 0.0
2308, -0.1
2309, -0.1
2310, 0.2
2311, 0.1
2312, 0.2
2313, -0.2
2314, 0.0
2315, 0.2
2316, 0.3
2317, 0.3
2318, 0.1
2319, 0.2
2320, -0.1
2321, 0.1
2322, 0.3
2323, 0.0
2324, 0.0
2325, 0.0
2326, -0.2
2327, 0.1
2328, 0.1
2329, -0.1
2330, -0.2
2331, -0.1
2332, 0.0
2333, 0.1
2334, 0.0
2335, 0.3
2336, -0.1
2337, 0.2
2338, 0.0
2339, 0.1
2340, -0.3
2341, 0.1
2342, -0.1
2343, 0.1
2344, 0.2
2345, -0.1
2346, 0.0
2347, 0.0
2348, -0.3
2349, 0.2
2350, -0.2
2351, 0.2
2352, 0.0
2353, -0.4
2354, -0.1
2355, 0.3
2356, -0.1
2357, 0.0
2358, 0.0
2359, -0.1
2360, 0.2
2361, 0.0
2362, -0.1
2363, 0.3
2364, 0.0
2365, 0.4
2366, -0.3
2367, -0.1
2368, -0.2
2369, -0.1
2370, -0.2
2371, 0.1
2372, 0.1
2373, -0.1
2374, -0.1
2375, -0.1
2376, 0.1
2377, -0.3
2378, -0.2
2379, 0.1
2380, -0.1
2381, -0.5
2382, -0.3
2383, 0.2
2384, 0.3
2385, 0.0
2386, -0.3
2387, -0.2
2388, 0.1
2389, 0.2
2390, 0.1
2391, -0.4
2392, 0.1
2393, -0.3
2394, 0.2
2395, 0.2
2396, 0.4
2397, 0.3
2398, -0.1
2399, 0.0
2400, -0.2
2401, -0.4
2402, 0.2
2403, -0.3
2404, 0.3
2405, 0.2
2406, -0.1
2407, 0.1
2408, 0.1
2409, -0.1
2410, 0.0
2411, 0.0
2412, -0.1
2413, -0.4
2414, 0.3
2415, 0.3
2416, -0.1
2417, 0.4
2418, 0.2
2419, -0.2
2420, -0.1
2421, 0.2
2422, -0.2
2423, 0.1
2424, -0.2
2425, -0.3
2426, 0.0
2427, 0.0
2428, 0.1
2429, 0.1
2430, -0.1
2431, 0.0
2432, -0.2
2433, 0.0
2434, -0.2
2435, -0.1
2436, 0.2
2437, 0.1
2438, 0.1
2439, -0.2
2440, -0.2
2441, -0.1
2442, -0.1
2443, -0.1
2444, 0.3
2445, 0.5
2446, -0.6
2447, -0.2
2448, -0.2
2449, -0.1
2450, -0.2
2451, 0.4
2452, 0.3
2453, 0.4
2454, 0.2
2455, 0.0
2456, 0.1
2457, 0.2
2458, 0.5
2459, 0.1
2460, 0.3
2461, -0.2
2462, -0.1
2463, -0.1
2464, 0.4
2465, 0.3
2466, 0.3
2467, 0.0
2468, 0.1
2469, 0.1
2470, -0.3
2471, 0.1
2472, 0.3
2473, 0.2
2474, 0.1
2475, 0.1
2476, -0.1
2477, -0.4
2478, 0.3
2479, 0.2
2480, 0.0
2481, -0.4
2482, -0.1
2483, 0.2
2484, 0.2
2485, 0.1
2486, -0.1
2487, 0.0
2488, -0.2
2489, 0.0
2490, -0.1
2491, 0.0
2492, 0.1
2493, 0.2
2494, -0.1
2495, 0.2
2496, 0.2
2497, 0.0
2498, 0.2
2499, 0.1
2500, 0.1
2501, -0.2
2502, 0.2
2503, 0.1
2504, 0.0
2505, -0.2
2506, 0.0
2507, 0.1
2508, 0.4
2509, 0.0
2510, 0.3
2511, 0.4
2512, -0.1
2513, -0.2
2514, -0.3
2515, 0.2
2516, 0.0
2517, -0.3
2518, -0.1
2519, 0.0
2520, 0.4
2521, -0.1
2522, 0.1
2523, 0.1
2524, 0.4
2525, -0.1
2526, -0.5
2527, 0.3
2528, -0.4
2529, 0.1
2530, 0.4
2531, 0.4
2532, 0.0
2533, -0.2
2534, 0.3
2535, 0.2
2536, -0.2
2537, 0.0
2538, 0.2
2539, 0.4
2540, -0.3
2541, 0.1
2542, 0.4
2543, 0.1
2544, -0.1
2545, 0.1
2546, -0.4
2547, 0.3
2548, -0.2
2549, -0.2
2550, 0.0
2551, -0.2
2552, 0.3
2553, 0.1
2554, -0.1
2555, 0.1
2556, -0.1
2557, 0.2
2558, -0.2
2559, 0.3
2560, 0.0
2561, 0.3
2562, -0.3
2563, -0.4
2564, -0.2
2565, 0.1
2566, -0.4
2567, 0.1
2568, -0.1
2569, -0.5
2570, -0.2
2571, 0.1
2572, -0.1
2573, 0.0
2574, 0.0
2575, 0.0
2576, 0.0
2577, -0.2
2578, 0.0
2579, -0.8
2580, 0.0
2581, 0.1
2582, 0.4
2583, 0.1
2584, 0.1
2585, 0.0
2586, 0.2
2587, -0.4
2588, -0.3
2589, -0.1
2590, -0.1
2591, 0.1
2592, 0.2
2593, -0.6
2594, 0.3
2595, -0.2
2596, 0.1
2597, -0.2
2598, 0.3
2599, 0.1
2600, -0.1
2601, -0.5
2602, -0.1
2603, -0.1
2604, -0.1
2605, 0.2
2606, 0.0
2607, 0.2
2608, -0.2
2609, 0.2
2610, -0.4
2611, -0.3
2612, -0.2
2613, -0.2
2614, 0.4
2615, -0.2
2616, 0.1
2617, 0.4
2618, -0.3
2619, 0.3
2620, 0.0
2621, -0.4
2622, -0.2
2623, 0.0
2624, 0.0
2625, 0.2
2626, -0.2
2627, -0.2
2628, 0.1
2629, -0.4
2630, 0.1
2631, 0.1
2632, -0.2
2633, 0.0
2634, -0.1
2635, -0.2
2636, 0.0
2637, -0.2
2638, 0.1
2639, -0.2
2640, 0.2
2641, 0.2
2642, -0.2
2643, -0.2
2644, 0.1
2645, -0.1
2646, 0.1
2647, 0.1
2648, 0.2
2649, 0.0
2650, 0.1
2651, 0.0
2652, 0.0
2653, -0.1
2654, 0.0
2655, 0.0
2656, -0.2
2657, -0.3
2658, -0.2
2659, 0.0
2660, -0.2
2661, -0.5
2662, 0.0
2663, 0.0
2664, 0.2
2665, -0.5
2666, 0.4
2667, -0.3
2668, -0.1
2669, 0.2
2670, 0.3
2671, 0.1
2672, 0.0
2673, 0.1
2674, 0.2
2675, 0.3
2676, 0.0
2677, -0.3
2678, 0.1
2679, 0.0
2680, -0.1
2681, 0.0
2682, -0.4
2683, 0.3
2684, -0.8
2685, 0.1
2686, 0.2
2687, 0.0
2688, -0.4
2689, -0.1
2690, 0.2
2691, -0.3
2692, 0.2
2693, 0.4
2694, 0.0
2695, 0.2
2696, 0.0
2697, 0.2
2698, 0.0
2699, -0.1
2700, 0.1
2701, 0.0
2702, 0.2
2703, 0.3
2704, -0.3
2705, 0.1
2706, 0.2
2707, -0.1
2708, -0.5
2709, -0.2
2710, 0.3
2711, 0.3
2712, -0.1
2713, 0.0
2714, -0.1
2715, 0.0
2716, 0.0
2717, 0.0
2718, 0.0
2719, -0.1
2720, -0.2
2721, 0.2
2722, 0.1
2723, 0.1
2724, -0.3
2725, 0.1
2726, 0.0
2727, 0.2
2728, 0.2
2729, -0.2
2730, 0.2
2731, -0.3
2732, 0.1
2733, 0.2
2734, -0.4
2735, -0.4
2736, -0.1
2737, 0.4
2738, 0.0
2739, 0.0
2740, 0.4
2741, -0.1
2742, -0.5
2743, -0.1
2744, 0.0
2745, 0.0
2746, -0.1
2747, 0.3
2748, -0.1
2749, 0.1
2750, -0.4
2751, -0.2
2752, 0.0
2753, 0.2
2754, 0.0
2755, 0.1
2756, 0.2
2757, -0.1
2758, 0.3
2759, 0.0
2760, 0.0
2761, 0.1
2762, -0.1
2763, 0.0
2764, 0.2
2765, -0.3
2766, -0.1
2767, 0.1
2768, -0.1
2769, -0.1
2770, -0.2
2771, -0.1
2772, 0.0
2773, -0.1
2774, 0.0
2775, -0.2
2776, -0.3
2777, -0.1
2778, 0.1
2779, 0.1
2780, -0.3
2781, -0.4
2782, 0.3
2783, -0.3
2784, -0.6
2785, -0.3
2786, 0.1
2787, 0.2
2788, 0.1
2789, -0.1
2790, 0.1
2791, 0.4
2792, 0.4
2793, -0.1
2794, 0.4
2795, -0.1
2796, 0.1
2797, -0.3
2798, 0.0
2799, 0.0
2800, -0.2
2801, 0.2
2802, 0.2
2803, 0.2
2804, -0.1
2805, 0.1
2806, 0.1
2807, 0.4
2808, -0.1
2809, -0.5
2810, 0.3
2811, 0.1
2812, 0.0
2813, -0.2
2814, -0.3
2815, 0.2
2816, 0.0
2817, -0.1
2818, 0.1
2819, 0.2
2820, 0.0
2821, -0.1
2822, 0.3
2823, 0.1
2824, -0.2
2825, 0.2
2826, 0.4
2827, 0.1
2828, 0.0
2829, -0.2
2830, -0.3
2831, -0.2
2832, 0.1
2833, -0.2
2834, -0.4
2835, 0.0
2836, 0.0
2837, -0.1
2838, -0.3
2839, 0.0
2840, -0.1
2841, -0.3
2842, -0.3
2843, -0.1
2844, 0.1
2845, 0.0
2846, -0.1
2847, 0.0
2848, -0.4
2849, -0.4
2850, 0.0
2851, -0.2
2852, 0.0
2853, -0.1
2854, -0.1
2855, 0.3
2856, -0.2
2857, -0.2
2858, -0.2
2859, 0.0
2860, 0.1
2861, 0.3
2862, 0.1
2863, 0.1
2864, 0.4
2865, 0.2
2866, -0.6
2867, -0.2
2868, -0.1
2869, -0.1
2870, 0.1
2871, 0.2
2872, 0.3
2873, 0.0
2874, 0.1
2875, 0.0
2876, 0.1
2877, -0.2
2878, 0.0
2879, 0.5
2880, 0.0
2881, 0.2
2882, 0.3
2883, -0.2
2884, -0.1
2885, -0.3
2886, 0.1
2887, -0.4
2888, 0.1
2889, 0.0
2890, -0.1
2891, 0.4
2892, 0.0
2893, 0.0
2894, -0.2
2895, 0.0
2896, -0.2
2897, -0.1
2898, 0.3
2899, 0.1
2900, 0.4
2901, -0.2
2902, 0.1
2903, -0.3
2904, 0.2
2905, 0.3
2906, -0.2
2907, -0.1
2908, -0.3
2909, -0.1
2910, 0.2
2911, 0.3
2912, 0.2
2913, 0.5
2914, -0.3
2915, -0.6
2916, 0.1
2917, 0.2
2918, -0.3
2919, 0.2
2920, 0.1
2921, 0.2
2922, 0.1
2923, -0.1
2924, -0.2
2925, 0.0
2926, -0.3
2927, -0.1
2928, 0.3
2929, -0.1
2930, 0.3
2931, 0.1
2932, -0.5
2933, -0.4
2934, 0.0
2935, -0.3
2936, 0.1
2937, 0.1
2938, 0.1
2939, -0.2
2940, 0.1
2941, 0.1
2942, 0.3
2943, -0.2
2944, 0.3
2945, -0.1
2946, -0.1
2947, -0.2
2948, 0.1
2949, 0.1
2950, -0.1
2951, 0.2
2952, -0.3
2953, 0.0
2954, -0.2
2955, 0.0
2956, -0.8
2957, -0.2
2958, -0.3
2959, -0.2
2960, 0.3
2961, 0.3
2962, -0.2
2963, 0.4
2964, 0.0
2965, -0.1
2966, -0.3
2967, 0.2
2968, -0.1
2969, -0.4
2970, 0.0
2971, -0.1
2972, -0.1
2973, -0.5
2974, -0.2
2975, 0.1
2976, -0.2
2977, 0.3
2978, -0.3
2979, 0.0
2980, 0.0
2981, 0.1
2982, 0.2
2983, 0.4
2984, 0.0
2985, 0.1
2986, 0.2
2987, 0.1
2988, -0.2
2989, 0.2
2990, 0.1
2991, -0.2
2992, -0.1
2993, -0.2
2994, 0.2
2995, 0.0
2996, -0.2
2997, 0.3
2998, -0.2
2999, -0.3
3000, 0.2
3001, 0.2
3002, 0.1
3003, 0.2
3004, -0.1
3005, 0.1
3006, 0.1
3007, -0.3
3008, 0.2
3009, 0.0
3010, -0.1
3011, -0.1
3012, -0.2
3013, 0.1
3014, -0.3
3015, 0.1
3016, 0.1
3017, 0.2
3018, 0.3
3019, -0.1
3020, 0.0
3021, 0.0
3022, 0.2
3023, -0.4
3024, 0.1
3025, -0.2
3026, 0.3
3027, 0.2
3028, -0.3
3029, -0.1
3030, 0.5
3031, 0.2
3032, 0.0
3033, -0.1
3034, -0.2
3035, 0.2
3036, -0.3
3037, -0.1
3038, 0.3
3039, 0.1
3040, -0.3
3041, 0.4
3042, 0.0
3043, 0.2
3044, -0.1
3045, 0.4
3046, 0.1
3047, 0.0
3048, 0.1
3049, 0.0
3050, 0.1
3051, -0.2
3052, -0.4
3053, 0.1
3054, 0.1
3055, 0.0
3056, -0.3
3057, 0.1
3058, 0.1
3059, 0.0
3060, -0.3
3061, -0.1
3062, -0.1
3063, 0.0
3064, -0.1
3065, -0.1
3066, -0.3
3067, 0.0
3068, 0.0
3069, -0.2
3070, 0.2
3071, 0.0
3072, 0.1
3073, -0.2
3074, 0.2
3075, -0.3
3076, -0.5
3077, -0.3
3078, 0.1
3079, 0.2
3080, 0.2
3081, -0.4
3082, -0.4
3083, -0.1
3084, 0.1
3085, 0.2
3086, -0.2
3087, 0.2
3088, 0.0
3089, -0.1
3090, 0.1
3091, 0.5
3092, 0.0
3093, 0.0
3094, 0.0
3095, 0.0
3096, 0.1
3097, 0.0
3098, -0.2
3099, 0.2
3100, -0.1
3101, -0.1
3102, 0.1
3103, -0.6
3104, -0.2
3105, -0.2
3106, -0.3
3107, 0.1
3108, 0.3
3109, 0.1
3110, 0.1
3111, 0.0
3112, -0.3
3113, 0.3
3114, 0.0
3115, -0.2
3116, 0.0
3117, -0.1
3118, -0.1
3119, -0.1
3120, 0.4
3121, -0.2
3122, -0.1
3123, 0.4
3124, 0.2
3125, -0.2
3126, 0.5
3127, 0.2
3128, -0.1
3129, 0.0
3130, 0.1
3131, -0.3
3132, 0.3
3133, -0.3
3134, -0.2
3135, -0.4
3136, -0.3
3137, -0.1
3138, 0.2
3139, -0.5
3140, 0.0
3141, -0.1
3142, -0.1
3143, -0.3
3144, 0.1
3145, -0.3
3146, 0.1
3147, 0.0
3148, -0.3
3149, -0.2
3150, -0.1
3151, -0.1
3152, -0.3
3153, 0.0
3154, -0.1
3155, -0.1
3156, -0.3
3157, -0.1
3158, -0.2
3159, 0.4
3160, 0.2
3161, 0.3
3162, 0.0
3163, -0.1
3164, -0.1
3165, 0.0
3166, -0.2
3167, 0.3
3168, 0.0
3169, 0.2
3170, -0.2
3171, 0.2
3172, -0.1
3173, 0.1
3174, -0.2
3175, 0.2
3176, 0.0
3177, 0.0
3178, -0.2
3179, 0.5
3180, 0.0
3181, -0.5
3182, 0.1
3183, 0.0
3184, 0.1
3185, -0.2
3186, 0.3
3187, -0.3
3188, -0.3
3189, -0.3
3190, -0.3
3191, 0.3
3192, 0.0
3193, -0.2
3194, -0.1
3195, 0.4
3196, -0.1
3197, 0.1
3198, -0.2
3199, -0.2
3200, 0.2
3201, -0.2
3202, -0.1
3203, -0.2
3204, 0.0
3205, 0.1
3206, 0.0
3207, 0.1
3208, 0.1
3209, 0.0
3210, 0.2
3211, 0.2
3212, -0.1
3213, -0.1
3214, -0.1
3215, 0.1
3216, 0.0
3217, 0.0
3218, 0.2
3219, 0.0
3220, 0.2
3221, -0.2
3222, 0.3
3223, 0.3
3224, -0.3
3225, 0.0
3226, 0.5
3227, -0.2
3228, -0.3
3229, 0.1
3230, 0.1
3231, 0.1
3232, 0.0
3233, -0.6
3234, -0.1
3235, -0.6
3236, 0.3
3237, 0.3
3238, -0.3
3239, 0.3
3240, -0.3
3241, 0.1
3242, -0.3
3243, -0.1
3244, -0.4
3245, 0.0
3246, -0.1
3247, 0.0
3248, 0.2
3249, -0.2
3250, -0.3
3251, 0.0
3252, 0.1
3253, 0.2
3254, 0.4
3255, 0.1
3256, 0.0
3257, -0.1
3258, 0.1
3259, -0.5
3260, 0.2
3261, 0.0
3262, -0.4
3263, 0.1
3264, -0.4
3265, -0.1
3266, 0.0
3267, 0.0
3268, 0.1
3269, 0.2
3270, 0.2
3271, -0.3
3272, 0.0
3273, 0.2
3274, -0.4
3275, -0.1
3276, -0.1
3277, 0.3
3278, 0.2
3279, 0.1
3280, 0.0
3281, -0.3
3282, 0.2
3283, -0.2
3284, 0.4
3285, 0.3
3286, 0.1
3287, 0.2
3288, 0.4
3289, 0.0
3290, 0.4
3291, -0.3
3292, 0.5
3293, -0.1
3294, 0.0
3295, 0.0
3296, -0.6
3297, -0.4
3298, 0.0
3299, 0.1
3300, -0.3
3301, 0.0
3302, 0.2
3303, -0.1
3304, -0.2
3305, -0.3
3306, 0.2
3307, 0.4
3308, 0.4
3309, 0.3
3310, 0.3
3311, 0.1
3312, -0.4
3313, 0.1
3314, -0.1
3315, 0.2
3316, -0.1
3317, 0.1
3318, 0.1
3319, 0.1
3320, -0.3
3321, -0.1
3322, -0.1
3323, -0.2
3324, 0.2
3325, -0.1
3326, 0.1
3327, -0.1
3328, -0.3
3329, 0.0
3330, -0.2
3331, -0.1
3332, 0.0
3333, 0.0
3334, -0.1
3335, -0.1
3336, 0.3
3337, -0.1
3338, -0.2
3339, -0.1
3340, 0.0
3341, 0.0
3342, 0.1
3343, 0.2
3344, 0.3
3345, -0.1
3346, 0.0
3347, 0.0
3348, -0.1
3349, 0.3
3350, 0.1
3351, 0.1
3352, 0.3
3353, -0.4
3354, 0.4
3355, -0.1
3356, -0.2
3357, 0.2
3358, -0.1
3359, -0.2
3360, -0.4
3361, 0.0
3362, 0.1
3363, 0.2
3364, 0.0
3365, 0.1
3366, 0.1
3367, 0.2
3368, 0.1
3369, -0.2
3370, 0.0
3371, -0.4
3372, 0.3
3373, 0.0
3374, -0.2
3375, 0.2
3376, 0.3
3377, -0.2
3378, 0.2
3379, -0.1
3380, 0.0
3381, -0.2
3382, -0.4
3383, -0.2
3384, -0.2
3385, -0.2
3386, 0.0
3387, 0.2
3388, -0.1
3389, 0.4
3390, -0.1
3391, -0.2
3392, 0.0
3393, -0.2
3394, 0.0
3395, 0.0
3396, 0.1
3397, -0.1
3398, 0.3
3399, -0.1
3400, 0.0
3401, 0.1
3402, 0.3
3403, 0.0
3404, -0.1
3405, 0.4
3406, 0.0
3407, 0.0
3408, -0.3
3409, 0.0
3410, 0.1
3411, 0.2
3412, 0.1
3413, 0.3
3414, 0.1
3415, 0.2
3416, -0.4
3417, -0.2
3418, -0.1
3419, 0.1
3420, 0.1
3421, -0.2
3422, 0.2
3423, 0.2
3424, 0.1
3425, -0.4
3426, 0.2
3427, 0.3
3428, 0.3
3429, -0.4
3430, -0.2
3431, 0.1
3432, 0.2
3433, 0.3
3434, 0.3
3435, -0.3
3436, 0.2
3437, 0.2
3438, -0.4
3439, 0.0
3440, 0.0
3441, -0.1
3442, 0.2
3443, 0.1
3444, 0.1
3445, -0.5
3446, 0.0
3447, -0.2
3448, 0.1
3449, 0.3
3450, -0.1
3451, 0.3
3452, 0.2
3453, -0.3
3454, -0.2
3455, -0.7
3456, -0.1
3457, 0.2
3458, -0.1
3459, -0.1
3460, 0.0
3461, 0.4
3462, -0.5
3463, -0.3
3464, -0.1
3465, -0.2
3466, 0.0
3467, 0.2
3468, 0.3
3469, 0.2
3470, -0.3
3471, 0.2
3472, 0.2
3473, 0.4
3474, -0.1
3475, 0.3
3476, -0.2
3477, 0.1
3478, -0.3
3479, -0.3
3480, 0.2
3481, -0.3
3482, 0.3
3483, -0.2
3484, 0.0
3485, 0.0
3486, 0.1
3487, 0.0
3488, 0.2
3489, 0.2
3490, 0.0
3491, 0.2
3492, 0.1
3493, 0.1
3494, -0.2
3495, -0.2
3496, -0.5
3497, -0.2
3498, -0.5
3499, -0.1
3500, 0.1
3501, -0.3
3502, 0.0
3503, 0.4
3504, 0.1
3505, 0.0
3506, -0.5
3507, 0.1
3508, 0.1
3509, 0.3
3510, -0.2
3511, 0.2
3512, 0.5
3513, 0.0
3514, 0.3
3515, -0.2
3516, -0.2
3517, 0.4
3518, -0.2
3519, 0.4
3520, -0.1
3521, 0.2
3522, 0.2
3523, 0.0
3524, -0.5
3525, 0.1
3526, 0.2
3527, 0.1
3528, 0.4
3529, 0.5
3530, 0.2
3531, -0.3
3532, 0.1
3533, 0.1
3534, 0.0
3535, -0.1
3536, -0.2
3537, 0.1
3538, 0.2
3539, -0.2
3540, 0.2
3541, 0.0
3542, 0.1
3543, 0.4
3544, -0.3
3545, 0.3
3546, -0.2
3547, -0.1
3548, 0.3
3549, 0.2
3550, 0.0
3551, 0.1
3552, 0.3
3553, 0.0
3554, 0.1
3555, -0.1
3556, 0.3
3557, 0.5
3558, 0.2
3559, 0.0
3560, -0.1
3561, 0.0
3562, 0.2
3563, -0.1
3564, 0.2
3565, 0.4
3566, 0.2
3567, 0.1
3568, 0.0
3569, 0.0
3570, -0.2
3571, 0.4
3572, -0.2
3573, 0.5
3574, 0.2
3575, -0.2
3576, 0.2
3577, 0.2
3578, 0.0
3579, 0.2
3580, 0.0
3581, 0.2
3582, 0.1
3583, 0.0
3584, 0.2
3585, 0.2
3586, -0.1
3587, 0.2
3588, -0.1
3589, -0.2
3590, -0.5
3591, 0.0
3592, -0.1
3593, -0.2
3594, 0.4
3595, 0.2
3596, 0.4
3597, 0.5
3598, 0.4
3599, 0.0
3600, -0.1
3601, 0.4
3602, 0.3
3603, -0.1
3604, 0.0
3605, 0.1
3606, 0.0
3607, -0.2
3608, -0.2
3609, -0.5
3610, -0.1
3611, -0.1
3612, -0.3
3613, 0.0
3614, 0.5
3615, -0.2
3616, -0.4
3617, -0.1
3618, 0.0
3619, 0.2
3620, -0.1
3621, -0.2
3622, -0.2
3623, 0.4
3624, -0.4
3625, 0.0
3626, 0.2
3627, 0.0
3628, 0.1
3629, 0.5
3630, 0.1
3631, -0.1
3632, 0.1
3633, 0.0
3634, 0.1
3635, -0.3
3636, 0.0
3637, 0.1
3638, 0.0
3639, 0.2
3640, 0.4
3641, -0.3
3642, 0.4
3643, 0.2
3644, 0.2
3645, 0.3
3646, -0.2
3647, -0.2
3648, -0.2
3649, 0.2
3650, 0.0
3651, 0.0
3652, 0.0
3653, -0.2
3654, 0.4
3655, 0.2
3656, 0.1
3657, -0.3
3658, -0.1
3659, 0.2
3660, 0.2
3661, 0.2
3662, -0.5
3663, 0.1
3664, -0.1
3665, 0.1
3666, 0.1
3667, -0.4
3668, -0.5
3669, -0.1
3670, -0.1
3671, -0.2
3672, -0.4
3673, 0.2
3674, 0.0
3675, 0.1
3676, 0.2
3677, 0.0
3678, -0.2
3679, -0.5
3680, -0.1
3681, 0.0
3682, -0.6
3683, 0.0
3684, -0.1
3685, 0.0
3686, -0.2
3687, -0.1
3688, -0.3
3689, 0.1
3690, 0.0
3691, 0.0
3692, 0.1
3693, 0.0
3694, 0.2
3695, -0.2
3696, -0.3
3697, 0.2
3698, 0.1
3699, 0.0
3700, -0.4
3701, 0.3
3702, -0.3
3703, 0.0
3704, 0.2
3705, -0.2
3706, 0.1
3707, 0.0
3708, 0.0
3709, -0.4
3710, -0.2
3711, 0.2
3712, 0.1
3713, 0.1
3714, 0.3
3715, -0.3
3716, 0.0
3717, 0.1
3718, 0.1
3719, -0.3
3720, -0.1
3721, -0.1
3722, 0.1
3723, 0.1
3724, 0.1
3725, 0.0
3726, 0.3
3727, 0.2
3728, 0.4
3729, -0.1
3730, -0.1
3731, 0.2
3732, 0.0
3733, -0.2
3734, 0.3
3735, -0.3
3736, -0.2
3737, 0.2
3738, -0.3
3739, 0.2
3740, 0.2
3741, -0.3
3742, 0.0
3743, 0.1
3744, -0.2
3745, 0.1
3746, -0.4
3747, 0.0
3748, -0.2
3749, 0.5
3750, 0.2
3751, -0.1
3752, 0.0
3753, -0.3
3754, 0.2
3755, -0.3
3756, 0.0
3757, -0.2
3758, -0.5
3759, 0.0
3760, -0.1
3761, 0.1
3762, 0.3
3763, 0.0
3764, -0.2
3765, -0.1
3766, 0.3
3767, -0.1
3768, -0.2
3769, -0.1
3770, -0.3
3771, 0.1
3772, 0.4
3773, 0.0
3774, -0.1
3775, 0.3
3776, -0.2
3777, 0.2
3778, -0.1
3779, -0.2
3780, 0.1
3781, -0.5
3782, 0.1
3783, 0.2
3784, -0.2
3785, 0.1
3786, 0.2
3787, 0.0
3788, 0.1
3789, -0.2
3790, -0.2
3791, -0.1
3792, 0.4
3793, 0.1
3794, -0.1
3795, 0.0
3796, -0.3
3797, 0.3
3798, 0.3
3799, 0.1
3800, 0.0
3801, 0.4
3802, -0.4
3803, -0.2
3804, 0.1
3805, 0.0
3806, 0.3
3807, 0.0
3808, 0.1
3809, 0.2
3810, -0.1
3811, -0.1
3812, 0.1
3813, 0.0
3814, 0.0
3815, -0.1
3816, 0.0
3817, 0.0
3818, 0.3
3819, -0.4
3820, -0.2
3821, 0.2
3822, 0.0
3823, -0.2
3824, -0.1
3825, 0.2
3826, 0.1
3827, 0.1
3828, 0.1
3829, 0.1
3830, 0.0
3831, -0.4
3832, 0.1
3833, 0.1
3834, -0.1
3835, -0.2
3836, 0.1
3837, 0.0
3838, -0.3
3839, 0.3
3840, 0.2
3841, 0.2
3842, 0.2
3843, 0.2
3844, 0.1
3845, 0.1
3846, 0.2
3847, -0.2
3848, -0.1
3849, 0.3
3850, -0.1
3851, 0.2
3852, 0.1
3853, 0.1
3854, 0.1
3855, 0.1
3856, 0.0
3857, 0.4
3858, 0.3
3859, -0.3
3860, 0.1
3861, 0.0
3862, 0.1
3863, 0.3
3864, -0.3
3865, 0.3
3866, 0.2
3867, -0.1
3868, 0.4
3869, 0.0
3870, -0.2
3871, -0.3
3872, 0.1
3873, 0.4
3874, 0.3
3875, -0.1
3876, 0.1
3877, 0.1
3878, -0.3
3879, -0.5
3880, 0.0
3881, 0.3
3882, 0.3
3883, 0.4
3884, -0.1
3885, 0.3
3886, -0.2
3887, -0.1
3888, 0.1
3889, -0.1
3890, 0.0
3891, -0.6
3892, 0.0
3893, 0.0
3894, 0.3
3895, 0.1
3896, -0.1
3897, -0.3
3898, 0.0
3899, -0.1
3900, 0.3
3901, -0.3
3902, -0.1
3903, 0.1
3904, -0.5
3905, 0.0
3906, 0.0
3907, -0.2
3908, 0.1
3909, -0.2
3910, 0.0
3911, 0.1
3912, 0.0
3913, 0.4
3914, -0.1
3915, -0.1
3916, -0.3
3917, 0.0
3918, -0.4
3919, -0.1
3920, -0.4
3921, -0.6
3922, 0.3
3923, 0.0
3924, -0.1
3925, -0.1
3926, 0.0
3927, 0.1
3928, 0.0
3929, -0.5
3930, -0.2
3931, -0.2
3932, -0.1
3933, 0.0
3934, 0.1
3935, 0.1
3936, -0.1
3937, 0.2
3938, -0.1
3939, 0.2
3940, 0.2
3941, 0.1
3942, 0.0
3943, -0.2
3944, 0.2
3945, -0.1
3946, 0.0
3947, 0.0
3948, 0.0
3949, -0.1
3950, 0.2
3951, 0.2
3952, -0.2
3953, 0.3
3954, -0.3
3955, 0.1
3956, 0.2
3957, 0.1
3958, 0.4
3959, 0.0
3960, 0.0
3961, -0.3
3962, -0.2
3963, 0.1
3964, 0.0
3965, -0.2
3966, -0.2
3967, -0.2
3968, 0.0
3969, 0.1
3970, -0.2
3971, 0.0
3972, -0.3
3973, 0.2
3974, 0.2
3975, -0.1
3976, 0.0
3977, 0.0
3978, 0.3
3979, 0.2
3980, 0.0
3981, -0.1
3982, 0.3
3983, -0.5
3984, 0.1
3985, -0.3
3986, 0.2
3987, -0.1
3988, -0.2
3989, 0.5
3990, -0.1
3991, 0.0
3992, 0.2
3993, -0.2
3994, 0.0
3995, -0.3
3996, 0.0
3997, 0.2
3998, 0.2
3999, -0.1
