0, -0.2
1, -0.1
2, 0.2
3, -0.3
4, 0.0
5, -0.2
6, 0.0
7, 0.3
8, 0.1
9, 0.1
10, 0.1
11, -0.2
12, 0.2
13, -0.1
14, 0.1
15, -0.1
16, -0.1
17, -0.2
18, -0.1
19, 0.6
20, -0.1
21, -0.2
22, 0.0
23, 0.0
24, -0.5
25, -0.2
26, -0.2
27, -0.1
28, -0.1
29, -0.2
30, -0.4
31, -0.3
32, 0.0
33, 0.1
34, 0.0
35, -0.1
36, -0.1
37, -0.3
38, 0.2
39, -0.3
40, -0.2
41, 0.1
42, -0.1
43, 0.0
44, 0.4
45, -0.1
46, 0.2
47, 0.3
48, 0.6
49, 0.3
50, -0.2
51, 0.1
52, 0.3
53, -0.1
54, -0.1
55, -0.1
56, 0.2
57, 0.2
58, 0.3
59, 0.1
60, 0.1
61, -0.2
62, 0.4
63, -0.1
64, -0.1
65, -0.2
66, 0.4
67, -0.1
68, 0.2
69, -0.4
70, -0.4
71, 0.3
72, -0.2
73, -0.2
74, -0.1
75, -0.3
76, 0.2
77, 0.1
78, 0.0
79, -0.5
80, -0.1
81, 0.2
82, 0.4
83, 0.2
84, -0.5
85, -0.2
86, -0.5
87, 0.0
88, 0.1
89, -0.2
90, -0.2
91, -0.4
92, 0.1
93, 0.0
94, -0.1
95, 0.0
96, -0.1
97, 0.4
98, 0.0
99, -0.3
100, -0.1
101, 0.0
102, 0.0
103, -0.1
104, 0.1
105, 0.0
106, -0.2
107, 0.3
108, 0.1
109, -0.1
110, 0.3
111, 0.0
112, 0.2
113, -0.1
114, -0.7
115, -0.2
116, 0.2
117, 0.5
118, -0.2
119, -0.1
120, -0.6
121, 0.1
122, -0.2
123, 0.3
124, 0.0
125, -0.3
126, 0.2
127, -0.1
128, 0.2
129, -0.1
130, -0.1
131, 0.0
132, 0.2
133, 0.1
134, 0.2
135, 0.0
136, -0.1
137, -0.3
138, -0.1
139, 0.0
140, -0.1
141, -0.1
142, 0.5
143, -0.4
144, 0.0
145, 0.1
146, -0.3
147, 0.1
148, 0.2
149, 0.2
150, 0.0
151, 0.2
152, 0.2
153, 0.3
154, 0.0
155, 0.3
156, 0.2
157, 0.1
158, 0.3
159, -0.2
160, -0.1
161, -0.1
162, 0.1
163, -0.4
164, 0.0
165, 0.0
166, -0.4
167, 0.2
168, 0.0
169, 0.0
170, 0.0
171, -0.1
172, -0.1
173, 0.0
174, 0.0
175, -0.2
176, -0.1
177, 0.0
178, 0.0
179, 0.0
180, 0.0
181, -0.4
182, -0.3
183, -0.4
184, 0.3
185, -0.3
186, 0.1
187, -0.3
188, 0.1
189, 0.0
190, -0.2
191, 0.0
192, 0.3
193, 0.0
194, 0.4
195, 0.2
196, 0.2
197, 0.1
198, 0.0
199, 0.0
200, 0.0
201, -0.1
202, 0.2
203, -0.2
204, 0.4
205, -0.1
206, 0.2
207, -0.1
208, -0.2
209, -0.3
210, 0.5
211, 0.0
212, 0.0
213, -0.2
214, 0.1
215, 0.0
216, 0.1
217, 0.0
218, 0.2
219, -0.2
220, 0.4
221, 0.5
222, 0.0
223, 0.4
224, -0.3
225, 0.1
226, -0.4
227, -0.2
228, -0.2
229, -0.2
230, 0.2
231, 0.1
232, 0.1
233, 0.0
234, 0.0
235, 0.1
236, -0.4
237, 0.1
238, 0.1
239, 0.2
240, -0.4
241, 0.3
242, 0.4
243, 0.5
244, 0.1
245, -0.2
246, -0.3
247, -0.3
248, -0.3
249, -0.1
250, -0.3
251, 0.2
252, -0.1
253, -0.2
254, -0.2
255, -0.2
256, -0.2
257, 0.2
258, -0.3
259, 0.3
260, -0.2
261, 0.4
262, 0.0
263, -0.1
264, -0.1
265, 0.1
266, 0.0
267, 0.2
268, -0.2
269, -0.2
270, 0.2
271, -0.1
272, 0.0
273, -0.1
274, 0.0
275, 0.2
276, 0.0
277, 0.2
278, 0.1
279, 0.1
280, 0.0
281, 0.0
282, -0.3
283, 0.3
284, 0.0
285, 0.0
286, 0.0
287, -0.1
288, -0.1
289, 0.2
290, 0.0
291, 0.0
292, -0.1
293, -0.2
294, 0.1
295, 0.1
296, 0.1
297, -0.1
298, -0.1
299, 0.3
300, 0.1
301, -0.3
302, 0.2
303, -0.1
304, -0.8
305, -0.5
306, -0.3
307, 0.3
308, 0.1
309, 0.3
310, 0.1
311, 0.2
312, 0.2
313, 0.2
314, 0.0
315, -0.1
316, 0.0
317, 0.1
318, 0.1
319, -0.1
320, 0.0
321, -0.1
322, 0.4
323, -0.3
324, 0.3
325, 0.0
326, -0.6
327, -0.2
328, -0.1
329, 0.0
330, 0.2
331, 0.3
332, 0.0
333, 0.2
334, 0.3
335, 0.2
336, -0.3
337, -0.1
338, -0.2
339, -0.1
340, 0.2
341, 0.1
342, 0.4
343, 0.2
344, 0.2
345, 0.2
346, 0.0
347, -0.3
348, 0.3
349, -0.1
350, -0.1
351, -0.2
352, -0.1
353, -0.1
354, -0.4
355, 0.0
356, -0.1
357, -0.3
358, -0.2
359, -0.2
360, 0.1
361, 0.1
362, -0.1
363, 0.0
364, -0.3
365, -0.1
366, -0.1
367, 0.2
368, 0.0
369, -0.3
370, 0.1
371, -0.2
372, 0.3
373, -0.4
374, 0.0
375, 0.3
376, 0.2
377, -0.1
378, -0.1
379, -0.1
380, 0.2
381, 0.0
382, 0.2
383, -0.1
384, 0.2
385, -0.2
386, -0.5
387, 0.0
388, 0.2
389, 0.1
390, -0.3
391, -0.1
392, 0.4
393, -0.1
394, 0.0
395, -0.2
396, 0.1
397, 0.0
398, 0.1
399, -0.1
400, -0.3
401, 0.5
402, 0.0
403, -0.1
404, -0.3
405, -0.1
406, 0.0
407, -0.2
408, -0.2
409, -0.3
410, -0.4
411, 0.1
412, 0.3
413, -0.3
414, 0.0
415, -0.1
416, 0.1
417, 0.1
418, 0.0
419, 0.2
420, -0.4
421, 0.1
422, 0.0
423, -0.1
424, 0.1
425, -0.3
426, 0.1
427, 0.3
428, -0.3
429, 0.0
430, 0.0
431, -0.2
432, -0.3
433, 0.0
434, 0.3
435, 0.0
436, -0.1
437, -0.1
438, -0.3
439, 0.3
440, -0.1
441, 0.2
442, 0.0
443, -0.1
444, 0.0
445, -0.2
446, -0.2
447, -0.1
448, 0.3
449, -0.3
450, 0.0
451, 0.4
452, -0.2
453, 0.2
454, -0.3
455, -0.1
456, 0.2
457, -0.2
458, -0.1
459, 0.2
460, -0.3
461, 0.1
462, 0.3
463, 0.1
464, -0.1
465, -0.1
466, -0.3
467, 0.4
468, 0.0
469, -0.3
470, -0.6
471, 0.3
472, -0.2
473, -0.5
474, 0.0
475, 0.3
476, -0.1
477, 0.1
478, -0.2
479, -0.2
480, 0.4
481, -0.3
482, -0.3
483, 0.0
484, -0.1
485, 0.4
486, -0.2
487, 0.1
488, 0.2
489, -0.1
490, -0.5
491, -0.3
492, 0.1
493, -0.2
494, 0.0
495, 0.3
496, -0.4
497, -0.7
498, -0.1
499, 0.3
500, -0.3
501, -0.1
502, -0.1
503, -0.3
504, -0.3
505, 0.2
506, 0.2
507, -0.1
508, -0.1
509, 0.3
510, 0.0
511, 0.1
512, 0.2
513, 0.4
514, 0.1
515, 0.0
516, -0.1
517, 0.1
518, 0.2
519, 0.1
520, 0.0
521, 0.0
522, -0.1
523, 0.1
524, 0.1
525, 0.4
526, 0.1
527, -0.1
528, 0.2
529, 0.2
530, 0.2
531, 0.1
532, 0.0
533, -0.5
534, -0.1
535, 0.2
536, -0.3
537, 0.1
538, 0.3
539, -0.3
540, -0.3
541, -0.1
542, -0.1
543, 0.1
544, 0.4
545, 0.3
546, -0.5
547, 0.1
548, 0.4
549, -0.5
550, 0.2
551, 0.1
552, 0.1
553, 0.3
554, 0.4
555, 0.0
556, 0.1
557, 0.2
558, 0.0
559, 0.1
560, 0.1
561, 0.0
562, 0.5
563, 0.0
564, 0.1
565, -0.2
566, -0.1
567, -0.4
568, 0.1
569, -0.4
570, -0.3
571, -0.1
572, 0.2
573, -0.1
574, 0.0
575, 0.2
576, -0.2
577, -0.4
578, 0.0
579, -0.2
580, 0.1
581, 0.0
582, 0.1
583, 0.0
584, 0.2
585, 0.0
586, -0.1
587, -0.4
588, 0.1
589, 0.2
590, 0.0
591, -0.1
592, -0.3
593, -0.1
594, 0.1
595, -0.2
596, 0.4
597, -0.3
598, -0.4
599, 0.1
600, 0.3
601, 0.0
602, 0.2
603, 0.0
604, 0.2
605, 0.1
606, 0.3
607, 0.2
608, 0.0
609, 0.0
610, 0.1
611, -0.4
612, -0.3
613, 0.0
614, 0.1
615, -0.1
616, -0.3
617, -0.1
618, -0.1
619, 0.0
620, -0.3
621, 0.1
622, 0.1
623, -0.1
624, 0.0
625, 0.3
626, 0.0
627, 0.0
628, -0.2
629, -0.3
630, -0.2
631, 0.0
632, 0.0
633, -0.4
634, 0.0
635, 0.1
636, -0.1
637, 0.1
638, -0.3
639, 0.0
640, -0.2
641, 0.4
642, -0.1
643, -0.1
644, 0.2
645, 0.1
646, -0.4
647, -0.4
648, 0.1
649, 0.2
650, -0.2
651, 0.0
652, 0.4
653, 0.2
654, 0.1
655, -0.2
656, 0.4
657, 0.1
658, 0.0
659, 0.0
660, -0.1
661, 0.1
662, 0.3
663, 0.1
664, -0.1
665, 0.1
666, 0.2
667, 0.1
668, 0.0
669, 0.2
670, 0.1
671, 0.2
672, -0.2
673, -0.1
674, 0.3
675, 0.0
676, 0.2
677, 0.0
678, 0.4
679, -0.7
680, 0.0
681, 0.0
682, 0.4
683, 0.5
684, -0.1
685, -0.5
686, 0.0
687, 0.2
688, 0.3
689, 0.0
690, -0.2
691, 0.1
692, 0.1
693, 0.0
694, 0.2
695, -0.1
696, -0.2
697, 0.1
698, 0.2
699, -0.1
700, -0.2
701, 0.2
702, -0.5
703, 0.0
704, 0.0
705, 0.0
706, -0.3
707, 0.2
708, -0.2
709, 0.3
710, 0.1
711, 0.0
712, 0.1
713, -0.1
714, 0.1
715, -0.1
716, -0.3
717, 0.2
718, 0.0
719, -0.2
720, -0.2
721, -0.1
722, -0.2
723, -0.1
724, 0.0
725, 0.0
726, -0.1
727, 0.2
728, 0.3
729, -0.3
730, 0.0
731, 0.3
732, -0.4
733, -0.2
734, 0.0
735, -0.1
736, -0.1
737, 0.1
738, 0.3
739, 0.0
740, 0.0
741, -0.3
742, 0.0
743, -0.1
744, 0.1
745, 0.0
746, -0.3
747, 0.0
748, 0.1
749, 0.2
750, -0.2
751, 0.1
752, 0.0
753, 0.0
754, 0.5
755, -0.2
756, 0.0
757, 0.2
758, 0.4
759, 0.1
760, 0.5
761, -0.3
762, 0.2
763, -0.2
764, 0.2
765, 0.0
766, 0.2
767, -0.2
768, -0.1
769, -0.1
770, 0.1
771, 0.0
772, -0.1
773, -0.3
774, 0.0
775, 0.2
776, -0.5
777, -0.3
778, 0.1
779, -0.1
780, 0.1
781, 0.2
782, 0.1
783, 0.0
784, 0.1
785, -0.4
786, 0.0
787, 0.5
788, -0.3
789, 0.3
790, -0.2
791, 0.3
792, -0.2
793, 0.2
794, 0.2
795, 0.1
796, -0.1
797, 0.1
798, -0.3
799, 0.0
800, -0.2
801, -0.1
802, -0.2
803, 0.0
804, -0.2
805, 0.0
806, 0.0
807, 0.3
808, -0.4
809, 0.0
810, 0.1
811, -0.1
812, 0.3
813, -0.2
814, 0.0
815, 0.3
816, 0.2
817, 0.0
818, -0.2
819, -0.1
820, -0.4
821, -0.4
822, -0.1
823, 0.0
824, 0.3
825, -0.2
826, 0.3
827, -0.2
828, 0.0
829, 0.0
830, 0.0
831, -0.3
832, 0.0
833, -0.1
834, 0.0
835, -0.2
836, 0.3
837, -0.4
838, 0.2
839, 0.1
840, 0.2
841, 0.1
842, 0.0
843, 0.3
844, -0.5
845, -0.3
846, 0.3
847, 0.1
848, 0.5
849, -0.1
850, -0.1
851, -0.2
852, 0.2
853, 0.0
854, 0.0
855, -0.3
856, -0.3
857, 0.2
858, 0.3
859, -0.2
860, 0.2
861, 0.3
862, 0.3
863, 0.2
864, 0.3
865, -0.2
866, 0.0
867, 0.0
868, -0.2
869, -0.1
870, -0.2
871, 0.0
872, 0.2
873, 0.1
874, -0.3
875, 0.2
876, 0.0
877, -0.3
878, -0.3
879, 0.0
880, 0.2
881, -0.2
882, 0.0
883, 0.3
884, 0.2
885, 0.0
886, 0.0
887, 0.0
888, 0.5
889, 0.0
890, 0.1
891, 0.1
892, 0.2
893, 0.0
894, 0.0
895, 0.0
896, -0.2
897, -0.1
898, 0.5
899, 0.2
900, 0.1
901, 0.1
902, 0.1
903, 0.0
904, 0.2
905, 0.1
906, 0.0
907, 0.2
908, -0.2
909, -0.1
910, -0.1
911, 0.0
912, 0.0
913, -0.1
914, 0.2
915, 0.0
916, -0.1
917, -0.2
918, 0.2
919, -0.1
920, 0.0
921, 0.3
922, 0.0
923, 0.1
924, 0.0
925, -0.2
926, 0.1
927, -0.3
928, 0.1
929, -0.1
930, 0.1
931, -0.1
932, -0.2
933, -0.2
934, 0.1
935, -0.2
936, 0.0
937, 0.0
938, -0.3
939, 0.0
940, 0.3
941, 0.0
942, 0.2
943, -0.1
944, -0.1
945, -0.2
946, 0.1
947, -0.2
948, 0.1
949, -0.3
950, 0.0
951, -0.3
952, 0.2
953, -0.7
954, -0.4
955, 0.1
956, -0.3
957, -0.1
958, 0.1
959, -0.6
960, 0.1
961, 0.1
962, -0.2
963, 0.2
964, 0.3
965, 0.1
966, -0.1
967, 0.0
968, -0.2
969, 0.2
970, 0.3
971, -0.1
972, -0.1
973, -0.2
974, 0.2
975, 0.1
976, -0.2
977, 0.2
978, 0.3
979, 0.0
980, -0.1
981, -0.2
982, 0.2
983, 0.0
984, -0.4
985, 0.2
986, -0.4
987, 0.0
988, -0.2
989, -0.2
990, 0.2
991, -0.2
992, 0.1
993, 0.1
994, -0.5
995, 0.1
996, 0.0
997, 0.0
998, -0.2
999, 0.1
1000, -0.1
1001, -0.4
1002, -0.2
1003, -0.6
1004, -0.1
1005, 0.0
1006, -0.1
1007, 0.0
1008, 0.1
1009, -0.1
1010, 0.3
1011, 0.0
1012, -0.1
1013, 0.2
1014, -0.2
1015, -0.3
1016, 0.5
1017, -0.2
1018, -0.1
1019, -0.2
1020, 0.4
1021, 0.2
1022, -0.2
1023, 0.2
1024, 0.2
1025, -0.1
1026, 0.1
1027, 0.1
1028, -0.3
1029, -0.1
1030, -0.2
1031, 0.2
1032, -0.2
1033, 0.0
1034, 0.0
1035, -0.3
1036, 0.3
1037, 0.1
1038, 0.1
1039, -0.1
1040, -0.1
1041, 0.0
1042, 0.2
1043, -0.7
1044, -0.1
1045, 0.3
1046, -0.5
1047, 0.0
1048, -0.1
1049, 0.0
1050, -0.4
1051, 0.2
1052, 0.0
1053, -0.1
1054, 0.1
1055, 0.0
1056, 0.3
1057, -0.1
1058, 0.3
1059, 0.1
1060, -0.2
1061, -0.2
1062, 0.4
1063, -0.2
1064, -0.1
1065, -0.4
1066, -0.1
1067, 0.1
1068, 0.0
1069, 0.1
1070, -0.4
1071, -0.2
1072, 0.1
1073, 0.2
1074, 0.1
1075, 0.0
1076, 0.1
1077, 0.1
1078, 0.1
1079, 0.0
1080, -0.1
1081, -0.4
1082, 0.2
1083, 0.1
1084, 0.1
1085, -0.3
1086, 0.2
1087, -0.3
1088, 0.1
1089, 0.0
1090, 0.2
1091, -0.2
1092, -0.3
1093, 0.0
1094, 0.3
1095, -0.4
1096, 0.1
1097, 0.1
1098, 0.0
1099, -0.3
1100, -0.1
1101, -0.3
1102, -0.1
1103, -0.1
1104, 0.1
1105, -0.4
1106, 0.1
1107, -0.1
1108, -0.7
1109, -0.1
1110, 0.2
1111, 0.3
1112, 0.0
1113, -0.1
1114, 0.5
1115, -0.1
1116, -0.2
1117, 0.2
1118, 0.1
1119, 0.0
1120, -0.3
1121, -0.2
1122, -0.1
1123, 0.1
1124, 0.0
1125, -0.1
1126, 0.1
1127, 0.2
1128, -0.2
1129, 0.0
1130, 0.4
1131, 0.0
1132, -0.5
1133, -0.2
1134, 0.0
1135, -0.1
1136, 0.0
1137, 0.1
1138, 0.0
1139, -0.3
1140, -0.2
1141, -0.3
1142, -0.2
1143, -0.1
1144, 0.3
1145, 0.3
1146, -0.1
1147, 0.2
1148, 0.2
1149, 0.1
1150, 0.1
1151, -0.3
1152, 0.3
1153, -0.3
1154, -0.2
1155, 0.1
1156, 0.2
1157, 0.1
1158, 0.2
1159, 0.1
1160, -0.2
1161, 0.1
1162, 0.0
1163, 0.2
1164, 0.3
1165, -0.3
1166, 0.3
1167, 0.0
1168, 0.3
1169, -0.1
1170, 0.0
1171, 0.2
1172, -0.2
1173, 0.2
1174, 0.3
1175, 0.0
1176, 0.2
1177, 0.0
1178, 0.2
1179, 0.3
1180, 0.0
1181, -0.2
1182, -0.1
1183, 0.2
1184, -0.3
1185, -0.4
1186, -0.4
1187, 0.0
1188, -0.1
1189, 0.2
1190, 0.0
1191, 0.1
1192, 0.1
1193, 0.3
1194, 0.0
1195, -0.1
1196, 0.5
1197, 0.4
1198, 0.4
1199, -0.2
1200, -0.1
1201, -0.5
1202, -0.1
1203, -0.1
1204, -0.2
1205, 0.0
1206, -0.3
1207, -0.2
1208, -0.4
1209, 0.0
1210, 0.5
1211, 0.1
1212, -0.1
1213, 0.1
1214, 0.3
1215, 0.0
1216, 0.2
1217, -0.4
1218, 0.2
1219, -0.3
1220, 0.0
1221, -0.4
1222, 0.0
1223, 0.2
1224, 0.2
1225, -0.5
1226, 0.1
1227, 0.1
1228, -0.5
1229, 0.0
1230, -0.1
1231, -0.4
1232, -0.3
1233, -0.4
1234, 0.2
1235, -0.5
1236, -0.2
1237, 0.3
1238, 0.1
1239, 0.0
1240, -0.1
1241, 0.0
1242, -0.1
1243, -0.1
1244, -0.3
1245, 0.0
1246, -0.1
1247, 0.3
1248, -0.3
1249, -0.4
1250, -0.5
1251, 0.1
1252, -0.1
1253, 0.0
1254, 0.2
1255, 0.1
1256, 0.3
1257, 0.1
1258, 0.1
1259, -0.2
1260, 0.0
1261, 0.0
1262, -0.3
1263, -0.3
1264, -0.1
1265, 0.1
1266, -0.2
1267, 0.2
1268, 0.0
1269, -0.1
1270, -0.2
1271, 0.4
1272, -0.5
1273, 0.2
1274, 0.2
1275, -0.1
1276, 0.2
1277, -0.2
1278, -0.2
1279, 0.0
1280, 0.0
1281, 0.2
1282, 0.3
1283, 0.2
1284, 0.1
1285, -0.1
1286, 0.1
1287, 0.0
1288, -0.1
1289, 0.2
1290, -0.1
1291, -0.2
1292, 0.1
1293, 0.4
1294, 0.2
1295, 0.0
1296, -0.4
1297, 0.0
1298, 0.1
1299, 0.0
1300, 0.0
1301, 0.0
1302, 0.1
1303, -0.1
1304, -0.3
1305, 0.1
1306, -0.2
1307, -0.1
1308, 0.1
1309, 0.5
1310, -0.1
1311, 0.3
1312, 0.2
1313, -0.5
1314, 0.1
1315, -0.3
1316, 0.0
1317, -0.1
1318, 0.0
1319, 0.2
1320, 0.2
1321, 0.1
1322, 0.1
1323, -0.5
1324, -0.4
1325, -0.3
1326, -0.2
1327, -0.1
1328, 0.2
1329, 0.3
1330, -0.2
1331, 0.1
1332, 0.0
1333, -0.2
1334, -0.3
1335, 0.2
1336, -0.2
1337, 0.0
1338, -0.2
1339, 0.0
1340, 0.2
1341, 0.2
1342, -0.2
1343, 0.3
1344, -0.4
1345, 0.1
1346, 0.1
1347, 0.0
1348, 0.0
1349, 0.1
1350, -0.2
1351, -0.1
1352, 0.2
1353, 0.1
1354, 0.2
1355, 0.0
1356, 0.4
1357, -0.2
1358, 0.2
1359, 0.2
1360, -0.1
1361, 0.4
1362, -0.1
1363, 0.0
1364, 0.1
1365, 0.2
1366, 0.2
1367, -0.4
1368, -0.1
1369, -0.3
1370, -0.3
1371, 0.4
1372, 0.1
1373, -0.4
1374, -0.2
1375, -0.1
1376, -0.1
1377, 0.0
1378, 0.2
1379, -0.3
1380, 0.2
1381, 0.0
1382, 0.1
1383, 0.2
1384, 0.3
1385, 0.3
1386, -0.1
1387, -0.4
1388, -0.2
1389, 0.0
1390, 0.2
1391, 0.0
1392, 0.0
1393, 0.0
1394, 0.2
1395, 0.0
1396, 0.1
1397, 0.2
1398, 0.0
1399, -0.2
1400, 0.0
1401, 0.3
1402, -0.3
1403, 0.1
1404, -0.3
1405, 0.1
1406, -0.6
1407, -0.5
1408, 0.3
1409, -0.1
1410, -0.2
1411, 0.3
1412, 0.0
1413, -0.1
1414, -0.6
1415, -0.3
1416, -0.1
1417, 0.3
1418, -0.2
1419, 0.3
1420, -0.2
1421, 0.4
1422, 0.1
1423, -0.3
1424, 0.2
1425, -0.2
1426, -0.2
1427, 0.0
1428, 0.0
1429, -0.1
1430, -0.4
1431, -0.2
1432, 0.1
1433, -0.1
1434, -0.1
1435, -0.1
1436, -0.1
1437, 0.5
1438, -0.5
1439, 0.0
1440, 0.1
1441, -0.1
1442, 0.0
1443, 0.3
1444, 0.0
1445, -0.3
1446, -0.1
1447, 0.2
1448, 0.1
1449, 0.1
1450, 0.0
1451, 0.2
1452, 0.2
1453, 0.0
1454, -0.2
1455, 0.1
1456, 0.0
1457, -0.1
1458, 0.3
1459, 0.3
1460, 0.1
1461, 0.1
1462, 0.2
1463, -0.1
1464, -0.4
1465, 0.1
1466, 0.0
1467, -0.1
1468, -0.1
1469, -0.1
1470, -0.2
1471, 0.2
1472, -0.2
1473, 0.0
1474, 0.0
1475, -0.2
1476, -0.2
1477, 0.1
1478, 0.0
1479, -0.4
1480, 0.2
1481, -0.4
1482, 0.0
1483, 0.3
1484, 0.0
1485, -0.2
1486, 0.0
1487, 0.1
1488, -0.2
1489, -0.1
1490, -0.2
1491, -0.1
1492, -0.3
1493, -0.2
1494, -0.2
1495, 0.1
1496, 0.1
1497, 0.2
1498, 0.3
1499, -0.1
1500, -0.3
1501, -0.1
1502, -0.3
1503, -0.1
1504, -0.3
1505, 0.2
1506, 0.2
1507, 0.3
1508, 0.2
1509, -0.1
1510, 0.1
1511, -0.2
1512, 0.1
1513, 0.0
1514, -0.3
1515, -0.1
1516, 0.0
1517, 0.3
1518, 0.3
1519, 0.2
1520, 0.2
1521, 0.2
1522, 0.2
1523, 0.0
1524, 0.0
1525, -0.2
1526, 0.1
1527, 0.0
1528, -0.1
1529, 0.0
1530, 0.1
1531, 0.0
1532, 0.0
1533, 0.1
1534, -0.2
1535, -0.4
1536, -0.3
1537, 0.0
1538, -0.3
1539, 0.0
1540, -0.1
1541, -0.1
1542, 0.0
1543, 0.2
1544, 0.1
1545, -0.1
1546, 0.2
1547, 0.1
1548, 0.3
1549, 0.3
1550, -0.3
1551, -0.5
1552, 0.1
1553, 0.1
1554, 0.3
1555, 0.2
1556, 0.0
1557, 0.0
1558, -0.1
1559, -0.1
1560, -0.1
1561, 0.3
1562, 0.0
1563, -0.2
1564, -0.5
1565, -0.2
1566, 0.1
1567, 0.2
1568, -0.1
1569, 0.2
1570, 0.0
1571, -0.1
1572, 0.3
1573, 0.1
1574, 0.0
1575, 0.1
1576, 0.1
1577, 0.3
1578, -0.4
1579, -0.2
1580, 0.1
1581, 0.4
1582, 0.1
1583, 0.3
1584, 0.2
1585, 0.3
1586, -0.1
1587, 0.3
1588, 0.1
1589, -0.1
1590, 0.0
1591, -0.4
1592, -0.1
1593, -0.2
1594, -0.2
1595, 0.5
1596, 0.3
1597, 0.1
1598, 0.1
1599, 0.0
1600, 0.1
1601, -0.3
1602, 0.4
1603, -0.1
1604, 0.2
1605, -0.4
1606, 0.2
1607, -0.3
1608, 0.1
1609, 0.0
1610, -0.6
1611, 0.1
1612, -0.4
1613, 0.2
1614, -0.3
1615, -0.2
1616, 0.2
1617, 0.3
1618, 0.1
1619, 0.0
1620, 0.0
1621, 0.1
1622, 0.1
1623, 0.0
1624, -0.1
1625, 0.4
1626, 0.2
1627, -0.4
1628, 0.0
1629, -0.1
1630, -0.2
1631, 0.0
1632, 0.4
1633, -0.2
1634, 0.2
1635, -0.1
1636, -0.2
1637, 0.0
1638, -0.2
1639, 0.3
1640, 0.0
1641, -0.1
1642, 0.3
1643, -0.2
1644, 0.3
1645, 0.0
1646, 0.2
1647, -0.3
1648, -0.1
1649, -0.3
1650, -0.1
1651, 0.0
1652, 0.3
1653, -0.5
1654, 0.1
1655, 0.3
1656, 0.0
1657, -0.2
1658, -0.3
1659, 0.1
1660, -0.3
1661, 0.0
1662, 0.4
1663, 0.2
1664, -0.4
1665, 0.0
1666, -0.1
1667, 0.0
1668, -0.3
1669, -0.1
1670, 0.0
1671, 0.0
1672, -0.2
1673, 0.3
1674, 0.0
1675, -0.3
1676, 0.1
1677, 0.1
1678, 0.0
1679, 0.3
1680, 0.0
1681, -0.3
1682, 0.3
1683, 0.2
1684, -0.4
1685, 0.0
1686, 0.1
1687, 0.0
1688, 0.0
1689, -0.1
1690, 0.1
1691, 0.2
1692, 0.1
1693, 0.1
1694, -0.2
1695, -0.1
1696, -0.1
1697, 0.0
1698, -0.5
1699, 0.4
1700, 0.1
1701, -0.1
1702, -0.1
1703, 0.0
1704, 0.2
1705, -0.2
1706, -0.2
1707, 0.3
1708, 0.0
1709, -0.2
1710, -0.1
1711, 0.2
1712, -0.1
1713, 0.1
1714, 0.2
1715, 0.0
1716, -0.2
1717, 0.3
1718, -0.4
1719, -0.3
1720, 0.0
1721, -0.3
1722, -0.2
1723, 0.1
1724, -0.2
1725, -0.4
1726, 0.0
1727, -0.1
1728, -0.1
1729, 0.0
1730, 0.2
1731, 0.0
1732, 0.1
1733, 0.0
1734, 0.0
1735, 0.2
1736, 0.0
1737, 0.0
1738, 0.3
1739, 0.2
1740, -0.1
1741, 0.2
1742, 0.0
1743, 0.2
1744, -0.3
1745, 0.2
1746, 0.2
1747, 0.2
1748, 0.3
1749, 0.3
1750, 0.0
1751, 0.1
1752, 0.3
1753, 0.1
1754, 0.0
1755, 0.1
1756, 0.1
1757, 0.2
1758, -0.1
1759, -0.3
1760, -0.2
1761, -0.3
1762, 0.3
1763, 0.2
1764, 0.3
1765, 0.0
1766, 0.3
1767, 0.1
1768, -0.1
1769, 0.1
1770, -0.1
1771, -0.1
1772, 0.3
1773, 0.2
1774, -0.1
1775, -0.2
1776, -0.1
1777, 0.2
1778, 0.2
1779, 0.1
1780, 0.2
1781, -0.2
1782, 0.0
1783, 0.2
1784, -0.3
1785, 0.1
1786, 0.0
1787, 0.0
1788, -0.1
1789, 0.1
1790, 0.1
1791, -0.1
1792, -0.1
1793, -0.3
1794, 0.2
1795, 0.4
1796, 0.2
1797, 0.2
1798, 0.2
1799, -0.2
1800, -0.1
1801, 0.2
1802, 0.2
1803, 0.5
1804, -0.3
1805, -0.4
1806, -0.4
1807, -0.1
1808, 0.0
1809, 0.1
1810, -0.3
1811, 0.3
1812, -0.2
1813, -0.1
1814, -0.1
1815, 0.1
1816, -0.1
1817, 0.2
1818, 0.0
1819, 0.4
1820, 0.3
1821, -0.2
1822, -0.2
1823, -0.1
1824, 0.0
1825, 0.2
1826, 0.4
1827, -0.5
1828, -0.4
1829, -0.1
1830, 0.0
1831, -0.2
1832, 0.2
1833, 0.2
1834, -0.1
1835, 0.0
1836, 0.0
1837, 0.3
1838, -0.3
1839, -0.2
1840, 0.2
1841, 0.3
1842, 0.0
1843, -0.2
1844, -0.1
1845, -0.3
1846, 0.2
1847, -0.3
1848, 0.0
1849, 0.2
1850, 0.0
1851, -0.2
1852, 0.3
1853, -0.4
1854, 0.4
1855, -0.2
1856, -0.2
1857, 0.2
1858, -0.2
1859, -0.5
1860, 0.1
1861, -0.1
1862, -0.5
1863, 0.3
1864, 0.0
1865, -0.2
1866, 0.5
1867, 0.0
1868, 0.1
1869, 0.0
1870, 0.0
1871, 0.2
1872, -0.1
1873, -0.2
1874, 0.3
1875, 0.4
1876, -0.1
1877, 0.2
1878, -0.2
1879, -0.2
1880, -0.1
1881, 0.1
1882, 0.0
1883, 0.1
1884, -0.1
1885, -0.3
1886, 0.2
1887, -0.2
1888, 0.2
1889, 0.1
1890, -0.3
1891, 0.2
1892, -0.5
1893, 0.2
1894, 0.2
1895, -0.4
1896, 0.0
1897, -0.2
1898, 0.2
1899, 0.0
1900, -0.1
1901, 0.1
1902, -0.1
1903, 0.2
1904, 0.0
1905, 0.1
1906, 0.1
1907, 0.0
1908, 0.2
1909, 0.3
1910, 0.3
1911, 0.0
1912, 0.0
1913, 0.2
1914, -0.1
1915, -0.3
1916, -0.1
1917, 0.2
1918, -0.4
1919, 0.3
1920, 0.2
1921, 0.0
1922, 0.3
1923, 0.0
1924, 0.2
1925, -0.2
1926, 0.0
1927, -0.2
1928, -0.2
1929, 0.2
1930, -0.1
1931, -0.2
1932, -0.1
1933, 0.0
1934, -0.3
1935, 0.2
1936, 0.0
1937, 0.1
1938, -0.3
1939, -0.3
1940, 0.1
1941, 0.3
1942, 0.4
1943, 0.3
1944, 0.3
1945, 0.0
1946, 0.2
1947, 0.0
1948, 0.2
1949, 0.2
1950, 0.1
1951, -0.3
1952, 0.0
1953, -0.5
1954, -0.2
1955, 0.3
1956, -0.1
1957, 0.1
1958, 0.3
1959, 0.3
1960, -0.4
1961, 0.3
1962, -0.1
1963, -0.3
1964, 0.0
1965, -0.1
1966, 0.0
1967, 0.1
1968, -0.1
1969, -0.1
1970, 0.2
1971, 0.2
1972, -0.2
1973, 0.0
1974, 0.1
1975, 0.0
1976, 0.1
1977, 0.0
1978, -0.8
1979, -0.3
1980, 0.2
1981, 0.0
1982, 0.2
1983, 0.0
1984, -0.3
1985, -0.2
1986, 0.3
1987, -0.4
1988, 0.3
1989, -0.3
1990, -0.3
1991, -0.1
1992, 0.4
1993, 0.0
1994, 0.4
1995, 0.1
1996, 0.2
1997, -0.2
1998, 0.1
1999, -0.2
2000, 0.2
2001, -0.4
2002, 0.2
2003, 0.1
2004, 0.0
2005, -0.4
2006, -0.1
2007, -0.1
2008, -0.3
2009, 0.2
2010, -0.1
2011, 0.2
2012, -0.1
2013, -0.1
2014, -0.1
2015, 0.0
2016, 0.3
2017, 0.2
2018, -0.1
2019, 0.1
2020, 0.3
2021, 0.0
2022, 0.3
2023, 0.4
2024, -0.1
2025, 0.0
2026, -0.3
2027, -0.1
2028, 0.1
2029, 0.1
2030, 0.1
2031, 0.4
2032, -0.2
2033, -0.4
2034, 0.2
2035, -0.3
2036, 0.1
2037, 0.1
2038, 0.3
2039, 0.1
2040, 0.0
2041, -0.1
2042, 0.1
2043, -0.1
2044, -0.1
2045, -0.1
2046, -0.3
2047, 0.0
2048, -0.2
2049, 0.0
2050, 0.4
2051, 0.0
2052, -0.2
2053, 0.2
2054, -0.3
2055, -0.2
2056, -0.3
2057, 0.4
2058, -0.2
2059, -0.4
2060, 0.0
2061, -0.2
2062, 0.0
2063, 0.0
2064, -0.4
2065, 0.1
2066, 0.1
2067, 0.0
2068, 0.0
2069, -0.1
2070, 0.2
2071, 0.3
2072, -0.1
2073, -0.3
2074, 0.1
2075, -0.1
2076, 0.1
2077, -0.4
2078, 0.5
2079, -0.1
2080, 0.2
2081, 0.2
2082, 0.0
2083, -0.1
2084, -0.4
2085, 0.1
2086, 0.1
2087, -0.4
2088, 0.3
2089, 0.4
2090, 0.1
2091, 0.3
2092, -0.2
2093, -0.2
2094, 0.1
2095, 0.1
2096, -0.3
2097, -0.7
2098, -0.4
2099, 0.1
2100, 0.2
2101, -0.2
2102, 0.0
2103, 0.0
2104, 0.1
2105, -0.3
2106, 0.2
2107, -0.2
2108, -0.4
2109, 0.0
2110, 0.4
2111, 0.1
2112, -0.2
2113, 0.0
2114, 0.1
2115, 0.0
2116, 0.0
2117, 0.2
2118, 0.3
2119, -0.1
2120, -0.2
2121, -0.2
2122, -0.4
2123, 0.0
2124, 0.2
2125, 0.1
2126, 0.0
2127, 0.2
2128, 0.0
2129, -0.1
2130, -0.1
2131, -0.1
2132, 0.0
2133, -0.1
2134, 0.1
2135, -0.1
2136, 0.3
2137, -0.2
2138, 0.0
2139, -0.3
2140, -0.1
2141, 0.0
2142, 0.2
2143, 0.3
2144, 0.2
2145, -0.1
2146, 0.0
2147, 0.2
2148, 0.4
2149, 0.0
2150, -0.4
2151, -0.1
2152, 0.5
2153, 0.4
2154, 0.3
2155, 0.1
2156, -0.3
2157, -0.3
2158, 0.0
2159, 0.0
2160, 0.0
2161, 0.0
2162, 0.0
2163, 0.0
2164, 0.3
2165, -0.4
2166, -0.2
2167, 0.2
2168, -0.3
2169, 0.2
2170, -0.1
2171, 0.3
2172, 0.0
2173, 0.1
2174, -0.2
2175, 0.1
2176, -0.2
2177, 0.2
2178, -0.2
2179, -0.3
2180, -0.1
2181, 0.4
2182, 0.0
2183, 0.3
2184, 0.3
2185, -0.1
2186, 0.1
2187, 0.0
2188, 0.3
2189, 0.0
2190, 0.2
2191, -0.1
2192, 0.2
2193, 0.1
2194, 0.1
2195, -0.5
2196, -0.1
2197, 0.2
2198, 0.0
2199, 0.0
2200, 0.0
2201, 0.0
2202, 0.2
2203, 0.4
2204, -0.1
2205, -0.3
2206, -0.3
2207, -0.3
2208, 0.0
2209, 0.1
2210, -0.1
2211, 0.1
2212, -0.1
2213, 0.3
2214, 0.1
2215, -0.3
2216, 0.5
2217, -0.1
2218, -0.1
2219, -0.2
2220, -0.3
2221, -0.2
2222, 0.3
2223, 0.2
2224, -0.1
2225, -0.7
2226, 0.2
2227, 0.1
2228, -0.1
2229, -0.2
2230, 0.0
2231, 0.0
2232, -0.1
2233, -0.2
2234, -0.3
2235, 0.2
2236, 0.2
2237, -0.1
2238, -0.2
2239, -0.3
2240, 0.2
2241, -0.1
2242, -0.2
2243, -0.4
2244, 0.3
2245, 0.3
2246, -0.1
2247, 0.0
2248, 0.0
2249, 0.3
2250, 0.1
2251, 0.0
2252, -0.1
2253, 0.0
2254, -0.2
2255, 0.3
2256, -0.1
2257, -0.2
2258, -0.3
2259, -0.2
2260, -0.1
2261, 0.1
2262, 0.1
2263, -0.2
2264, -0.1
2265, 0.2
2266, 0.0
2267, 0.0
2268, 0.1
2269, 0.3
2270, 0.1
2271, 0.1
2272, -0.1
2273, -0.3
2274, 0.1
2275, 0.5
2276, 0.4
2277, -0.7
2278, -0.2
2279, 0.2
2280, -0.3
2281, 0.1
2282, 0.2
2283, -0.2
2284, 0.1
2285, -0.2
2286, 0.0
2287, 0.2
2288, -0.2
2289, 0.2
2290, 0.3
2291, 0.4
2292, 0.0
2293, 0.0
2294, -0.1
2295, -0.1
2296, 0.1
2297, 0.1
2298, -0.3
2299, 0.1
2300, -0.2
2301, 0.2
2302, 0.4
2303, -0.1
2304, 0.2
2305, 0.1
2306, 0.1
2307, 0.0
2308, 0.3
2309, -0.2
2310, -0.3
2311, 0.4
2312, -0.4
2313, -0.2
2314, 0.1
2315, -0.2
2316, 0.1
2317, 0.4
2318, -0.1
2319, 0.3
2320, 0.2
2321, 0.0
2322, -0.2
2323, 0.0
2324, 0.0
2325, 0.3
2326, 0.1
2327, -0.1
2328, 0.0
2329, 0.0
2330, 0.3
2331, 0.2
2332, 0.3
2333, -0.1
2334, 0.0
2335, 0.0
2336, 0.2
2337, 0.0
2338, 0.3
2339, 0.3
2340, -0.1
2341, 0.4
2342, 0.2
2343, -0.2
2344, 0.2
2345, 0.1
2346, 0.5
2347, 0.5
2348, 0.1
2349, 0.2
2350, 0.3
2351, 0.0
2352, 0.2
2353, 0.2
2354, -0.4
2355, 0.2
2356, -0.1
2357, 0.0
2358, 0.2
2359, 0.2
2360, 0.1
2361, -0.4
2362, 0.3
2363, 0.1
2364, 0.1
2365, 0.2
2366, -0.1
2367, 0.0
2368, 0.0
2369, -0.3
2370, -0.1
2371, -0.3
2372, -0.1
2373, 0.2
2374, 0.2
2375, 0.0
2376, 0.5
2377, 0.1
2378, 0.2
2379, -0.2
2380, -0.2
2381, -0.4
2382, -0.1
2383, -0.3
2384, -0.2
2385, 0.1
2386, 0.3
2387, 0.3
2388, 0.1
2389, -0.5
2390, -0.3
2391, -0.1
2392, 0.3
2393, 0.1
2394, 0.0
2395, 0.1
2396, -0.2
2397, 0.1
2398, 0.2
2399, -0.1
2400, -0.2
2401, -0.2
2402, -0.5
2403, 0.0
2404, -0.3
2405, 0.1
2406, -0.5
2407, 0.2
2408, 0.3
2409, 0.0
2410, -0.2
2411, -0.1
2412, 0.4
2413, 0.1
2414, -0.1
2415, -0.3
2416, -0.3
2417, 0.3
2418, 0.3
2419, 0.0
2420, 0.2
2421, -0.4
2422, -0.2
2423, 0.3
2424, 0.3
2425, 0.0
2426, -0.4
2427, -0.1
2428, 0.2
2429, -0.2
2430, -0.4
2431, 0.0
2432, -0.1
2433, 0.1
2434, 0.5
2435, -0.1
2436, 0.0
2437, 0.3
2438, 0.1
2439, 0.1
2440, 0.0
2441, -0.1
2442, 0.5
2443, 0.5
2444, -0.3
2445, -0.1
2446, 0.2
2447, -0.2
2448, 0.1
2449, -0.1
2450, 0.2
2451, -0.1
2452, 0.5
2453, 0.2
2454, -0.5
2455, 0.3
2456, 0.1
2457, -0.4
2458, -0.7
2459, 0.2
2460, 0.3
2461, 0.3
2462, -0.3
2463, -0.2
2464, 0.2
2465, 0.0
2466, -0.2
2467, -0.1
2468, 0.0
2469, 0.3
2470, 0.2
2471, 0.0
2472, 0.4
2473, -0.1
2474, 0.0
2475, -0.3
2476, -0.5
2477, -0.2
2478, -0.1
2479, 0.1
2480, 0.0
2481, 0.3
2482, 0.3
2483, 0.0
2484, 0.1
2485, -0.4
2486, 0.0
2487, 0.0
2488, 0.5
2489, -0.1
2490, 0.1
2491, 0.3
2492, -0.2
2493, 0.0
2494, 0.3
2495, 0.3
2496, 0.1
2497, -0.1
2498, 0.0
2499, -0.1
2500, -0.4
2501, 0.2
2502, 0.3
2503, 0.1
2504, 0.2
2505, -0.2
2506, -0.1
2507, 0.2
2508, 0.0
2509, -0.3
2510, -0.1
2511, 0.2
2512, 0.0
2513, 0.0
2514, -0.4
2515, -0.2
2516, 0.0
2517, 0.2
2518, -0.1
2519, -0.1
2520, 0.0
2521, 0.1
2522, 0.0
2523, -0.1
2524, 0.1
2525, 0.1
2526, -0.4
2527, 0.2
2528, 0.0
2529, 0.3
2530, 0.4
2531, 0.1
2532, 0.2
2533, 0.4
2534, 0.0
2535, 0.0
2536, 0.2
2537, 0.0
2538, -0.2
2539, 0.1
2540, 0.2
2541, 0.3
2542, 0.1
2543, 0.0
2544, 0.1
2545, 0.3
2546, -0.4
2547, 0.5
2548, 0.0
2549, -0.1
2550, 0.3
2551, 0.2
2552, 0.5
2553, 0.4
2554, 0.1
2555, -0.2
2556, 0.2
2557, -0.1
2558, -0.3
2559, 0.4
2560, 0.3
2561, -0.1
2562, 0.1
2563, -0.3
2564, -0.3
2565, 0.1
2566, -0.1
2567, 0.0
2568, -0.2
2569, -0.4
2570, 0.3
2571, -0.2
2572, 0.0
2573, 0.0
2574, -0.4
2575, -0.1
2576, 0.1
2577, -0.2
2578, -0.3
2579, -0.2
2580, -0.2
2581, 0.3
2582, -0.1
2583, -0.3
2584, -0.3
2585, 0.2
2586, 0.2
2587, 0.0
2588, -0.3
2589, 0.0
2590, 0.1
2591, 0.2
2592, 0.2
2593, -0.7
2594, -0.2
2595, 0.0
2596, -0.1
2597, 0.1
2598, 0.1
2599, -0.1
2600, 0.4
2601, -0.2
2602, -0.2
2603, -0.1
2604, 0.3
2605, 0.1
2606, 0.3
2607, 0.0
2608, 0.4
2609, 0.0
2610, -0.2
2611, -0.1
2612, 0.0
2613, -0.1
2614, 0.1
2615, 0.0
2616, 0.3
2617, -0.1
2618, -0.3
2619, -0.2
2620, 0.2
2621, -0.1
2622, -0.4
2623, -0.4
2624, -0.1
2625, -0.1
2626, -0.3
2627, 0.1
2628, -0.3
2629, -0.2
2630, 0.5
2631, -0.3
2632, -0.1
2633, 0.1
2634, 0.0
2635, 0.2
2636, 0.2
2637, -0.2
2638, 0.2
2639, 0.1
2640, -0.2
2641, 0.0
2642, 0.0
2643, -0.3
2644, 0.0
2645, 0.1
2646, 0.0
2647, -0.2
2648, -0.2
2649, -0.3
2650, 0.0
2651, -0.3
2652, 0.1
2653, 0.2
2654, 0.1
2655, 0.2
2656, -0.5
2657, -0.2
2658, -0.1
2659, -0.1
2660, 0.1
2661, 0.1
2662, 0.1
2663, 0.4
2664, 0.3
2665, -0.1
2666, -0.2
2667, 0.2
2668, 0.3
2669, 0.0
2670, 0.1
2671, 0.1
2672, -0.3
2673, -0.4
2674, -0.2
2675, 0.3
2676, -0.1
2677, 0.1
2678, -0.1
2679, -0.2
2680, 0.1
2681, 0.2
2682, -0.3
2683, 0.1
2684, 0.0
2685, -0.3
2686, -0.1
2687, 0.3
2688, -0.1
2689, -0.1
2690, 0.2
2691, -0.4
2692, -0.2
2693, 0.1
2694, 0.0
2695, 0.1
2696, -0.1
2697, -0.1
2698, 0.0
2699, -0.1
2700, 0.1
2701, 0.1
2702, -0.6
2703, 0.0
2704, 0.1
2705, 0.0
2706, 0.5
2707, -0.4
2708, 0.2
2709, -0.2
2710, 0.2
2711, 0.0
2712, -0.3
2713, 0.1
2714, 0.0
2715, 0.0
2716, -0.1
2717, -0.3
2718, 0.0
2719, 0.3
2720, -0.2
2721, 0.2
2722, 0.0
2723, 0.2
2724, 0.0
2725, 0.0
2726, 0.1
2727, 0.1
2728, 0.0
2729, 0.1
2730, 0.2
2731, 0.1
2732, 0.0
2733, -0.2
2734, -0.1
2735, 0.2
2736, 0.1
2737, 0.2
2738, 0.0
2739, 0.2
2740, 0.3
2741, -0.3
2742, 0.1
2743, -0.2
2744, -0.5
2745, 0.1
2746, 0.1
2747, 0.0
2748, -0.1
2749, -0.2
2750, -0.6
2751, 0.0
2752, 0.1
2753, -0.1
2754, 0.2
2755, 0.2
2756, -0.1
2757, 0.2
2758, -0.1
2759, -0.1
2760, -0.2
2761, 0.0
2762, -0.1
2763, -0.2
2764, -0.5
2765, -0.2
2766, 0.0
2767, -0.1
2768, -0.4
2769, -0.3
2770, 0.2
2771, 0.4
2772, -0.1
2773, 0.2
2774, -0.1
2775, 0.2
2776, -0.3
2777, -0.2
2778, 0.0
2779, -0.1
2780, 0.1
2781, 0.0
2782, -0.2
2783, -0.1
2784, -0.1
2785, 0.1
2786, 0.0
2787, 0.3
2788, 0.0
2789, 0.1
2790, 0.3
2791, -0.3
2792, 0.1
2793, 0.1
2794, -0.5
2795, 0.3
2796, 0.3
2797, 0.1
2798, 0.2
2799, 0.0
2800, 0.0
2801, 0.0
2802, -0.3
2803, 0.0
2804, 0.0
2805, 0.0
2806, -0.1
2807, -0.1
2808, 0.0
2809, 0.0
2810, -0.2
2811, -0.1
2812, 0.1
2813, -0.2
2814, 0.1
2815, 0.2
2816, -0.1
2817, 0.2
2818, 0.1
2819, 0.1
2820, -0.1
2821, 0.0
2822, 0.2
2823, -0.4
2824, 0.0
2825, 0.0
2826, -0.1
2827, 0.0
2828, 0.1
2829, -0.2
2830, -0.3
2831, -0.1
2832, -0.3
2833, -0.3
2834, 0.0
2835, 0.1
2836, -0.2
2837, -0.3
2838, 0.0
2839, 0.2
2840, 0.0
2841, 0.1
2842, 0.0
2843, 0.2
2844, 0.2
2845, -0.3
2846, 0.2
2847, 0.1
2848, -0.3
2849, 0.1
2850, 0.3
2851, 0.0
2852, 0.2
2853, 0.2
2854, -0.1
2855, 0.3
2856, -0.2
2857, -0.1
2858, 0.1
2859, 0.3
2860, -0.3
2861, 0.0
2862, 0.1
2863, 0.1
2864, -0.3
2865, -0.1
2866, -0.2
2867, 0.1
2868, 0.1
2869, 0.0
2870, 0.2
2871, 0.0
2872, 0.0
2873, 0.1
2874, 0.2
2875, 0.3
2876, 0.4
2877, 0.3
2878, 0.0
2879, 0.1
2880, 0.0
2881, 0.1
2882, 0.1
2883, 0.0
2884, 0.1
2885, -0.1
2886, 0.2
2887, -0.6
2888, -0.3
2889, 0.0
2890, -0.3
2891, 0.1
2892, -0.1
2893, 0.0
2894, 0.1
2895, 0.3
2896, -0.4
2897, -0.1
2898, -0.3
2899, -0.2
2900, -0.1
2901, 0.0
2902, 0.0
2903, -0.3
2904, -0.1
2905, -0.3
2906, 0.1
2907, 0.1
2908, 0.0
2909, -0.1
2910, 0.2
2911, 0.2
2912, 0.0
2913, -0.3
2914, 0.2
2915, 0.1
2916, 0.3
2917, -0.3
2918, -0.3
2919, 0.1
2920, 0.0
2921, 0.4
2922, -0.2
2923, -0.1
2924, -0.2
2925, 0.0
2926, 0.2
2927, 0.1
2928, 0.1
2929, -0.4
2930, 0.5
2931, -0.3
2932, 0.1
2933, 0.4
2934, -0.1
2935, 0.4
2936, 0.2
2937, 0.3
2938, -0.3
2939, 0.1
2940, -0.1
2941, -0.3
2942, 0.1
2943, 0.0
2944, 0.1
2945, 0.2
2946, 0.1
2947, 0.1
2948, 0.0
2949, 0.3
2950, -0.1
2951, 0.0
2952, 0.2
2953, 0.1
2954, -0.2
2955, 0.0
2956, 0.0
2957, -0.2
2958, -0.2
2959, 0.0
2960, -0.2
2961, 0.0
2962, 0.2
2963, 0.2
2964, 0.0
2965, -0.2
2966, -0.1
2967, -0.3
2968, 0.3
2969, -0.3
2970, 0.0
2971, 0.0
2972, -0.1
2973, 0.2
2974, 0.0
2975, 0.0
2976, 0.4
2977, -0.4
2978, -0.2
2979, 0.1
2980, -0.1
2981, -0.1
2982, 0.4
2983, 0.2
2984, -0.3
2985, 0.0
2986, 0.1
2987, -0.2
2988, 0.1
2989, 0.1
2990, 0.3
2991, 0.5
2992, -0.1
2993, -0.1
2994, -0.3
2995, 0.2
2996, 0.1
2997, 0.0
2998, 0.1
2999, 0.0
3000, 0.1
3001, -0.2
3002, -0.2
3003, 0.2
3004, 0.1
3005, 0.3
3006, -0.3
3007, -0.1
3008, -0.2
3009, -0.2
3010, 0.2
3011, 0.0
3012, 0.0
3013, 0.4
3014, 0.0
3015, -0.3
3016, 0.0
3017, 0.4
3018, 0.4
3019, -0.4
3020, -0.2
3021, 0.2
3022, 0.2
3023, -0.2
3024, 0.0
3025, 0.0
3026, -0.3
3027, -0.1
3028, -0.1
3029, 0.2
3030, 0.2
3031, 0.0
3032, 0.1
3033, 0.2
3034, -0.2
3035, 0.2
3036, -0.2
3037, -0.3
3038, -0.2
3039, -0.2
3040, -0.2
3041, 0.2
3042, 0.0
3043, -0.1
3044, -0.1
3045, -0.4
3046, 0.3
3047, 0.0
3048, 0.2
3049, -0.3
3050, -0.2
3051, -0.1
3052, -0.1
3053, -0.3
3054, -0.1
3055, 0.2
3056, 0.3
3057, 0.1
3058, 0.1
3059, 0.2
3060, -0.2
3061, 0.2
3062, 0.1
3063, 0.2
3064, 0.3
3065, -0.2
3066, 0.4
3067, 0.3
3068, 0.2
3069, -0.2
3070, -0.5
3071, 0.1
3072, 0.2
3073, 0.3
3074, 0.3
3075, 0.0
3076, 0.0
3077, 0.1
3078, 0.0
3079, 0.1
3080, 0.3
3081, -0.2
3082, 0.1
3083, 0.1
3084, 0.1
3085, 0.2
3086, -0.6
3087, 0.1
3088, 0.2
3089, 0.0
3090, 0.0
3091, 0.1
3092, 0.0
3093, 0.0
3094, -0.2
3095, 0.0
3096, 0.1
3097, -0.1
3098, 0.1
3099, -0.2
3100, 0.3
3101, 0.0
3102, -0.4
3103, -0.3
3104, 0.3
3105, 0.1
3106, 0.1
3107, 0.0
3108, 0.1
3109, -0.1
3110, -0.1
3111, 0.2
3112, -0.3
3113, 0.3
3114, 0.1
3115, 0.0
3116, -0.2
3117, 0.0
3118, -0.1
3119, 0.3
3120, 0.3
3121, -0.2
3122, 0.0
3123, 0.1
3124, 0.2
3125, 0.2
3126, -0.1
3127, 0.1
3128, -0.2
3129, -0.1
3130, -0.1
3131, -0.2
3132, -0.1
3133, 0.1
3134, 0.1
3135, 0.1
3136, 0.2
3137, 0.0
3138, -0.2
3139, 0.4
3140, -0.2
3141, -0.2
3142, 0.1
3143, 0.2
3144, -0.4
3145, 0.0
3146, 0.1
3147, 0.0
3148, -0.2
3149, 0.2
3150, 0.0
3151, 0.2
3152, 0.2
3153, 0.1
3154, 0.1
3155, -0.1
3156, 0.3
3157, 0.2
3158, 0.1
3159, 0.2
3160, 0.1
3161, 0.0
3162, 0.3
3163, 0.2
3164, 0.0
3165, -0.3
3166, 0.1
3167, 0.1
3168, 0.0
3169, 0.1
3170, 0.0
3171, 0.1
3172, 0.0
3173, -0.3
3174, 0.2
3175, 0.3
3176, 0.0
3177, -0.2
3178, 0.3
3179, 0.1
3180, -0.1
3181, -0.2
3182, -0.3
3183, -0.3
3184, 0.3
3185, -0.2
3186, 0.1
3187, -0.1
3188, -0.3
3189, 0.4
3190, 0.1
3191, 0.4
3192, -0.1
3193, 0.2
3194, 0.1
3195, 0.0
3196, -0.3
3197, -0.2
3198, 0.1
3199, 0.0
3200, -0.1
3201, 0.0
3202, 0.0
3203, 0.1
3204, 0.2
3205, -0.2
3206, 0.2
3207, 0.3
3208, 0.4
3209, 0.3
3210, -0.1
3211, -0.5
3212, -0.2
3213, 0.4
3214, -0.1
3215, 0.2
3216, 0.0
3217, -0.3
3218, 0.1
3219, -0.5
3220, -0.1
3221, 0.3
3222, 0.2
3223, 0.0
3224, 0.1
3225, 0.4
3226, 0.2
3227, 0.3
3228, 0.1
3229, 0.2
3230, 0.4
3231, 0.0
3232, -0.3
3233, 0.1
3234, -0.3
3235, 0.1
3236, 0.2
3237, -0.3
3238, -0.3
3239, -0.1
3240, 0.3
3241, 0.0
3242, 0.2
3243, 0.2
3244, 0.3
3245, -0.1
3246, -0.4
3247, -0.1
3248, -0.2
3249, 0.1
3250, 0.1
3251, 0.2
3252, -0.1
3253, -0.3
3254, -0.3
3255, -0.2
3256, 0.4
3257, 0.2
3258, 0.0
3259, 0.0
3260, 0.0
3261, 0.2
3262, 0.1
3263, -0.1
3264, 0.3
3265, -0.1
3266, 0.1
3267, 0.2
3268, -0.1
3269, -0.1
3270, 0.3
3271, 0.3
3272, -0.5
3273, -0.3
3274, 0.0
3275, 0.4
3276, -0.1
3277, 0.2
3278, -0.3
3279, -0.3
3280, -0.6
3281, 0.5
3282, 0.0
3283, 0.2
3284, -0.3
3285, 0.3
3286, 0.4
3287, -0.5
3288, 0.3
3289, -0.2
3290, -0.2
3291, 0.0
3292, 0.0
3293, -0.4
3294, 0.2
3295, 0.1
3296, 0.2
3297, -0.1
3298, 0.1
3299, 0.2
3300, -0.1
3301, -0.4
3302, -0.1
3303, 0.0
3304, 0.4
3305, -0.1
3306, 0.2
3307, -0.1
3308, 0.2
3309, -0.2
3310, 0.2
3311, 0.1
3312, 0.1
3313, -0.1
3314, 0.2
3315, -0.4
3316, 0.1
3317, 0.1
3318, -0.3
3319, -0.3
3320, -0.4
3321, 0.5
3322, 0.1
3323, 0.1
3324, 0.1
3325, 0.1
3326, -0.1
3327, -0.2
3328, 0.0
3329, -0.1
3330, 0.3
3331, 0.2
3332, -0.2
3333, 0.4
3334, 0.3
3335, -0.1
3336, -0.6
3337, 0.1
3338, 0.0
3339, 0.0
3340, -0.3
3341, 0.1
3342, 0.2
3343, -0.1
3344, -0.1
3345, -0.1
3346, 0.3
3347, 0.3
3348, 0.5
3349, -0.2
3350, -0.1
3351, 0.2
3352, -0.1
3353, 0.2
3354, -0.1
3355, 0.0
3356, -0.2
3357, -0.4
3358, 0.0
3359, -0.2
3360, 0.0
3361, 0.1
3362, 0.0
3363, 0.0
3364, -0.2
3365, 0.0
3366, -0.4
3367, -0.3
3368, -0.2
3369, 0.0
3370, 0.0
3371, -0.2
3372, 0.2
3373, 0.1
3374, 0.1
3375, 0.1
3376, 0.0
3377, -0.2
3378, -0.3
3379, 0.3
3380, -0.2
3381, 0.0
3382, 0.0
3383, 0.0
3384, -0.2
3385, -0.1
3386, -0.4
3387, -0.2
3388, 0.2
3389, 0.3
3390, 0.3
3391, -0.2
3392, 0.3
3393, -0.1
3394, 0.1
3395, 0.2
3396, 0.1
3397, 0.0
3398, -0.4
3399, -0.1
3400, 0.3
3401, 0.2
3402, 0.2
3403, 0.5
3404, 0.2
3405, 0.3
3406, 0.0
3407, 0.1
3408, 0.1
3409, 0.0
3410, -0.3
3411, -0.1
3412, 0.1
3413, -0.3
3414, -0.1
3415, -0.3
3416, -0.3
3417, 0.3
3418, -0.1
3419, 0.2
3420, 0.1
3421, 0.2
3422, 0.2
3423, 0.1
3424, -0.1
3425, -0.5
3426, -0.2
3427, -0.2
3428, -0.4
3429, 0.1
3430, 0.3
3431, 0.4
3432, -0.2
3433, -0.2
3434, -0.4
3435, -0.1
3436, -0.1
3437, 0.0
3438, -0.2
3439, -0.1
3440, -0.2
3441, 0.1
3442, 0.3
3443, 0.3
3444, -0.4
3445, 0.0
3446, 0.1
3447, 0.1
3448, 0.1
3449, -0.1
3450, -0.5
3451, 0.1
3452, -0.3
3453, -0.1
3454, 0.2
3455, 0.0
3456, 0.2
3457, -0.4
3458, 0.0
3459, 0.2
3460, -0.2
3461, 0.0
3462, 0.1
3463, 0.3
3464, 0.2
3465, 0.3
3466, -0.3
3467, 0.1
3468, 0.1
3469, 0.1
3470, 0.3
3471, 0.0
3472, 0.0
3473, -0.2
3474, -0.7
3475, -0.2
3476, 0.2
3477, 0.1
3478, 0.0
3479, 0.1
3480, 0.2
3481, 0.1
3482, 0.3
3483, 0.1
3484, 0.0
3485, 0.2
3486, -0.2
3487, 0.3
3488, 0.2
3489, 0.0
3490, 0.2
3491, -0.3
3492, -0.1
3493, -0.3
3494, -0.1
3495, -0.3
3496, 0.1
3497, 0.1
3498, 0.4
3499, -0.1
3500, 0.0
3501, -0.4
3502, -0.5
3503, -0.5
3504, 0.0
3505, 0.2
3506, -0.1
3507, -0.1
3508, 0.2
3509, -0.2
3510, 0.2
3511, -0.3
3512, 0.1
3513, -0.1
3514, 0.5
3515, 0.3
3516, -0.1
3517, 0.1
3518, -0.1
3519, 0.0
3520, -0.1
3521, 0.1
3522, 0.3
3523, -0.1
3524, 0.1
3525, 0.1
3526, 0.3
3527, 0.0
3528, -0.5
3529, 0.5
3530, -0.4
3531, -0.5
3532, -0.2
3533, 0.2
3534, -0.4
3535, 0.3
3536, 0.1
3537, 0.4
3538, 0.0
3539, 0.1
3540, -0.1
3541, 0.0
3542, -0.1
3543, -0.2
3544, 0.1
3545, 0.4
3546, 0.1
3547, 0.0
3548, 0.2
3549, -0.1
3550, 0.0
3551, -0.2
3552, -0.3
3553, 0.1
3554, 0.0
3555, 0.1
3556, 0.2
3557, 0.2
3558, 0.1
3559, -0.1
3560, 0.2
3561, 0.4
3562, -0.2
3563, 0.2
3564, -0.4
3565, -0.3
3566, -0.5
3567, -0.2
3568, -0.1
3569, 0.1
3570, -0.4
3571, 0.1
3572, 0.2
3573, 0.2
3574, -0.1
3575, 0.0
3576, -0.3
3577, 0.1
3578, -0.2
3579, 0.3
3580, 0.1
3581, -0.3
3582, 0.0
3583, 0.0
3584, -0.2
3585, -0.1
3586, 0.3
3587, 0.1
3588, -0.1
3589, -0.1
3590, 0.1
3591, 0.1
3592, 0.2
3593, 0.0
3594, -0.1
3595, 0.2
3596, 0.3
3597, -0.4
3598, -0.4
3599, 0.0
3600, 0.4
3601, 0.4
3602, -0.3
3603, 0.0
3604, 0.3
3605, -0.5
3606, 0.2
3607, -0.2
3608, -0.3
3609, 0.0
3610, -0.1
3611, 0.1
3612, 0.2
3613, 0.5
3614, -0.2
3615, 0.1
3616, -0.2
3617, -0.1
3618, 0.3
3619, 0.3
3620, -0.2
3621, 0.2
3622, 0.0
3623, -0.1
3624, 0.2
3625, 0.3
3626, 0.4
3627, -0.1
3628, -0.2
3629, -0.2
3630, 0.4
3631, -0.1
3632, 0.0
3633, 0.3
3634, 0.1
3635, 0.4
3636, -0.2
3637, -0.2
3638, 0.1
3639, -0.5
3640, 0.2
3641, 0.3
3642, 0.2
3643, -0.4
3644, -0.3
3645, -0.1
3646, -0.1
3647, -0.2
3648, -0.1
3649, 0.0
3650, 0.0
3651, -0.3
3652, -0.2
3653, 0.1
3654, 0.0
3655, 0.1
3656, -0.2
3657, -0.1
3658, -0.2
3659, 0.1
3660, 0.3
3661, -0.1
3662, -0.1
3663, 0.1
3664, -0.3
3665, 0.2
3666, -0.2
3667, 0.1
3668, 0.0
3669, -0.1
3670, 0.2
3671, 0.2
3672, 0.0
3673, -0.1
3674, -0.1
3675, -0.1
3676, 0.2
3677, 0.0
3678, 0.1
3679, -0.1
3680, 0.3
3681, 0.0
3682, -0.1
3683, 0.3
3684, 0.3
3685, 0.1
3686, 0.1
3687, -0.2
3688, -0.1
3689, -0.2
3690, -0.2
3691, 0.2
3692, -0.1
3693, 0.1
3694, 0.2
3695, -0.1
3696, -0.2
3697, 0.4
3698, -0.1
3699, 0.2
3700, 0.1
3701, -0.2
3702, 0.1
3703, -0.1
3704, 0.2
3705, -0.3
3706, 0.2
3707, -0.1
3708, 0.1
3709, 0.0
3710, 0.1
3711, 0.1
3712, 0.3
3713, 0.3
3714, -0.1
3715, 0.1
3716, 0.2
3717, 0.1
3718, -0.1
3719, 0.2
3720, 0.2
3721, 0.4
3722, 0.5
3723, -0.3
3724, 0.2
3725, 0.1
3726, -0.1
3727, 0.1
3728, -0.2
3729, 0.0
3730, -0.4
3731, 0.0
3732, 0.3
3733, -0.4
3734, -0.2
3735, 0.2
3736, 0.2
3737, -0.2
3738, 0.1
3739, -0.3
3740, 0.1
3741, -0.1
3742, -0.2
3743, 0.3
3744, 0.1
3745, -0.2
3746, 0.1
3747, 0.0
3748, 0.0
3749, 0.0
3750, 0.2
3751, -0.1
3752, 0.1
3753, 0.3
3754, -0.2
3755, 0.4
3756, -0.1
3757, 0.0
3758, 0.0
3759, 0.0
3760, -0.2
3761, 0.2
3762, -0.2
3763, -0.1
3764, 0.2
3765, -0.2
3766, 0.3
3767, 0.4
3768, -0.1
3769, 0.1
3770, -0.1
3771, 0.1
3772, 0.1
3773, 0.1
3774, -0.2
3775, -0.1
3776, -0.2
3777, 0.3
3778, 0.3
3779, -0.1
3780, -0.6
3781, -0.1
3782, -0.4
3783, -0.2
3784, 0.2
3785, 0.3
3786, -0.4
3787, 0.1
3788, 0.3
3789, -0.3
3790, -0.1
3791, 0.1
3792, 0.4
3793, -0.1
3794, 0.0
3795, 0.2
3796, -0.1
3797, -0.1
3798, -0.1
3799, -0.2
3800, -0.1
3801, -0.2
3802, -0.2
3803, 0.3
3804, 0.1
3805, -0.3
3806, 0.3
3807, 0.0
3808, 0.1
3809, 0.0
3810, 0.2
3811, -0.2
3812, 0.1
3813, 0.2
3814, 0.2
3815, -0.5
3816, 0.1
3817, 0.1
3818, 0.1
3819, 0.3
3820, -0.1
3821, 0.1
3822, 0.3
3823, 0.1
3824, -0.2
3825, 0.2
3826, 0.1
3827, -0.3
3828, -0.1
3829, -0.2
3830, 0.1
3831, 0.2
3832, 0.0
3833, -0.1
3834, -0.1
3835, 0.1
3836, -0.2
3837, 0.2
3838, 0.1
3839, -0.3
3840, -0.1
3841, 0.2
3842, 0.2
3843, 0.1
3844, 0.3
3845, -0.3
3846, 0.0
3847, 0.1
3848, -0.2
3849, 0.3
3850, -0.2
3851, -0.2
3852, 0.4
3853, -0.2
3854, -0.2
3855, 0.1
3856, -0.1
3857, -0.1
3858, 0.0
3859, -0.2
3860, -0.4
3861, 0.0
3862, -0.1
3863, -0.1
3864, 0.0
3865, -0.1
3866, 0.1
3867, 0.3
3868, -0.3
3869, -0.4
3870, 0.0
3871, 0.2
3872, -0.1
3873, -0.1
3874, -0.1
3875, 0.3
3876, 0.0
3877, 0.0
3878, -0.2
3879, 0.2
3880, 0.2
3881, 0.1
3882, -0.3
3883, -0.4
3884, -0.1
3885, 0.2
3886, 0.2
3887, 0.3
3888, -0.2
3889, 0.2
3890, 0.2
3891, -0.5
3892, -0.3
3893, 0.0
3894, 0.0
3895, 0.2
3896, -0.1
3897, 0.2
3898, -0.1
3899, -0.1
3900, 0.1
3901, 0.1
3902, 0.0
3903, -0.3
3904, 0.0
3905, 0.4
3906, 0.1
3907, 0.4
3908, -0.3
3909, -0.2
3910, -0.2
3911, 0.2
3912, 0.1
3913, 0.5
3914, 0.5
3915, -0.1
3916, 0.1
3917, 0.2
3918, 0.2
3919, -0.2
3920, 0.4
3921, 0.0
3922, 0.3
3923, -0.1
3924, 0.1
3925, 0.3
3926, 0.3
3927, -0.3
3928, 0.1
3929, -0.2
3930, -0.1
3931, -0.1
3932, 0.3
3933, 0.1
3934, 0.3
3935, 0.0
3936, -0.3
3937, -0.1
3938, -0.4
3939, 0.1
3940, 0.2
3941, 0.2
3942, 0.2
3943, 0.1
3944, 0.4
3945, -0.3
3946, 0.0
3947, 0.2
3948, 0.4
3949, 0.2
3950, 0.0
3951, 0.0
3952, 0.1
3953, -0.2
3954, -0.3
3955, -0.1
3956, 0.1
3957, 0.0
3958, 0.0
3959, -0.3
3960, -0.2
3961, -0.1
3962, 0.0
3963, 0.1
3964, 0.0
3965, -0.2
3966, 0.0
3967, -0.4
3968, -0.3
3969, 0.3
3970, 0.0
3971, -0.1
3972, 0.1
3973, -0.2
3974, 0.3
3975, -0.3
3976, 0.2
3977, 0.3
3978, -0.4
3979, -0.3
3980, 0.0
3981, -0.3
3982, -0.1
3983, 0.3
3984, 0.0
3985, -0.1
3986, -0.2
3987, -0.2
3988, 0.1
3989, -0.1
3990, -0.3
3991, 0.0
3992, 0.0
3993, -0.2
3994, 0.1
3995, -0.2
3996, 0.0
3997, 0.4
3998, 0.0
3999, 0.3
