0, 0.3
1, -0.5
2, -0.1
3, 0.1
4, 0.2
5, 0.3
6, -0.1
7, 0.2
8, -0.2
9, -0.3
10, 0.1
11, -0.1
12, 0.6
13, 0.0
14, 0.1
15, 0.0
16, 0.2
17, 0.3
18, -0.3
19, 0.1
20, -0.2
21, 0.0
22, 0.0
23, 0.0
24, -0.1
25, 0.3
26, 0.0
27, 0.4
28, 0.3
29, 0.1
30, 0.0
31, -0.2
32, 0.2
33, -0.3
34, 0.7
35, 0.5
36, -0.4
37, 0.4
38, 0.3
39, -0.4
40, 0.2
41, 0.0
42, 0.1
43, 0.0
44, -0.2
45, -0.3
46, -0.5
47, -0.2
48, 0.2
49, 0.1
50, 0.2
51, 0.1
52, -0.4
53, -0.5
54, -0.4
55, 0.1
56, 0.5
57, 0.2
58, 0.0
59, 0.0
60, -0.3
61, 0.0
62, 0.1
63, -0.3
64, 0.4
65, 0.0
66, -0.2
67, 0.2
68, 0.0
69, 0.0
70, 0.3
71, 0.5
72, -0.5
73, 0.2
74, 0.2
75, -0.2
76, -0.7
77, 0.2
78, 0.2
79, 0.1
80, 0.0
81, 0.0
82, 0.0
83, 0.1
84, 0.0
85, 0.2
86, 0.2
87, 0.0
88, -0.2
89, -0.1
90, 0.0
91, -0.1
92, 0.5
93, 0.4
94, 0.2
95, 0.1
96, -0.2
97, 0.1
98, -0.5
99, 0.2
100, -0.1
101, 0.2
102, -0.1
103, -0.4
104, 0.0
105, -0.2
106, 0.3
107, -0.2
108, -0.6
109, -0.2
110, 0.3
111, -0.3
112, -0.2
113, 0.0
114, -0.2
115, 0.0
116, 0.2
117, 0.3
118, 0.3
119, 0.4
120, 0.3
121, 0.5
122, -0.1
123, -0.4
124, -0.2
125, -0.6
126, 0.2
127, 0.0
128, 0.4
129, -0.1
130, 0.2
131, 0.2
132, 0.0
133, -0.1
134, 0.2
135, 0.3
136, -0.3
137, 0.2
138, 0.4
139, 0.1
140, 0.1
141, 0.0
142, 0.0
143, 0.4
144, -0.2
145, -0.3
146, -0.2
147, 0.2
148, -0.1
149, 0.1
150, -0.3
151, 0.5
152, 0.3
153, -0.2
154, 0.2
155, 0.1
156, 0.3
157, -0.2
158, 0.0
159, 0.1
160, 0.2
161, -0.2
162, 0.1
163, 0.1
164, 0.4
165, -0.2
166, 0.0
167, 0.5
168, 0.1
169, 0.2
170, 0.1
171, -0.1
172, 0.3
173, 0.0
174, -0.2
175, 0.1
176, 0.4
177, 0.3
178, 0.1
179, 0.3
180, -0.2
181, -0.3
182, 0.1
183, 0.0
184, 0.5
185, -0.4
186, 0.0
187, -0.2
188, -0.4
189, 0.0
190, -0.2
191, 0.0
192, -0.2
193, 0.3
194, -0.1
195, -0.3
196, 0.0
197, -0.3
198, -0.3
199, -0.1
200, 0.1
201, 0.0
202, -0.6
203, 0.0
204, 0.3
205, -0.4
206, 0.3
207, 0.1
208, -0.2
209, -0.2
210, 0.2
211, 0.5
212, 0.2
213, -0.1
214, -0.5
215, 0.1
216, 0.2
217, -0.3
218, -0.1
219, 0.1
220, -0.3
221, 0.3
222, -0.2
223, -0.3
224, 0.3
225, 0.3
226, -0.3
227, 0.1
228, 0.1
229, 0.1
230, 0.0
231, -0.1
232, -0.5
233, 0.1
234, 0.0
235, 0.3
236, 0.1
237, 0.1
238, -0.1
239, 0.1
240, 0.0
241, 0.1
242, -0.1
243, 0.0
244, -0.3
245, 0.2
246, -0.2
247, 0.0
248, -0.2
249, -0.3
250, -0.2
251, -0.1
252, 0.2
253, -0.2
254, 0.1
255, 0.1
256, -0.1
257, -0.1
258, -0.2
259, 0.0
260, 0.0
261, 0.0
262, -0.3
263, 0.0
264, 0.3
265, 0.2
266, 0.3
267, 0.1
268, 0.2
269, -0.2
270, 0.2
271, 0.1
272, 0.1
273, 0.0
274, 0.3
275, -0.2
276, -0.1
277, -0.1
278, 0.2
279, -0.2
280, -0.3
281, 0.0
282, 0.0
283, -0.7
284, -0.6
285, 0.2
286, 0.1
287, 0.1
288, 0.1
289, 0.2
290, -0.3
291, -0.2
292, -0.2
293, 0.4
294, 0.2
295, 0.1
296, -0.4
297, -0.2
298, 0.3
299, 0.3
300, -0.3
301, 0.4
302, 0.1
303, 0.0
304, -0.3
305, -0.2
306, 0.3
307, 0.1
308, -0.2
309, 0.0
310, 0.1
311, -0.4
312, 0.2
313, 0.1
314, 0.2
315, -0.1
316, -0.1
317, 0.2
318, -0.2
319, 0.0
320, 0.0
321, -0.2
322, -0.2
323, -0.3
324, 0.1
325, 0.1
326, 0.2
327, -0.1
328, 0.2
329, -0.2
330, 0.0
331, -0.4
332, -0.3
333, -0.1
334, -0.1
335, -0.1
336, 0.0
337, 0.1
338, 0.3
339, 0.4
340, -0.6
341, -0.1
342, 0.3
343, -0.1
344, 0.1
345, 0.1
346, 0.0
347, 0.2
348, 0.1
349, -0.1
350, 0.1
351, -0.3
352, 0.2
353, 0.0
354, 0.1
355, 0.0
356, 0.1
357, 0.0
358, -0.1
359, 0.0
360, -0.2
361, -0.1
362, 0.1
363, -0.1
364, -0.1
365, -0.5
366, -0.1
367, -0.1
368, -0.3
369, 0.0
370, 0.0
371, 0.2
372, 0.0
373, -0.1
374, 0.1
375, -0.4
376, 0.1
377, -0.1
378, -0.2
379, -0.2
380, 0.1
381, 0.0
382, -0.4
383, 0.2
384, 0.3
385, -0.2
386, -0.1
387, 0.0
388, -0.7
389, 0.4
390, 0.4
391, 0.0
392, 0.0
393, 0.3
394, 0.0
395, -0.3
396, -0.4
397, 0.2
398, 0.1
399, -0.1
400, 0.0
401, 0.1
402, -0.4
403, 0.3
404, 0.1
405, 0.0
406, 0.3
407, -0.1
408, 0.0
409, -0.6
410, -0.7
411, -0.2
412, -0.1
413, -0.4
414, 0.2
415, 0.0
416, -0.3
417, -0.2
418, 0.0
419, -0.1
420, 0.1
421, 0.2
422, 0.3
423, -0.1
424, 0.1
425, -0.1
426, 0.0
427, -0.3
428, -0.4
429, 0.3
430, 0.2
431, -0.3
432, 0.0
433, -0.6
434, 0.3
435, 0.1
436, -0.4
437, -0.1
438, -0.4
439, 0.0
440, -0.2
441, 0.1
442, -0.4
443, -0.2
444, -0.1
445, -0.2
446, -0.1
447, 0.0
448, 0.2
449, 0.2
450, -0.2
451, 0.3
452, 0.0
453, -0.2
454, 0.3
455, 0.1
456, 0.1
457, 0.2
458, -0.1
459, 0.0
460, -0.2
461, -0.2
462, 0.1
463, -0.6
464, -0.3
465, 0.0
466, 0.2
467, 0.0
468, 0.4
469, 0.1
470, -0.1
471, 0.1
472, 0.2
473, -0.1
474, 0.2
475, -0.3
476, 0.3
477, 0.4
478, -0.2
479, -0.4
480, 0.1
481, -0.2
482, 0.1
483, 0.3
484, 0.1
485, 0.3
486, 0.2
487, -0.4
488, 0.0
489, -0.6
490, -0.1
491, 0.3
492, -0.1
493, 0.2
494, -0.3
495, -0.1
496, 0.0
497, 0.0
498, 0.2
499, 0.0
500, 0.1
501, 0.2
502, -0.2
503, -0.4
504, 0.1
505, 0.1
506, 0.2
507, -0.2
508, 0.1
509, -0.2
510, 0.0
511, -0.1
512, 0.4
513, 0.2
514, -0.1
515, -0.2
516, 0.2
517, 0.1
518, 0.1
519, 0.3
520, 0.0
521, 0.5
522, 0.0
523, 0.1
524, -0.2
525, 0.4
526, -0.4
527, 0.1
528, 0.0
529, 0.0
530, -0.1
531, 0.1
532, -0.4
533, 0.2
534, -0.6
535, 0.2
536, -0.2
537, 0.1
538, -0.2
539, -0.2
540, 0.2
541, 0.0
542, 0.2
543, 0.3
544, 0.3
545, -0.2
546, 0.1
547, 0.0
548, 0.3
549, 0.0
550, 0.2
551, 0.3
552, 0.0
553, -0.1
554, 0.2
555, 0.2
556, 0.5
557, -0.4
558, -0.1
559, 0.0
560, -0.5
561, -0.1
562, -0.3
563, 0.1
564, -0.4
565, 0.3
566, -0.1
567, 0.1
568, -0.2
569, -0.4
570, 0.1
571, 0.2
572, 0.5
573, 0.2
574, 0.1
575, 0.1
576, 0.2
577, 0.2
578, 0.1
579, -0.4
580, -0.3
581, 0.0
582, 0.2
583, -0.2
584, -0.9
585, 0.0
586, -0.3
587, 0.4
588, -0.2
589, 0.0
590, -0.2
591, -0.1
592, 0.0
593, -0.1
594, 0.4
595, 0.0
596, 0.1
597, 0.3
598, -0.3
599, 0.0
600, -0.1
601, -0.2
602, 0.3
603, -0.1
604, 0.2
605, -0.2
606, 0.2
607, -0.2
608, 0.0
609, -0.1
610, 0.5
611, 0.3
612, -0.4
613, 0.0
614, 0.1
615, 0.2
616, 0.1
617, 0.2
618, 0.2
619, 0.0
620, 0.4
621, -0.1
622, 0.0
623, 0.0
624, 0.5
625, 0.3
626, -0.1
627, 0.0
628, 0.3
629, -0.3
630, -0.4
631, 0.3
632, -0.4
633, 0.1
634, -0.5
635, 0.1
636, 0.0
637, -0.1
638, -0.3
639, 0.1
640, -0.2
641, 0.0
642, 0.2
643, 0.2
644, 0.2
645, 0.0
646, 0.1
647, -0.4
648, -0.4
649, -0.4
650, 0.0
651, 0.3
652, 0.0
653, -0.2
654, 0.1
655, 0.0
656, 0.3
657, 0.1
658, 0.0
659, 0.0
660, -0.1
661, -0.3
662, 0.2
663, 0.1
664, 0.1
665, 0.0
666, -0.3
667, 0.1
668, 0.1
669, 0.3
670, 0.1
671, 0.2
672, 0.2
673, -0.1
674, 0.0
675, 0.0
676, 0.0
677, 0.2
678, 0.0
679, 0.1
680, 0.3
681, 0.4
682, 0.3
683, 0.4
684, 0.3
685, -0.1
686, -0.3
687, 0.1
688, 0.2
689, 0.4
690, 0.0
691, 0.4
692, 0.3
693, -0.1
694, 0.2
695, 0.0
696, -0.2
697, 0.1
698, 0.2
699, 0.0
700, -0.1
701, 0.2
702, -0.2
703, 0.1
704, 0.2
705, 0.1
706, -0.2
707, 0.3
708, -0.2
709, 0.4
710, 0.0
711, 0.5
712, 0.0
713, 0.2
714, 0.2
715, 0.2
716, 0.1
717, 0.1
718, 0.1
719, -0.3
720, 0.2
721, -0.1
722, -0.2
723, 0.0
724, -0.2
725, -0.1
726, 0.1
727, 0.2
728, -0.2
729, 0.0
730, 0.2
731, 0.3
732, -0.3
733, -0.5
734, 0.2
735, -0.2
736, 0.2
737, -0.3
738, 0.1
739, 0.1
740, 0.1
741, 0.0
742, 0.3
743, -0.1
744, 0.3
745, 0.0
746, -0.1
747, 0.2
748, -0.1
749, 0.0
750, -0.6
751, 0.1
752, -0.3
753, -0.4
754, -0.3
755, 0.2
756, 0.2
757, -0.1
758, 0.2
759, -0.1
760, 0.3
761, -0.1
762, 0.2
763, -0.3
764, 0.0
765, -0.1
766, 0.0
767, 0.4
768, 0.1
769, 0.0
770, 0.2
771, -0.2
772, -0.6
773, 0.2
774, -0.4
775, -0.1
776, 0.2
777, -0.3
778, 0.5
779, 0.2
780, -0.3
781, -0.1
782, 0.0
783, 0.2
784, 0.1
785, -0.2
786, 0.5
787, -0.1
788, 0.1
789, 0.1
790, -0.4
791, -0.1
792, -0.1
793, 0.2
794, -0.2
795, 0.1
796, 0.2
797, -0.4
798, -0.3
799, -0.1
800, -0.2
801, -0.3
802, -0.1
803, 0.3
804, 0.2
805, -0.4
806, 0.3
807, 0.2
808, 0.2
809, 0.0
810, 0.0
811, -0.1
812, -0.2
813, 0.1
814, -0.3
815, -0.1
816, 0.0
817, -0.1
818, 0.0
819, 0.2
820, 0.1
821, 0.0
822, -0.1
823, 0.2
824, 0.3
825, -0.5
826, 0.1
827, -0.1
828, -0.1
829, -0.1
830, -0.1
831, 0.2
832, -0.2
833, -0.4
834, -0.3
835, 0.2
836, 0.1
837, -0.3
838, -0.1
839, -0.1
840, 0.0
841, -0.2
842, 0.3
843, 0.0
844, -0.1
845, -0.1
846, 0.0
847, 0.2
848, 0.2
849, 0.3
850, 0.0
851, 0.2
852, -0.1
853, 0.4
854, -0.3
855, -0.2
856, -0.3
857, 0.0
858, 0.0
859, 0.0
860, 0.2
861, 0.1
862, -0.1
863, -0.1
864, 0.0
865, 0.3
866, 0.3
867, 0.2
868, 0.0
869, -0.3
870, 0.2
871, 0.1
872, -0.2
873, -0.2
874, 0.2
875, -0.2
876, 0.1
877, 0.1
878, 0.2
879, -0.2
880, 0.1
881, 0.2
882, -0.2
883, 0.1
884, 0.0
885, 0.3
886, -0.1
887, -0.4
888, -0.2
889, 0.2
890, 0.0
891, -0.1
892, -0.2
893, -0.5
894, 0.0
895, 0.4
896, 0.1
897, -0.2
898, 0.0
899, 0.0
900, 0.3
901, -0.7
902, 0.1
903, 0.1
904, -0.4
905, -0.2
906, 0.0
907, 0.0
908, -0.1
909, 0.0
910, 0.2
911, 0.2
912, -0.2
913, -0.2
914, 0.2
915, -0.3
916, 0.0
917, 0.1
918, 0.1
919, 0.0
920, 0.2
921, 0.2
922, -0.4
923, 0.1
924, 0.2
925, 0.1
926, -0.1
927, 0.0
928, 0.0
929, 0.0
930, -0.2
931, 0.0
932, 0.0
933, 0.5
934, 0.2
935, 0.0
936, -0.1
937, 0.2
938, -0.1
939, 0.2
940, 0.0
941, -0.3
942, 0.0
943, 0.0
944, 0.0
945, -0.5
946, -0.1
947, -0.3
948, 0.2
949, 0.2
950, -0.4
951, -0.2
952, 0.0
953, 0.1
954, -0.1
955, -0.2
956, 0.3
957, 0.0
958, 0.0
959, 0.3
960, 0.0
961, -0.2
962, 0.3
963, 0.3
964, -0.3
965, 0.2
966, -0.2
967, -0.3
968, 0.0
969, -0.1
970, 0.1
971, 0.0
972, 0.0
973, 0.2
974, 0.0
975, 0.1
976, 0.3
977, -0.1
978, -0.1
979, 0.4
980, -0.2
981, 0.2
982, -0.3
983, 0.3
984, -0.2
985, 0.0
986, -0.4
987, -0.2
988, -0.2
989, 0.0
990, 0.0
991, 0.1
992, -0.2
993, 0.1
994, 0.0
995, 0.3
996, 0.2
997, 0.1
998, 0.1
999, -0.3
1000, -0.2
1001, -0.6
1002, -0.1
1003, -0.3
1004, 0.1
1005, 0.3
1006, -0.3
1007, 0.3
1008, 0.2
1009, -0.2
1010, -0.1
1011, -0.1
1012, 0.0
1013, -0.4
1014, -0.3
1015, 0.1
1016, -0.2
1017, -0.3
1018, 0.0
1019, 0.2
1020, -0.1
1021, 0.3
1022, 0.3
1023, -0.2
1024, 0.0
1025, -0.2
1026, -0.2
1027, 0.1
1028, 0.1
1029, -0.2
1030, 0.3
1031, 0.3
1032, 0.1
1033, -0.1
1034, 0.2
1035, 0.0
1036, 0.2
1037, -0.2
1038, 0.0
1039, 0.3
1040, 0.2
1041, 0.2
1042, -0.1
1043, 0.1
1044, 0.3
1045, -0.6
1046, 0.0
1047, -0.1
1048, -0.2
1049, -0.2
1050, 0.0
1051, 0.3
1052, 0.1
1053, -0.1
1054, -0.2
1055, 0.2
1056, -0.1
1057, 0.2
1058, -0.2
1059, 0.0
1060, 0.0
1061, -0.1
1062, 0.3
1063, -0.4
1064, 0.2
1065, 0.1
1066, -0.2
1067, -0.1
1068, -0.1
1069, 0.0
1070, 0.2
1071, 0.4
1072, -0.4
1073, 0.0
1074, 0.3
1075, 0.0
1076, 0.1
1077, 0.2
1078, -0.1
1079, 0.1
1080, -0.2
1081, -0.1
1082, -0.5
1083, -0.1
1084, 0.0
1085, -0.2
1086, -0.2
1087, 0.0
1088, 0.3
1089, 0.2
1090, 0.3
1091, -0.3
1092, 0.0
1093, 0.3
1094, 0.3
1095, 0.0
1096, 0.0
1097, 0.1
1098, -0.6
1099, 0.4
1100, 0.1
1101, -0.1
1102, -0.2
1103, -0.1
1104, 0.5
1105, 0.0
1106, 0.1
1107, 0.0
1108, -0.2
1109, 0.0
1110, -0.2
1111, 0.1
1112, 0.2
1113, 0.3
1114, -0.4
1115, -0.1
1116, -0.3
1117, 0.3
1118, 0.5
1119, -0.3
1120, -0.5
1121, 0.2
1122, 0.4
1123, -0.3
1124, 0.0
1125, -0.1
1126, 0.0
1127, 0.1
1128, -0.1
1129, -0.4
1130, 0.4
1131, 0.0
1132, -0.1
1133, 0.3
1134, -0.3
1135, 0.2
1136, -0.3
1137, 0.0
1138, 0.2
1139, 0.3
1140, 0.2
1141, 0.3
1142, 0.0
1143, 0.0
1144, -0.2
1145, 0.3
1146, -0.2
1147, 0.0
1148, -0.2
1149, -0.2
1150, 0.1
1151, -0.1
1152, -0.2
1153, 0.0
1154, 0.0
1155, 0.2
1156, 0.3
1157, 0.0
1158, 0.0
1159, 0.1
1160, 0.1
1161, 0.2
1162, -0.2
1163, -0.2
1164, 0.0
1165, -0.3
1166, -0.1
1167, 0.0
1168, 0.1
1169, 0.1
1170, -0.1
1171, 0.2
1172, -0.2
1173, -0.2
1174, -0.1
1175, -0.3
1176, 0.0
1177, 0.2
1178, 0.2
1179, 0.1
1180, 0.3
1181, -0.2
1182, 0.1
1183, -0.1
1184, 0.2
1185, 0.0
1186, -0.4
1187, 0.0
1188, -0.1
1189, 0.3
1190, 0.0
1191, 0.0
1192, 0.0
1193, 0.2
1194, 0.0
1195, 0.4
1196, -0.2
1197, -0.3
1198, -0.3
1199, 0.2
1200, 0.2
1201, -0.1
1202, -0.5
1203, -0.1
1204, 0.4
1205, 0.0
1206, 0.2
1207, 0.1
1208, 0.3
1209, 0.0
1210, -0.1
1211, 0.1
1212, -0.4
1213, 0.2
1214, -0.1
1215, 0.0
1216, -0.2
1217, 0.3
1218, -0.1
1219, -0.1
1220, 0.1
1221, 0.1
1222, 0.1
1223, 0.1
1224, 0.0
1225, 0.0
1226, -0.4
1227, 0.2
1228, 0.1
1229, -0.2
1230, 0.5
1231, 0.0
1232, -0.2
1233, 0.3
1234, 0.2
1235, -0.1
1236, 0.1
1237, 0.0
1238, -0.1
1239, 0.2
1240, 0.3
1241, 0.3
1242, 0.3
1243, 0.1
1244, 0.3
1245, -0.2
1246, 0.3
1247, -0.1
1248, -0.1
1249, 0.1
1250, 0.0
1251, 0.5
1252, -0.1
1253, 0.3
1254, -0.2
1255, 0.2
1256, 0.3
1257, 0.0
1258, 0.3
1259, -0.4
1260, 0.4
1261, -0.1
1262, 0.3
1263, -0.1
1264, -0.3
1265, -0.2
1266, 0.1
1267, -0.1
1268, -0.1
1269, 0.0
1270, 0.4
1271, 0.2
1272, -0.2
1273, -0.2
1274, -0.2
1275, -0.3
1276, 0.2
1277, 0.1
1278, -0.3
1279, -0.2
1280, 0.2
1281, -0.2
1282, -0.1
1283, -0.5
1284, -0.1
1285, 0.1
1286, 0.1
1287, -0.1
1288, 0.2
1289, 0.5
1290, -0.3
1291, 0.4
1292, 0.1
1293, 0.0
1294, -0.6
1295, 0.0
1296, 0.2
1297, 0.2
1298, 0.1
1299, 0.0
1300, 0.1
1301, -0.2
1302, -0.3
1303, 0.3
1304, -0.1
1305, -0.1
1306, -0.2
1307, -0.3
1308, 0.1
1309, -0.2
1310, -0.6
1311, -0.1
1312, 0.0
1313, 0.4
1314, 0.0
1315, 0.0
1316, 0.1
1317, -0.2
1318, 0.0
1319, -0.1
1320, 0.2
1321, 0.3
1322, -0.4
1323, -0.1
1324, -0.1
1325, -0.3
1326, 0.3
1327, -0.3
1328, -0.3
1329, -0.1
1330, 0.2
1331, 0.2
1332, -0.4
1333, -0.2
1334, 0.1
1335, -0.2
1336, -0.4
1337, -0.3
1338, -0.2
1339, -0.2
1340, -0.1
1341, 0.1
1342, -0.1
1343, 0.1
1344, -0.1
1345, 0.3
1346, -0.1
1347, 0.3
1348, 0.0
1349, 0.0
1350, 0.1
1351, 0.1
1352, 0.1
1353, 0.0
1354, -0.1
1355, 0.3
1356, 0.0
1357, -0.2
1358, 0.1
1359, 0.0
1360, 0.5
1361, 0.1
1362, 0.1
1363, -0.1
1364, -0.2
1365, 0.2
1366, 0.3
1367, 0.1
1368, 0.1
1369, -0.2
1370, 0.0
1371, -0.4
1372, 0.0
1373, -0.2
1374, 0.2
1375, 0.0
1376, -0.3
1377, 0.3
1378, 0.2
1379, 0.2
1380, 0.1
1381, 0.0
1382, -0.2
1383, -0.1
1384, -0.5
1385, 0.1
1386, -0.2
1387, 0.1
1388, 0.2
1389, 0.3
1390, 0.1
1391, 0.2
1392, -0.4
1393, 0.2
1394, -0.3
1395, 0.3
1396, 0.2
1397, -0.1
1398, 0.2
1399, -0.2
1400, 0.4
1401, -0.3
1402, 0.2
1403, -0.1
1404, 0.1
1405, 0.3
1406, -0.1
1407, 0.2
1408, -0.1
1409, 0.3
1410, 0.3
1411, 0.0
1412, 0.3
1413, 0.0
1414, 0.1
1415, 0.2
1416, 0.4
1417, 0.0
1418, 0.1
1419, -0.7
1420, 0.4
1421, -0.2
1422, 0.0
1423, 0.2
1424, -0.1
1425, 0.4
1426, 0.2
1427, 0.3
1428, -0.4
1429, -0.5
1430, -0.1
1431, -0.1
1432, 0.0
1433, 0.2
1434, -0.4
1435, -0.1
1436, 0.2
1437, -0.2
1438, 0.1
1439, 0.2
1440, -0.5
1441, -0.3
1442, -0.1
1443, 0.2
1444, 0.2
1445, 0.1
1446, 0.0
1447, 0.1
1448, 0.0
1449, 0.2
1450, -0.2
1451, -0.2
1452, -0.1
1453, 0.3
1454, -0.1
1455, 0.2
1456, -0.3
1457, -0.2
1458, 0.0
1459, -0.5
1460, -0.2
1461, 0.0
1462, -0.1
1463, 0.2
1464, 0.0
1465, 0.2
1466, -0.3
1467, -0.2
1468, 0.1
1469, 0.4
1470, 0.1
1471, -0.1
1472, 0.2
1473, 0.1
1474, -0.1
1475, 0.0
1476, 0.0
1477, 0.3
1478, 0.1
1479, -0.2
1480, 0.0
1481, -0.2
1482, 0.1
1483, -0.2
1484, 0.1
1485, -0.2
1486, -0.5
1487, -0.3
1488, -0.1
1489, 0.5
1490, 0.2
1491, -0.1
1492, 0.1
1493, 0.0
1494, 0.0
1495, 0.1
1496, 0.0
1497, -0.5
1498, 0.3
1499, -0.2
1500, -0.2
1501, 0.1
1502, 0.2
1503, 0.1
1504, 0.0
1505, 0.3
1506, 0.2
1507, 0.2
1508, -0.2
1509, 0.2
1510, -0.1
1511, -0.1
1512, 0.3
1513, 0.1
1514, 0.0
1515, -0.2
1516, -0.1
1517, 0.1
1518, 0.3
1519, -0.4
1520, 0.0
1521, 0.3
1522, 0.1
1523, 0.2
1524, -0.1
1525, 0.1
1526, 0.2
1527, 0.2
1528, -0.1
1529, 0.0
1530, 0.4
1531, -0.1
1532, -0.2
1533, 0.4
1534, 0.0
1535, 0.1
1536, 0.3
1537, -0.3
1538, 0.5
1539, 0.1
1540, 0.2
1541, 0.3
1542, 0.0
1543, -0.1
1544, 0.2
1545, 0.0
1546, 0.4
1547, 0.3
1548, 0.0
1549, -0.4
1550, -0.4
1551, -0.3
1552, -0.1
1553, 0.1
1554, 0.1
1555, 0.0
1556, 0.0
1557, 0.0
1558, 0.0
1559, -0.3
1560, 0.1
1561, -0.1
1562, 0.3
1563, 0.3
1564, 0.0
1565, -0.3
1566, -0.3
1567, -0.2
1568, 0.2
1569, 0.2
1570, -0.1
1571, 0.1
1572, -0.2
1573, -0.4
1574, -0.4
1575, -0.1
1576, -0.1
1577, 0.1
1578, -0.2
1579, 0.4
1580, -0.1
1581, 0.0
1582, -0.1
1583, -0.3
1584, 0.2
1585, 0.2
1586, 0.0
1587, -0.1
1588, -0.3
1589, -0.5
1590, 0.0
1591, 0.1
1592, -0.2
1593, -0.4
1594, 0.0
1595, -0.4
1596, -0.2
1597, -0.2
1598, -0.5
1599, 0.1
1600, -0.1
1601, 0.0
1602, -0.1
1603, 0.4
1604, 0.2
1605, -0.3
1606, -0.3
1607, 0.1
1608, 0.0
1609, 0.2
1610, 0.1
1611, 0.1
1612, 0.1
1613, 0.2
1614, 0.2
1615, 0.1
1616, -0.2
1617, -0.1
1618, 0.0
1619, -0.2
1620, -0.3
1621, 0.0
1622, -0.1
1623, -0.2
1624, -0.1
1625, 0.0
1626, 0.0
1627, -0.4
1628, -0.1
1629, 0.0
1630, 0.1
1631, 0.1
1632, -0.1
1633, -0.1
1634, -0.3
1635, -0.7
1636, -0.3
1637, 0.0
1638, 0.1
1639, 0.0
1640, 0.0
1641, -0.1
1642, -0.1
1643, -0.5
1644, -0.1
1645, -0.3
1646, 0.1
1647, 0.2
1648, 0.2
1649, 0.0
1650, 0.0
1651, -0.3
1652, -0.1
1653, -0.2
1654, 0.4
1655, 0.1
1656, 0.0
1657, -0.1
1658, 0.0
1659, -0.1
1660, 0.2
1661, 0.3
1662, 0.1
1663, -0.1
1664, -0.5
1665, -0.1
1666, -0.4
1667, -0.2
1668, 0.1
1669, 0.1
1670, -0.4
1671, 0.4
1672, 0.3
1673, -0.1
1674, -0.1
1675, 0.4
1676, -0.2
1677, -0.1
1678, 0.4
1679, -0.1
1680, 0.1
1681, 0.0
1682, 0.0
1683, -0.1
1684, 0.2
1685, 0.2
1686, -0.2
1687, 0.1
1688, 0.0
1689, -0.1
1690, -0.2
1691, -0.3
1692, 0.0
1693, 0.0
1694, 0.3
1695, 0.1
1696, 0.1
1697, 0.0
1698, 0.1
1699, 0.3
1700, 0.1
1701, 0.1
1702, 0.2
1703, -0.2
1704, 0.1
1705, 0.2
1706, 0.0
1707, -0.3
1708, 0.0
1709, 0.1
1710, -0.5
1711, 0.3
1712, -0.1
1713, 0.1
1714, -0.3
1715, 0.5
1716, 0.1
1717, -0.1
1718, 0.2
1719, 0.0
1720, -0.1
1721, 0.0
1722, 0.1
1723, -0.1
1724, -0.1
1725, -0.3
1726, 0.1
1727, 0.4
1728, 0.1
1729, -0.2
1730, -0.1
1731, -0.1
1732, 0.1
1733, 0.0
1734, -0.2
1735, 0.0
1736, 0.2
1737, -0.4
1738, 0.2
1739, -0.2
1740, 0.0
1741, -0.1
1742, -0.1
1743, 0.4
1744, -0.3
1745, 0.2
1746, 0.1
1747, 0.1
1748, 0.1
1749, -0.2
1750, 0.1
1751, -0.5
1752, 0.1
1753, 0.1
1754, 0.2
1755, -0.3
1756, 0.0
1757, -0.1
1758, 0.1
1759, 0.2
1760, -0.4
1761, -0.2
1762, -0.3
1763, 0.3
1764, -0.2
1765, 0.0
1766, 0.4
1767, 0.1
1768, -0.3
1769, -0.3
1770, 0.0
1771, 0.0
1772, -0.2
1773, -0.1
1774, -0.4
1775, 0.1
1776, -0.4
1777, 0.1
1778, 0.3
1779, -0.2
1780, -0.1
1781, 0.1
1782, 0.3
1783, -0.3
1784, -0.1
1785, -0.3
1786, -0.2
1787, 0.0
1788, 0.3
1789, -0.2
1790, -0.4
1791, -0.2
1792, -0.1
1793, -0.1
1794, -0.1
1795, 0.2
1796, 0.1
1797, 0.0
1798, 0.1
1799, -0.3
1800, 0.2
1801, 0.0
1802, -0.3
1803, 0.1
1804, -0.5
1805, -0.3
1806, -0.3
1807, -0.2
1808, 0.1
1809, 0.0
1810, -0.1
1811, -0.2
1812, -0.1
1813, 0.2
1814, 0.1
1815, 0.1
1816, 0.1
1817, -0.1
1818, 0.1
1819, -0.1
1820, 0.0
1821, 0.1
1822, 0.0
1823, 0.2
1824, -0.4
1825, -0.2
1826, 0.0
1827, 0.1
1828, 0.0
1829, 0.2
1830, -0.4
1831, -0.5
1832, -0.3
1833, 0.4
1834, -0.3
1835, -0.1
1836, -0.2
1837, 0.2
1838, 0.0
1839, 0.1
1840, -0.1
1841, -0.1
1842, -0.2
1843, -0.1
1844, -0.3
1845, 0.3
1846, 0.0
1847, -0.4
1848, 0.1
1849, 0.2
1850, 0.0
1851, -0.1
1852, -0.1
1853, -0.1
1854, 0.1
1855, -0.3
1856, 0.1
1857, 0.2
1858, -0.2
1859, -0.1
1860, 0.2
1861, -0.2
1862, 0.3
1863, 0.4
1864, -0.3
1865, 0.2
1866, 0.1
1867, -0.3
1868, 0.2
1869, 0.0
1870, 0.2
1871, 0.0
1872, 0.0
1873, -0.2
1874, 0.4
1875, 0.2
1876, -0.1
1877, 0.2
1878, -0.3
1879, 0.3
1880, 0.1
1881, -0.3
1882, -0.1
1883, 0.3
1884, 0.1
1885, 0.0
1886, 0.1
1887, 0.2
1888, -0.2
1889, -0.2
1890, 0.4
1891, -0.2
1892, -0.2
1893, -0.3
1894, 0.0
1895, -0.3
1896, -0.1
1897, -0.4
1898, 0.2
1899, -0.1
1900, 0.1
1901, 0.0
1902, -0.1
1903, -0.3
1904, 0.1
1905, -0.1
1906, 0.1
1907, -0.3
1908, 0.3
1909, -0.1
1910, 0.1
1911, 0.0
1912, 0.4
1913, 0.1
1914, 0.0
1915, 0.3
1916, -0.2
1917, 0.2
1918, 0.2
1919, 0.1
1920, -0.2
1921, 0.3
1922, -0.2
1923, 0.0
1924, 0.1
1925, -0.5
1926, 0.0
1927, 0.3
1928, -0.4
1929, -0.6
1930, -0.4
1931, -0.2
1932, 0.2
1933, -0.2
1934, -0.1
1935, 0.2
1936, -0.2
1937, 0.2
1938, 0.5
1939, -0.1
1940, 0.3
1941, 0.0
1942, 0.1
1943, 0.1
1944, 0.0
1945, 0.0
1946, -0.4
1947, 0.1
1948, -0.1
1949, -0.4
1950, 0.0
1951, -0.1
1952, 0.0
1953, 0.0
1954, -0.1
1955, 0.1
1956, 0.2
1957, 0.0
1958, -0.1
1959, -0.1
1960, 0.3
1961, 0.0
1962, -0.3
1963, -0.1
1964, -0.1
1965, -0.5
1966, 0.2
1967, 0.2
1968, 0.2
1969, 0.3
1970, 0.1
1971, 0.3
1972, -0.1
1973, 0.2
1974, -0.2
1975, 0.5
1976, -0.1
1977, -0.2
1978, -0.2
1979, 0.5
1980, -0.2
1981, 0.2
1982, -0.3
1983, 0.0
1984, 0.1
1985, 0.1
1986, -0.3
1987, -0.1
1988, 0.1
1989, 0.4
1990, 0.2
1991, 0.2
1992, 0.1
1993, -0.4
1994, -0.2
1995, 0.3
1996, 0.0
1997, -0.1
1998, -0.1
1999, 0.0
2000, 0.1
2001, -0.4
2002, 0.0
2003, -0.3
2004, 0.1
2005, 0.2
2006, -0.4
2007, -0.1
2008, -0.4
2009, -0.3
2010, 0.1
2011, 0.2
2012, 0.1
2013, 0.0
2014, 0.3
2015, -0.2
2016, 0.4
2017, 0.2
2018, -0.1
2019, -0.3
2020, 0.2
2021, 0.2
2022, 0.5
2023, -0.2
2024, -0.3
2025, 0.0
2026, 0.0
2027, 0.0
2028, 0.0
2029, 0.0
2030, -0.1
2031, -0.2
2032, 0.3
2033, -0.2
2034, 0.2
2035, -0.1
2036, 0.2
2037, -0.2
2038, -0.1
2039, -0.5
2040, -0.3
2041, -0.5
2042, -0.2
2043, 0.1
2044, -0.3
2045, 0.1
2046, 0.3
2047, -0.1
2048, -0.1
2049, 0.2
2050, 0.3
2051, 0.1
2052, -0.3
2053, 0.4
2054, 0.2
2055, -0.2
2056, -0.3
2057, 0.2
2058, 0.0
2059, 0.0
2060, 0.0
2061, -0.1
2062, 0.0
2063, 0.2
2064, 0.2
2065, 0.2
2066, -0.1
2067, 0.1
2068, -0.2
2069, -0.3
2070, 0.2
2071, -0.1
2072, -0.2
2073, 0.2
2074, 0.1
2075, -0.3
2076, -0.2
2077, 0.4
2078, 0.2
2079, 0.1
2080, -0.1
2081, -0.1
2082, 0.0
2083, -0.1
2084, -0.2
2085, -0.7
2086, -0.4
2087, 0.1
2088, -0.5
2089, 0.2
2090, 0.2
2091, -0.5
2092, 0.1
2093, 0.1
2094, 0.2
2095, 0.1
2096, 0.2
2097, -0.1
2098, -0.4
2099, 0.3
2100, 0.0
2101, -0.2
2102, 0.1
2103, 0.1
2104, 0.2
2105, -0.2
2106, 0.3
2107, 0.1
2108, 0.0
2109, 0.1
2110, -0.3
2111, -0.4
2112, 0.2
2113, 0.0
2114, -0.2
2115, -0.3
2116, 0.0
2117, 0.2
2118, 0.2
2119, 0.2
2120, -0.3
2121, 0.3
2122, -0.3
2123, 0.1
2124, -0.1
2125, 0.2
2126, 0.3
2127, -0.1
2128, -0.3
2129, 0.1
2130, 0.0
2131, -0.3
2132, -0.4
2133, 0.1
2134, -0.4
2135, 0.1
2136, 0.1
2137, -0.1
2138, -0.2
2139, 0.1
2140, 0.1
2141, 0.0
2142, 0.2
2143, -0.1
2144, 0.2
2145, 0.1
2146, 0.0
2147, 0.0
2148, 0.0
2149, -0.4
2150, -0.2
2151, -0.2
2152, -0.2
2153, 0.3
2154, -0.1
2155, 0.4
2156, 0.2
2157, 0.0
2158, 0.1
2159, -0.2
2160, 0.2
2161, 0.1
2162, -0.4
2163, 0.1
2164, 0.2
2165, 0.1
2166, 0.1
2167, 0.0
2168, 0.1
2169, 0.0
2170, -0.3
2171, 0.1
2172, 0.2
2173, -0.2
2174, -0.3
2175, -0.1
2176, 0.1
2177, 0.0
2178, -0.1
2179, -0.5
2180, 0.0
2181, 0.0
2182, 0.0
2183, 0.1
2184, -0.1
2185, 0.4
2186, 0.0
2187, -0.1
2188, 0.2
2189, -0.2
2190, -0.1
2191, -0.2
2192, 0.0
2193, 0.0
2194, 0.1
2195, 0.0
2196, -0.1
2197, -0.5
2198, -0.2
2199, -0.1
2200, 0.4
2201, -0.5
2202, -0.5
2203, 0.0
2204, -0.1
2205, 0.1
2206, 0.1
2207, -0.3
2208, 0.2
2209, 0.1
2210, -0.1
2211, 0.4
2212, -0.2
2213, -0.1
2214, 0.2
2215, -0.3
2216, 0.0
2217, 0.4
2218, 0.2
2219, 0.1
2220, 0.2
2221, -0.1
2222, -0.2
2223, -0.3
2224, 0.1
2225, -0.5
2226, 0.2
2227, -0.1
2228, -0.3
2229, -0.5
2230, -0.1
2231, 0.4
2232, 0.4
2233, -0.2
2234, 0.3
2235, 0.3
2236, 0.1
2237, 0.0
2238, 0.3
2239, 0.1
2240, -0.4
2241, 0.1
2242, 0.2
2243, 0.3
2244, -0.2
2245, 0.1
2246, 0.0
2247, 0.3
2248, 0.1
2249, 0.0
2250, -0.2
2251, 0.2
2252, -0.3
2253, 0.0
2254, 0.1
2255, -0.2
2256, 0.1
2257, -0.2
2258, -0.3
2259, -0.2
2260, 0.2
2261, 0.0
2262, -0.2
2263, -0.1
2264, 0.2
2265, -0.2
2266, -0.1
2267, 0.1
2268, -0.1
2269, -0.1
2270, -0.2
2271, 0.2
2272, -0.3
2273, -0.1
2274, -0.1
2275, -0.1
2276, -0.4
2277, -0.1
2278, -0.1
2279, -0.1
2280, 0.2
2281, 0.1
2282, 0.1
2283, 0.0
2284, 0.3
2285, 0.0
2286, 0.2
2287, -0.1
2288, 0.2
2289, -0.1
2290, 0.0
2291, 0.0
2292, -0.1
2293, -0.4
2294, 0.1
2295, -0.2
2296, 0.1
2297, 0.2
2298, 0.0
2299, 0.2
2300, 0.3
2301, 0.2
2302, 0.0
2303, 0.4
2304, 0.0
2305, 0.3
2306, 0.0
2307, 0.0
2308, 0.3
2309, 0.0
2310, -0.2
2311, 0.1
2312, -0.1
2313, -0.2
2314, -0.2
2315, 0.0
2316, 0.1
2317, 0.0
2318, 0.1
2319, -0.1
2320, 0.2
2321, 0.3
2322, 0.2
2323, 0.0
2324, -0.2
2325, 0.3
2326, -0.1
2327, 0.2
2328, -0.1
2329, 0.3
2330, -0.1
2331, 0.1
2332, 0.1
2333, -0.2
2334, -0.3
2335, -0.1
2336, 0.1
2337, 0.1
2338, 0.4
2339, 0.0
2340, 0.0
2341, -0.1
2342, 0.2
2343, 0.2
2344, -0.1
2345, 0.1
2346, 0.1
2347, -0.4
2348, 0.4
2349, 0.0
2350, 0.1
2351, -0.1
2352, 0.1
2353, 0.1
2354, 0.2
2355, 0.2
2356, -0.1
2357, -0.1
2358, 0.4
2359, 0.4
2360, 0.1
2361, 0.0
2362, 0.3
2363, 0.0
2364, -0.1
2365, -0.6
2366, 0.2
2367, 0.0
2368, -0.2
2369, 0.0
2370, 0.0
2371, 0.1
2372, 0.1
2373, 0.0
2374, 0.1
2375, -0.1
2376, 0.2
2377, 0.0
2378, 0.3
2379, -0.4
2380, -0.2
2381, -0.2
2382, 0.2
2383, 0.2
2384, 0.2
2385, 0.2
2386, 0.1
2387, 0.3
2388, -0.1
2389, -0.2
2390, 0.4
2391, 0.1
2392, 0.1
2393, 0.0
2394, 0.1
2395, -0.2
2396, -0.2
2397, 0.2
2398, 0.3
2399, 0.4
2400, -0.1
2401, 0.1
2402, -0.1
2403, 0.1
2404, 0.1
2405, 0.0
2406, 0.1
2407, -0.3
2408, -0.2
2409, 0.3
2410, 0.3
2411, 0.0
2412, 0.0
2413, -0.1
2414, -0.4
2415, 0.4
2416, 0.2
2417, -0.5
2418, 0.1
2419, -0.3
2420, -0.2
2421, -0.3
2422, 0.2
2423, -0.1
2424, -0.3
2425, -0.1
2426, -0.2
2427, -0.1
2428, -0.4
2429, 0.3
2430, 0.1
2431, -0.2
2432, 0.1
2433, 0.0
2434, 0.2
2435, -0.1
2436, -0.2
2437, 0.0
2438, 0.1
2439, -0.2
2440, 0.0
2441, -0.1
2442, -0.1
2443, -0.1
2444, -0.1
2445, 0.2
2446, -0.2
2447, -0.1
2448, -0.4
2449, 0.1
2450, -0.2
2451, 0.4
2452, 0.0
2453, 0.1
2454, 0.1
2455, 0.2
2456, 0.2
2457, -0.1
2458, 0.0
2459, -0.2
2460, -0.1
2461, 0.2
2462, 0.4
2463, -0.3
2464, 0.0
2465, -0.5
2466, -0.4
2467, 0.0
2468, -0.3
2469, 0.0
2470, 0.1
2471, 0.4
2472, 0.0
2473, -0.5
2474, 0.1
2475, 0.0
2476, 0.0
2477, -0.3
2478, -0.1
2479, -0.1
2480, -0.2
2481, 0.2
2482, 0.1
2483, -0.1
2484, 0.0
2485, -0.3
2486, -0.4
2487, -0.1
2488, 0.3
2489, 0.0
2490, -0.1
2491, 0.3
2492, 0.3
2493, 0.2
2494, -0.1
2495, -0.3
2496, -0.2
2497, 0.0
2498, -0.4
2499, 0.0
2500, 0.0
2501, 0.3
2502, 0.3
2503, 0.0
2504, -0.1
2505, 0.2
2506, 0.3
2507, 0.2
2508, 0.2
2509, 0.2
2510, 0.0
2511, 0.2
2512, -0.1
2513, 0.0
2514, 0.0
2515, 0.3
2516, 0.3
2517, -0.1
2518, 0.0
2519, 0.2
2520, -0.3
2521, 0.1
2522, -0.5
2523, 0.1
2524, -0.1
2525, -0.1
2526, 0.1
2527, 0.5
2528, 0.1
2529, -0.3
2530, 0.0
2531, 0.2
2532, 0.1
2533, 0.2
2534, -0.1
2535, 0.4
2536, 0.0
2537, 0.1
2538, -0.1
2539, 0.0
2540, 0.1
2541, 0.3
2542, -0.2
2543, -0.2
2544, 0.1
2545, -0.2
2546, 0.1
2547, 0.1
2548, 0.2
2549, -0.2
2550, 0.3
2551, 0.1
2552, 0.2
2553, -0.2
2554, 0.0
2555, 0.3
2556, -0.3
2557, -0.3
2558, 0.2
2559, 0.2
2560, -0.2
2561, 0.3
2562, 0.1
2563, -0.2
2564, 0.1
2565, 0.3
2566, 0.1
2567, 0.2
2568, 0.2
2569, 0.3
2570, -0.3
2571, 0.5
2572, -0.1
2573, 0.0
2574, 0.1
2575, -0.2
2576, -0.2
2577, 0.1
2578, 0.2
2579, -0.2
2580, 0.4
2581, 0.1
2582, -0.1
2583, 0.0
2584, 0.2
2585, -0.1
2586, 0.0
2587, 0.0
2588, 0.0
2589, 0.2
2590, 0.0
2591, -0.2
2592, -0.1
2593, -0.7
2594, -0.1
2595, -0.4
2596, 0.3
2597, -0.1
2598, 0.1
2599, 0.2
2600, 0.0
2601, 0.3
2602, -0.1
2603, 0.3
2604, -0.3
2605, -0.3
2606, 0.0
2607, -0.5
2608, 0.1
2609, -0.2
2610, -0.4
2611, 0.3
2612, 0.3
2613, 0.3
2614, 0.1
2615, 0.3
2616, 0.0
2617, 0.1
2618, -0.4
2619, 0.1
2620, 0.0
2621, 0.0
2622, 0.3
2623, 0.0
2624, 0.4
2625, 0.1
2626, 0.2
2627, 0.0
2628, -0.2
2629, 0.0
2630, 0.1
2631, 0.3
2632, -0.3
2633, 0.1
2634, -0.1
2635, -0.3
2636, -0.4
2637, 0.0
2638, 0.0
2639, 0.0
2640, 0.3
2641, 0.2
2642, 0.2
2643, 0.3
2644, 0.0
2645, 0.1
2646, -0.3
2647, -0.3
2648, 0.2
2649, -0.1
2650, -0.1
2651, 0.0
2652, 0.1
2653, 0.0
2654, 0.0
2655, 0.1
2656, -0.2
2657, 0.1
2658, 0.5
2659, 0.3
2660, -0.2
2661, 0.0
2662, -0.3
2663, 0.3
2664, -0.2
2665, 0.0
2666, 0.0
2667, 0.3
2668, 0.0
2669, -0.5
2670, 0.2
2671, 0.1
2672, -0.1
2673, 0.2
2674, -0.3
2675, 0.3
2676, -0.3
2677, 0.1
2678, 0.0
2679, -0.2
2680, 0.3
2681, -0.1
2682, 0.1
2683, 0.1
2684, 0.2
2685, 0.2
2686, 0.2
2687, 0.2
2688, -0.5
2689, -0.1
2690, 0.2
2691, 0.0
2692, -0.2
2693, 0.1
2694, 0.4
2695, -0.2
2696, 0.0
2697, -0.2
2698, -0.1
2699, 0.1
2700, -0.1
2701, 0.1
2702, 0.1
2703, -0.6
2704, -0.3
2705, -0.1
2706, -0.1
2707, 0.1
2708, 0.1
2709, 0.0
2710, 0.4
2711, -0.5
2712, 0.1
2713, 0.0
2714, 0.1
2715, 0.3
2716, 0.2
2717, 0.0
2718, 0.3
2719, 0.0
2720, -0.2
2721, 0.1
2722, 0.1
2723, 0.0
2724, -0.3
2725, 0.3
2726, -0.1
2727, 0.2
2728, -0.1
2729, 0.0
2730, -0.1
2731, 0.0
2732, 0.1
2733, 0.1
2734, 0.1
2735, -0.1
2736, -0.3
2737, 0.0
2738, -0.2
2739, 0.3
2740, -0.2
2741, 0.1
2742, 0.2
2743, -0.3
2744, 0.0
2745, 0.3
2746, -0.3
2747, 0.0
2748, 0.3
2749, -0.2
2750, -0.2
2751, 0.2
2752, 0.1
2753, 0.2
2754, -0.3
2755, -0.1
2756, 0.1
2757, 0.1
2758, -0.3
2759, 0.2
2760, 0.1
2761, 0.1
2762, -0.2
2763, 0.1
2764, 0.1
2765, -0.5
2766, 0.2
2767, 0.3
2768, 0.0
2769, 0.3
2770, 0.0
2771, 0.2
2772, 0.0
2773, -0.1
2774, 0.0
2775, -0.1
2776, 0.0
2777, 0.3
2778, -0.2
2779, 0.2
2780, 0.0
2781, 0.2
2782, -0.2
2783, -0.2
2784, 0.1
2785, 0.0
2786, -0.1
2787, 0.0
2788, 0.1
2789, -0.2
2790, -0.2
2791, -0.4
2792, -0.1
2793, -0.5
2794, 0.2
2795, -0.1
2796, -0.4
2797, 0.2
2798, 0.2
2799, 0.3
2800, 0.3
2801, -0.2
2802, 0.1
2803, 0.0
2804, -0.5
2805, 0.0
2806, -0.5
2807, -0.1
2808, 0.0
2809, -0.2
2810, -0.2
2811, 0.0
2812, 0.2
2813, 0.3
2814, 0.0
2815, -0.2
2816, 0.1
2817, -0.5
2818, 0.0
2819, 0.0
2820, 0.3
2821, -0.1
2822, -0.1
2823, 0.2
2824, 0.3
2825, 0.1
2826, -0.3
2827, -0.3
2828, -0.6
2829, 0.0
2830, -0.2
2831, 0.1
2832, 0.0
2833, -0.1
2834, 0.2
2835, 0.2
2836, -0.1
2837, 0.0
2838, 0.3
2839, 0.1
2840, 0.0
2841, 0.3
2842, 0.3
2843, 0.0
2844, 0.0
2845, 0.1
2846, 0.3
2847, 0.0
2848, -0.4
2849, 0.0
2850, 0.0
2851, -0.1
2852, -0.4
2853, 0.1
2854, 0.3
2855, 0.1
2856, 0.1
2857, 0.2
2858, -0.3
2859, 0.1
2860, -0.2
2861, 0.1
2862, 0.2
2863, 0.0
2864, 0.2
2865, -0.3
2866, -0.5
2867, 0.0
2868, 0.3
2869, 0.1
2870, 0.2
2871, -0.2
2872, 0.0
2873, -0.4
2874, 0.1
2875, 0.1
2876, 0.1
2877, -0.3
2878, 0.2
2879, 0.1
2880, -0.5
2881, -0.2
2882, -0.5
2883, 0.1
2884, 0.1
2885, 0.0
2886, 0.1
2887, -0.3
2888, -0.4
2889, -0.1
2890, -0.4
2891, -0.7
2892, 0.1
2893, 0.0
2894, 0.1
2895, -0.2
2896, -0.1
2897, 0.0
2898, -0.1
2899, -0.5
2900, -0.2
2901, -0.4
2902, -0.4
2903, 0.2
2904, 0.1
2905, -0.1
2906, 0.0
2907, 0.3
2908, -0.1
2909, 0.3
2910, -0.2
2911, -0.3
2912, 0.3
2913, 0.3
2914, 0.2
2915, 0.2
2916, 0.4
2917, 0.0
2918, -0.2
2919, 0.0
2920, 0.0
2921, 0.1
2922, 0.0
2923, -0.1
2924, -0.2
2925, 0.2
2926, 0.4
2927, 0.3
2928, 0.1
2929, -0.3
2930, -0.2
2931, 0.1
2932, -0.4
2933, 0.0
2934, 0.5
2935, 0.5
2936, 0.2
2937, 0.0
2938, 0.3
2939, -0.3
2940, 0.2
2941, -0.3
2942, -0.3
2943, 0.4
2944, 0.2
2945, 0.3
2946, -0.2
2947, -0.5
2948, -0.2
2949, 0.4
2950, -0.2
2951, 0.0
2952, 0.4
2953, -0.2
2954, 0.0
2955, 0.3
2956, -0.2
2957, -0.1
2958, -0.4
2959, -0.2
2960, -0.2
2961, -0.1
2962, 0.1
2963, 0.1
2964, 0.1
2965, -0.2
2966, 0.1
2967, 0.2
2968, -0.1
2969, -0.5
2970, -0.1
2971, 0.3
2972, -0.2
2973, 0.1
2974, -0.2
2975, -0.3
2976, -0.3
2977, -0.5
2978, 0.0
2979, 0.3
2980, 0.0
2981, -0.2
2982, -0.1
2983, -0.1
2984, -0.1
2985, -0.2
2986, -0.1
2987, 0.1
2988, -0.3
2989, -0.2
2990, 0.0
2991, -0.3
2992, -0.1
2993, -0.1
2994, 0.1
2995, -0.5
2996, -0.1
2997, -0.1
2998, 0.0
2999, 0.1
3000, 0.1
3001, -0.1
3002, -0.2
3003, 0.0
3004, -0.4
3005, -0.1
3006, 0.2
3007, 0.2
3008, -0.1
3009, 0.2
3010, 0.4
3011, 0.1
3012, 0.1
3013, 0.1
3014, 0.3
3015, -0.2
3016, -0.3
3017, -0.1
3018, 0.1
3019, 0.5
3020, 0.2
3021, -0.2
3022, -0.1
3023, 0.2
3024, 0.5
3025, 0.1
3026, -0.4
3027, 0.0
3028, 0.2
3029, 0.0
3030, 0.2
3031, 0.2
3032, -0.3
3033, -0.3
3034, 0.4
3035, -0.3
3036, 0.2
3037, -0.1
3038, 0.0
3039, -0.1
3040, 0.0
3041, -0.1
3042, 0.1
3043, 0.1
3044, 0.0
3045, -0.5
3046, -0.1
3047, -0.2
3048, -0.4
3049, 0.2
3050, -0.1
3051, 0.0
3052, -0.2
3053, 0.1
3054, 0.1
3055, 0.0
3056, 0.3
3057, -0.1
3058, 0.0
3059, -0.2
3060, 0.0
3061, -0.1
3062, -0.1
3063, -0.2
3064, 0.4
3065, 0.0
3066, -0.5
3067, 0.0
3068, 0.3
3069, -0.4
3070, -0.1
3071, -0.2
3072, -0.2
3073, 0.2
3074, -0.1
3075, -0.2
3076, 0.2
3077, 0.2
3078, 0.2
3079, 0.0
3080, 0.5
3081, 0.2
3082, -0.2
3083, -0.2
3084, 0.1
3085, -0.2
3086, 0.0
3087, -0.1
3088, 0.1
3089, 0.1
3090, -0.2
3091, 0.2
3092, -0.2
3093, 0.2
3094, -0.1
3095, 0.3
3096, 0.2
3097, -0.1
3098, 0.2
3099, -0.1
3100, 0.1
3101, 0.3
3102, 0.4
3103, 0.1
3104, 0.1
3105, 0.0
3106, 0.1
3107, 0.2
3108, 0.1
3109, -0.1
3110, -0.2
3111, 0.2
3112, -0.5
3113, 0.2
3114, 0.1
3115, -0.2
3116, -0.2
3117, -0.2
3118, 0.0
3119, 0.0
3120, -0.3
3121, 0.1
3122, -0.1
3123, 0.3
3124, 0.0
3125, 0.3
3126, -0.3
3127, -0.1
3128, 0.2
3129, -0.1
3130, 0.0
3131, 0.1
3132, 0.4
3133, 0.2
3134, 0.3
3135, -0.1
3136, 0.0
3137, 0.0
3138, -0.2
3139, 0.3
3140, 0.2
3141, -0.5
3142, -0.3
3143, 0.3
3144, 0.2
3145, -0.4
3146, 0.3
3147, 0.2
3148, -0.1
3149, 0.1
3150, 0.1
3151, 0.1
3152, -0.1
3153, 0.1
3154, 0.1
3155, -0.2
3156, 0.0
3157, 0.1
3158, 0.1
3159, 0.1
3160, 0.2
3161, 0.2
3162, -0.3
3163, 0.4
3164, 0.0
3165, 0.0
3166, 0.4
3167, 0.4
3168, -0.3
3169, 0.1
3170, -0.1
3171, 0.1
3172, -0.1
3173, 0.0
3174, -0.4
3175, -0.2
3176, 0.0
3177, -0.1
3178, -0.3
3179, -0.2
3180, -0.1
3181, 0.2
3182, 0.0
3183, -0.1
3184, -0.1
3185, 0.2
3186, -0.3
3187, -0.3
3188, -0.2
3189, -0.1
3190, 0.1
3191, 0.0
3192, 0.0
3193, -0.3
3194, -0.2
3195, 0.2
3196, -0.1
3197, -0.2
3198, 0.1
3199, 0.2
3200, -0.1
3201, 0.0
3202, -0.2
3203, 0.1
3204, 0.0
3205, 0.2
3206, -0.5
3207, -0.2
3208, -0.3
3209, 0.0
3210, 0.1
3211, 0.3
3212, 0.0
3213, 0.2
3214, 0.0
3215, -0.1
3216, -0.1
3217, -0.1
3218, -0.4
3219, 0.3
3220, -0.2
3221, -0.2
3222, 0.2
3223, 0.0
3224, 0.2
3225, 0.1
3226, -0.1
3227, 0.1
3228, 0.2
3229, 0.0
3230, 0.2
3231, 0.0
3232, 0.1
3233, -0.3
3234, -0.3
3235, 0.1
3236, -0.3
3237, 0.0
3238, -0.3
3239, 0.2
3240, 0.2
3241, -0.3
3242, -0.2
3243, 0.3
3244, 0.1
3245, 0.1
3246, 0.1
3247, 0.1
3248, 0.0
3249, -0.2
3250, -0.1
3251, -0.3
3252, 0.3
3253, 0.1
3254, -0.3
3255, -0.1
3256, 0.2
3257, -0.3
3258, 0.0
3259, -0.1
3260, 0.2
3261, -0.3
3262, 0.0
3263, -0.1
3264, -0.1
3265, 0.2
3266, -0.1
3267, -0.5
3268, -0.4
3269, 0.2
3270, 0.0
3271, 0.3
3272, -0.1
3273, 0.0
3274, 0.1
3275, -0.1
3276, 0.1
3277, 0.0
3278, -0.1
3279, 0.4
3280, 0.1
3281, -0.4
3282, 0.1
3283, 0.0
3284, 0.0
3285, -0.1
3286, 0.0
3287, 0.4
3288, 0.1
3289, 0.1
3290, 0.3
3291, -0.2
3292, 0.1
3293, 0.0
3294, 0.2
3295, 0.2
3296, 0.0
3297, 0.1
3298, 0.2
3299, -0.1
3300, -0.3
3301, 0.0
3302, -0.2
3303, -0.4
3304, 0.2
3305, 0.0
3306, 0.1
3307, 0.0
3308, -0.2
3309, -0.4
3310, -0.3
3311, -0.1
3312, 0.0
3313, -0.2
3314, -0.4
3315, 0.3
3316, 0.1
3317, 0.0
3318, 0.0
3319, -0.1
3320, 0.1
3321, 0.0
3322, -0.4
3323, 0.3
3324, -0.2
3325, -0.4
3326, 0.2
3327, 0.0
3328, 0.3
3329, 0.1
3330, -0.3
3331, 0.1
3332, 0.3
3333, 0.0
3334, -0.1
3335, 0.2
3336, -0.2
3337, 0.0
3338, -0.1
3339, -0.1
3340, 0.0
3341, -0.3
3342, 0.0
3343, 0.1
3344, 0.2
3345, 0.2
3346, -0.1
3347, -0.1
3348, -0.2
3349, -0.5
3350, -0.2
3351, 0.1
3352, 0.0
3353, -0.1
3354, -0.2
3355, 0.1
3356, -0.2
3357, -0.2
3358, 0.3
3359, -0.1
3360, 0.1
3361, 0.0
3362, 0.2
3363, -0.1
3364, 0.1
3365, 0.2
3366, 0.0
3367, 0.2
3368, -0.3
3369, 0.1
3370, -0.1
3371, 0.2
3372, 0.1
3373, -0.1
3374, -0.1
3375, 0.2
3376, -0.4
3377, 0.1
3378, 0.0
3379, -0.1
3380, 0.0
3381, -0.1
3382, 0.3
3383, 0.0
3384, -0.3
3385, 0.1
3386, 0.2
3387, -0.3
3388, 0.0
3389, -0.1
3390, -0.3
3391, -0.7
3392, -0.4
3393, -0.4
3394, -0.1
3395, 0.1
3396, -0.3
3397, 0.4
3398, -0.3
3399, -0.1
3400, 0.0
3401, 0.1
3402, -0.3
3403, 0.2
3404, 0.0
3405, -0.2
3406, -0.1
3407, 0.0
3408, 0.1
3409, -0.2
3410, 0.1
3411, -0.2
3412, 0.1
3413, 0.2
3414, -0.1
3415, 0.0
3416, -0.3
3417, 0.2
3418, 0.1
3419, 0.2
3420, 0.3
3421, 0.0
3422, 0.1
3423, 0.1
3424, 0.2
3425, -0.2
3426, 0.2
3427, 0.0
3428, 0.0
3429, 0.2
3430, 0.3
3431, 0.2
3432, 0.1
3433, 0.0
3434, 0.0
3435, 0.0
3436, 0.2
3437, -0.3
3438, 0.3
3439, 0.1
3440, 0.1
3441, 0.0
3442, -0.3
3443, 0.1
3444, -0.2
3445, 0.1
3446, 0.0
3447, -0.1
3448, 0.1
3449, 0.2
3450, -0.2
3451, 0.3
3452, 0.2
3453, 0.2
3454, -0.2
3455, 0.2
3456, 0.0
3457, 0.3
3458, 0.1
3459, 0.3
3460, -0.1
3461, 0.3
3462, -0.4
3463, 0.1
3464, 0.1
3465, 0.2
3466, -0.2
3467, -0.4
3468, 0.0
3469, 0.1
3470, 0.1
3471, -0.1
3472, -0.3
3473, 0.3
3474, -0.1
3475, 0.1
3476, 0.0
3477, 0.2
3478, 0.1
3479, 0.2
3480, -0.1
3481, -0.2
3482, 0.1
3483, 0.3
3484, 0.2
3485, 0.2
3486, 0.2
3487, -0.2
3488, 0.1
3489, 0.0
3490, 0.2
3491, 0.0
3492, -0.5
3493, 0.3
3494, -0.3
3495, 0.2
3496, -0.1
3497, 0.2
3498, 0.4
3499, 0.2
3500, 0.1
3501, 0.3
3502, 0.1
3503, -0.2
3504, 0.0
3505, -0.1
3506, -0.1
3507, 0.0
3508, 0.3
3509, -0.5
3510, -0.2
3511, 0.1
3512, 0.2
3513, 0.2
3514, 0.0
3515, 0.0
3516, -0.1
3517, -0.2
3518, 0.4
3519, 0.0
3520, 0.0
3521, -0.2
3522, -0.1
3523, -0.5
3524, 0.2
3525, 0.4
3526, 0.0
3527, -0.1
3528, -0.2
3529, 0.3
3530, 0.2
3531, -0.2
3532, 0.5
3533, -0.3
3534, 0.3
3535, 0.1
3536, -0.7
3537, -0.2
3538, 0.5
3539, 0.0
3540, 0.0
3541, 0.3
3542, -0.2
3543, -0.2
3544, 0.3
3545, -0.6
3546, -0.4
3547, 0.1
3548, 0.4
3549, 0.0
3550, -0.2
3551, 0.2
3552, 0.0
3553, 0.1
3554, -0.1
3555, -0.1
3556, 0.0
3557, 0.3
3558, -0.3
3559, 0.2
3560, 0.0
3561, 0.2
3562, -0.1
3563, 0.0
3564, -0.2
3565, 0.0
3566, 0.3
3567, 0.4
3568, 0.1
3569, -0.1
3570, 0.1
3571, 0.1
3572, -0.2
3573, 0.1
3574, 0.1
3575, 0.5
3576, 0.1
3577, 0.0
3578, 0.2
3579, 0.0
3580, -0.1
3581, -0.2
3582, -0.1
3583, -0.4
3584, -0.1
3585, -0.1
3586, -0.2
3587, 0.0
3588, -0.3
3589, -0.2
3590, 0.0
3591, 0.1
3592, -0.3
3593, -0.2
3594, 0.1
3595, 0.1
3596, 0.1
3597, 0.0
3598, 0.2
3599, -0.3
3600, -0.3
3601, 0.0
3602, 0.1
3603, -0.1
3604, 0.2
3605, -0.5
3606, 0.0
3607, 0.1
3608, 0.1
3609, -0.5
3610, -0.1
3611, -0.1
3612, -0.5
3613, -0.1
3614, -0.1
3615, -0.6
3616, -0.3
3617, -0.2
3618, 0.1
3619, -0.4
3620, -0.1
3621, 0.0
3622, 0.1
3623, 0.2
3624, -0.3
3625, 0.1
3626, -0.1
3627, 0.2
3628, 0.0
3629, -0.1
3630, 0.1
3631, 0.1
3632, 0.2
3633, 0.1
3634, 0.2
3635, 0.0
3636, -0.1
3637, -0.4
3638, 0.1
3639, 0.0
3640, -0.3
3641, 0.1
3642, -0.4
3643, -0.2
3644, 0.3
3645, 0.1
3646, -0.2
3647, 0.0
3648, 0.2
3649, -0.1
3650, -0.2
3651, -0.4
3652, 0.1
3653, 0.0
3654, 0.5
3655, 0.2
3656, -0.2
3657, 0.2
3658, -0.4
3659, 0.2
3660, -0.2
3661, -0.2
3662, 0.5
3663, 0.5
3664, -0.1
3665, -0.1
3666, 0.1
3667, -0.1
3668, 0.1
3669, -0.3
3670, 0.0
3671, 0.3
3672, -0.3
3673, 0.2
3674, -0.4
3675, -0.1
3676, 0.0
3677, -0.2
3678, 0.2
3679, -0.1
3680, -0.1
3681, 0.1
3682, 0.0
3683, 0.0
3684, 0.2
3685, -0.1
3686, -0.5
3687, 0.0
3688, 0.2
3689, 0.3
3690, -0.1
3691, -0.1
3692, 0.2
3693, 0.2
3694, -0.1
3695, 0.3
3696, -0.1
3697, 0.2
3698, 0.1
3699, -0.2
3700, 0.1
3701, 0.4
3702, -0.3
3703, 0.0
3704, -0.1
3705, -0.2
3706, -0.1
3707, -0.1
3708, -0.2
3709, 0.1
3710, -0.2
3711, -0.4
3712, 0.1
3713, 0.1
3714, 0.0
3715, -0.3
3716, 0.0
3717, -0.3
3718, -0.1
3719, 0.2
3720, 0.1
3721, 0.0
3722, 0.2
3723, 0.1
3724, 0.0
3725, -0.2
3726, 0.0
3727, -0.2
3728, 0.2
3729, 0.4
3730, 0.3
3731, 0.0
3732, 0.2
3733, -0.1
3734, 0.2
3735, -0.5
3736, 0.0
3737, -0.2
3738, 0.1
3739, -0.5
3740, -0.1
3741, 0.0
3742, -0.4
3743, 0.3
3744, -0.5
3745, 0.1
3746, -0.4
3747, 0.0
3748, -0.2
3749, 0.0
3750, 0.3
3751, -0.1
3752, 0.1
3753, 0.0
3754, 0.4
3755, -0.7
3756, 0.0
3757, 0.4
3758, -0.3
3759, -0.3
3760, 0.0
3761, 0.1
3762, 0.3
3763, -0.1
3764, 0.1
3765, -0.3
3766, -0.3
3767, 0.0
3768, 0.3
3769, 0.1
3770, 0.4
3771, 0.3
3772, 0.4
3773, 0.1
3774, -0.3
3775, 0.1
3776, 0.0
3777, 0.0
3778, 0.2
3779, -0.5
3780, -0.1
3781, -0.2
3782, -0.2
3783, 0.2
3784, 0.2
3785, 0.0
3786, 0.3
3787, 0.1
3788, -0.1
3789, 0.2
3790, -0.3
3791, -0.3
3792, -0.5
3793, 0.1
3794, 0.1
3795, 0.0
3796, 0.1
3797, 0.0
3798, 0.0
3799, 0.1
3800, 0.0
3801, -0.1
3802, 0.0
3803, -0.5
3804, 0.1
3805, -0.4
3806, -0.2
3807, -0.3
3808, -0.2
3809, -0.2
3810, 0.4
3811, -0.3
3812, -0.3
3813, 0.0
3814, -0.6
3815, -0.5
3816, 0.3
3817, 0.2
3818, -0.4
3819, 0.0
3820, 0.3
3821, 0.1
3822, -0.3
3823, 0.2
3824, 0.3
3825, 0.0
3826, 0.1
3827, -0.2
3828, -0.1
3829, 0.3
3830, 0.2
3831, 0.0
3832, 0.1
3833, 0.5
3834, 0.4
3835, -0.3
3836, 0.4
3837, 0.0
3838, 0.0
3839, 0.0
3840, 0.0
3841, 0.1
3842, -0.2
3843, -0.1
3844, -0.1
3845, 0.0
3846, -0.2
3847, -0.1
3848, -0.4
3849, -0.1
3850, -0.1
3851, 0.3
3852, -0.2
3853, 0.4
3854, 0.3
3855, -0.1
3856, 0.2
3857, -0.3
3858, -0.1
3859, 0.1
3860, 0.0
3861, 0.4
3862, -0.5
3863, -0.1
3864, 0.1
3865, -0.2
3866, -0.3
3867, 0.0
3868, -0.1
3869, 0.1
3870, 0.4
3871, 0.3
3872, -0.2
3873, -0.3
3874, -0.1
3875, 0.0
3876, 0.1
3877, -0.1
3878, 0.0
3879, 0.2
3880, -0.2
3881, 0.1
3882, 0.1
3883, 0.2
3884, 0.2
3885, -0.1
3886, -0.4
3887, -0.5
3888, 0.3
3889, -0.2
3890, 0.0
3891, -0.2
3892, 0.1
3893, -0.1
3894, 0.2
3895, -0.2
3896, 0.3
3897, 0.1
3898, 0.1
3899, 0.1
3900, -0.2
3901, 0.2
3902, -0.5
3903, 0.4
3904, -0.1
3905, -0.1
3906, -0.2
3907, 0.3
3908, -0.4
3909, 0.4
3910, 0.0
3911, 0.2
3912, -0.1
3913, -0.5
3914, 0.2
3915, 0.3
3916, -0.4
3917, 0.0
3918, 0.1
3919, 0.1
3920, 0.4
3921, -0.1
3922, 0.3
3923, -0.2
3924, -0.1
3925, 0.1
3926, 0.2
3927, -0.5
3928, 0.3
3929, -0.2
3930, -0.1
3931, 0.2
3932, 0.0
3933, 0.1
3934, -0.1
3935, 0.5
3936, -0.1
3937, -0.1
3938, -0.2
3939, -0.1
3940, 0.0
3941, 0.1
3942, -0.4
3943, 0.3
3944, -0.2
3945, 0.1
3946, 0.4
3947, -0.2
3948, -0.2
3949, -0.2
3950, -0.3
3951, -0.1
3952, -0.3
3953, 0.1
3954, 0.2
3955, 0.0
3956, 0.1
3957, -0.1
3958, -0.1
3959, 0.5
3960, 0.1
3961, 0.4
3962, -0.2
3963, -0.2
3964, 0.0
3965, -0.3
3966, 0.1
3967, 0.0
3968, 0.2
3969, -0.4
3970, 0.0
3971, -0.1
3972, 0.4
3973, -0.1
3974, -0.3
3975, -0.1
3976, 0.3
3977, 0.2
3978, -0.1
3979, 0.3
3980, 0.1
3981, -0.2
3982, 0.3
3983, -0.2
3984, -0.2
3985, -0.4
3986, -0.2
3987, 0.2
3988, 0.0
3989, -0.3
3990, 0.1
3991, 0.3
3992, 0.2
3993, 0.2
3994, -0.1
3995, -0.4
3996, 0.2
3997, 0.1
3998, 0.0
3999, 0.2
