0, 0.3
1, -0.1
2, -0.1
3, 0.1
4, -0.1
5, -0.2
6, -0.2
7, 0.1
8, 0.2
9, -0.1
10, 0.1
11, 0.2
12, -0.2
13, 0.2
14, -0.4
15, 0.1
16, 0.3
17, 0.1
18, -0.3
19, 0.0
20, -0.2
21, 0.4
22, 0.3
23, 0.2
24, -0.3
25, -0.1
26, 0.2
27, 0.0
28, -0.2
29, -0.3
30, 0.5
31, 0.0
32, 0.3
33, 0.2
34, 0.0
35, -0.1
36, -0.1
37, 0.2
38, -0.2
39, 0.0
40, 0.1
41, -0.3
42, -0.5
43, 0.0
44, 0.1
45, -0.2
46, -0.2
47, 0.0
48, 0.2
49, 0.4
50, -0.1
51, 0.4
52, -0.3
53, 0.1
54, 0.0
55, -0.5
56, 0.1
57, 0.1
58, 0.2
59, -0.3
60, 0.2
61, 0.0
62, 0.1
63, 0.0
64, 0.1
65, -0.2
66, -0.3
67, -0.2
68, -0.2
69, 0.0
70, -0.1
71, -0.3
72, 0.2
73, 0.5
74, -0.4
75, -0.3
76, 0.2
77, 0.4
78, 0.2
79, 0.3
80, -0.1
81, -0.2
82, 0.3
83, 0.1
84, -0.1
85, -0.2
86, -0.3
87, 0.1
88, 0.1
89, -0.1
90, 0.1
91, 0.1
92, 0.0
93, -0.3
94, 0.4
95, 0.1
96, 0.3
97, 0.1
98, 0.0
99, 0.2
100, 0.1
101, 0.2
102, 0.3
103, 0.2
104, -0.1
105, -0.2
106, 0.1
107, 0.4
108, -0.2
109, 0.2
110, 0.0
111, 0.4
112, -0.3
113, -0.1
114, 0.1
115, 0.4
116, 0.2
117, 0.2
118, -0.2
119, -0.1
120, -0.2
121, 0.0
122, -0.4
123, 0.0
124, 0.3
125, -0.1
126, 0.1
127, -0.5
128, 0.1
129, 0.4
130, 0.0
131, 0.0
132, 0.2
133, 0.3
134, 0.5
135, -0.5
136, -0.3
137, 0.1
138, 0.0
139, 0.0
140, -0.1
141, -0.1
142, 0.0
143, 0.1
144, -0.1
145, 0.3
146, 0.3
147, -0.2
148, -0.1
149, 0.0
150, 0.2
151, 0.1
152, -0.2
153, 0.1
154, 0.5
155, -0.1
156, 0.1
157, -0.2
158, -0.4
159, 0.1
160, 0.2
161, 0.2
162, -0.3
163, -0.3
164, 0.1
165, 0.1
166, 0.1
167, -0.2
168, 0.2
169, 0.2
170, 0.2
171, -0.1
172, -0.2
173, -0.2
174, 0.0
175, 0.0
176, 0.2
177, 0.0
178, -0.3
179, -0.1
180, 0.0
181, 0.2
182, -0.2
183, 0.2
184, -0.1
185, 0.0
186, 0.1
187, -0.2
188, 0.2
189, -0.1
190, 0.0
191, -0.1
192, 0.0
193, -0.2
194, -0.1
195, 0.0
196, -0.2
197, -0.2
198, -0.2
199, 0.0
200, -0.6
201, 0.0
202, 0.1
203, -0.1
204, 0.0
205, -0.3
206, 0.0
207, -0.2
208, -0.1
209, 0.1
210, 0.2
211, 0.4
212, 0.0
213, -0.3
214, -0.1
215, -0.1
216, 0.3
217, 0.0
218, 0.1
219, -0.2
220, 0.2
221, 0.3
222, 0.2
223, -0.1
224, 0.2
225, 0.2
226, -0.2
227, 0.2
228, -0.1
229, 0.1
230, 0.2
231, -0.1
232, -0.1
233, 0.1
234, 0.4
235, -0.2
236, 0.2
237, 0.4
238, 0.4
239, 0.1
240, 0.1
241, -0.3
242, -0.2
243, -0.1
244, 0.0
245, -0.6
246, -0.1
247, 0.0
248, 0.0
249, -0.2
250, 0.1
251, 0.2
252, -0.2
253, 0.2
254, 0.0
255, 0.0
256, -0.2
257, 0.3
258, 0.2
259, 0.3
260, 0.2
261, -0.1
262, 0.1
263, 0.4
264, 0.3
265, 0.3
266, 0.0
267, 0.3
268, 0.4
269, 0.1
270, 0.4
271, 0.2
272, 0.1
273, -0.5
274, 0.0
275, -0.1
276, 0.1
277, 0.1
278, 0.2
279, 0.2
280, -0.3
281, 0.4
282, -0.3
283, 0.0
284, -0.1
285, -0.1
286, -0.1
287, 0.1
288, -0.2
289, 0.1
290, -0.3
291, -0.2
292, -0.3
293, -0.1
294, 0.1
295, 0.0
296, -0.1
297, -0.6
298, 0.1
299, 0.2
300, 0.1
301, 0.0
302, 0.2
303, 0.3
304, 0.0
305, 0.4
306, 0.2
307, -0.3
308, 0.1
309, 0.1
310, 0.2
311, -0.2
312, 0.1
313, -0.5
314, -0.1
315, 0.0
316, -0.1
317, -0.3
318, -0.3
319, -0.4
320, -0.3
321, 0.2
322, 0.0
323, 0.0
324, 0.2
325, -0.3
326, 0.2
327, -0.4
328, -0.3
329, 0.1
330, -0.3
331, 0.3
332, -0.3
333, -0.2
334, -0.1
335, 0.4
336, 0.3
337, 0.0
338, -0.2
339, 0.0
340, 0.0
341, -0.1
342, -0.1
343, 0.3
344, -0.1
345, -0.4
346, 0.0
347, 0.0
348, -0.3
349, 0.0
350, 0.2
351, -0.4
352, -0.1
353, 0.0
354, -0.2
355, 0.3
356, 0.1
357, 0.1
358, 0.3
359, -0.1
360, 0.2
361, 0.2
362, 0.0
363, 0.1
364, 0.0
365, 0.0
366, -0.5
367, -0.1
368, -0.1
369, 0.1
370, -0.1
371, 0.1
372, -0.1
373, -0.1
374, -0.1
375, -0.1
376, 0.1
377, 0.2
378, 0.2
379, 0.1
380, -0.1
381, 0.3
382, -0.2
383, 0.0
384, -0.5
385, 0.1
386, -0.1
387, 0.0
388, 0.2
389, 0.2
390, -0.2
391, 0.3
392, 0.0
393, 0.1
394, 0.2
395, 0.1
396, 0.1
397, 0.1
398, 0.1
399, 0.0
400, 0.4
401, 0.0
402, 0.3
403, 0.0
404, 0.4
405, 0.3
406, 0.2
407, 0.0
408, 0.0
409, -0.2
410, -0.1
411, -0.2
412, 0.0
413, -0.1
414, 0.1
415, 0.3
416, 0.1
417, -0.1
418, -0.5
419, 0.0
420, -0.1
421, 0.1
422, -0.3
423, -0.2
424, 0.0
425, 0.2
426, 0.1
427, 0.3
428, 0.0
429, 0.0
430, -0.4
431, -0.3
432, -0.2
433, 0.1
434, 0.2
435, -0.2
436, -0.2
437, -0.1
438, 0.3
439, 0.1
440, 0.0
441, -0.1
442, 0.1
443, -0.3
444, 0.1
445, -0.1
446, -0.2
447, 0.1
448, -0.5
449, 0.4
450, 0.2
451, -0.2
452, -0.2
453, -0.2
454, 0.3
455, -0.4
456, -0.4
457, -0.3
458, -0.1
459, -0.1
460, -0.1
461, 0.1
462, 0.0
463, 0.1
464, 0.1
465, 0.2
466, -0.2
467, -0.2
468, 0.1
469, -0.4
470, -0.2
471, -0.2
472, 0.1
473, -0.3
474, 0.2
475, 0.1
476, -0.2
477, -0.1
478, 0.1
479, -0.4
480, -0.1
481, 0.3
482, -0.2
483, 0.0
484, 0.3
485, 0.2
486, 0.1
487, 0.1
488, 0.3
489, -0.2
490, 0.0
491, 0.0
492, -0.5
493, 0.4
494, 0.1
495, 0.2
496, 0.3
497, 0.0
498, -0.1
499, 0.1
500, -0.2
501, -0.3
502, 0.0
503, 0.0
504, 0.0
505, 0.2
506, 0.3
507, 0.3
508, 0.1
509, -0.1
510, 0.2
511, -0.7
512, 0.2
513, -0.2
514, 0.2
515, 0.1
516, 0.1
517, 0.1
518, -0.1
519, 0.3
520, -0.2
521, 0.1
522, 0.1
523, 0.1
524, -0.2
525, 0.3
526, -0.5
527, 0.2
528, -0.2
529, -0.2
530, 0.0
531, 0.1
532, 0.1
533, 0.4
534, -0.5
535, -0.3
536, 0.1
537, -0.2
538, 0.2
539, -0.1
540, -0.4
541, -0.1
542, 0.1
543, 0.2
544, 0.2
545, 0.3
546, 0.2
547, -0.2
548, -0.1
549, 0.4
550, -0.2
551, -0.2
552, 0.2
553, -0.1
554, 0.3
555, 0.0
556, 0.0
557, 0.2
558, -0.3
559, -0.4
560, -0.1
561, -0.1
562, -0.1
563, 0.2
564, -0.3
565, -0.2
566, 0.1
567, 0.1
568, 0.1
569, 0.0
570, 0.1
571, 0.4
572, 0.1
573, -0.2
574, -0.9
575, 0.0
576, 0.0
577, -0.4
578, -0.3
579, 0.1
580, 0.2
581, 0.3
582, 0.4
583, 0.2
584, -0.3
585, 0.0
586, 0.2
587, 0.2
588, -0.3
589, -0.1
590, 0.0
591, 0.4
592, -0.6
593, -0.3
594, -0.2
595, 0.4
596, 0.3
597, 0.1
598, -0.6
599, 0.3
600, 0.2
601, -0.1
602, -0.4
603, 0.3
604, -0.1
605, 0.0
606, -0.1
607, 0.0
608, 0.1
609, 0.1
610, 0.2
611, -0.4
612, 0.2
613, 0.0
614, -0.1
615, 0.1
616, 0.4
617, -0.2
618, 0.0
619, 0.3
620, -0.1
621, 0.0
622, 0.0
623, 0.0
624, 0.3
625, 0.2
626, -0.1
627, -0.2
628, -0.4
629, 0.2
630, -0.4
631, 0.0
632, 0.1
633, -0.1
634, 0.1
635, -0.1
636, -0.1
637, 0.2
638, 0.1
639, 0.2
640, -0.1
641, 0.0
642, 0.0
643, -0.5
644, 0.0
645, 0.0
646, 0.2
647, -0.2
648, 0.0
649, 0.4
650, 0.0
651, -0.1
652, 0.2
653, -0.1
654, 0.1
655, 0.3
656, 0.0
657, -0.3
658, 0.0
659, 0.0
660, 0.2
661, -0.5
662, 0.4
663, -0.3
664, -0.2
665, 0.4
666, -0.2
667, 0.3
668, 0.1
669, 0.3
670, 0.1
671, 0.1
672, -0.4
673, 0.1
674, -0.2
675, 0.0
676, 0.5
677, -0.1
678, -0.1
679, 0.0
680, -0.3
681, 0.0
682, -0.2
683, 0.1
684, -0.1
685, -0.1
686, -0.1
687, 0.2
688, 0.3
689, -0.1
690, 0.0
691, -0.3
692, -0.3
693, 0.1
694, -0.1
695, -0.2
696, -0.3
697, 0.3
698, -0.3
699, -0.2
700, 0.2
701, 0.1
702, 0.4
703, 0.0
704, -0.1
705, 0.3
706, 0.4
707, -0.1
708, 0.1
709, -0.4
710, 0.2
711, 0.3
712, -0.2
713, 0.3
714, -0.3
715, 0.1
716, 0.2
717, 0.2
718, -0.3
719, 0.0
720, 0.1
721, -0.1
722, -0.2
723, -0.1
724, 0.1
725, -0.1
726, -0.1
727, -0.2
728, -0.1
729, 0.2
730, -0.2
731, 0.2
732, 0.1
733, 0.1
734, 0.0
735, 0.0
736, -0.2
737, -0.1
738, -0.2
739, -0.1
740, 0.0
741, 0.1
742, 0.2
743, -0.4
744, 0.0
745, 0.3
746, 0.0
747, -0.1
748, 0.1
749, -0.3
750, 0.3
751, 0.2
752, -0.2
753, 0.0
754, 0.1
755, -0.2
756, 0.0
757, 0.1
758, 0.2
759, -0.3
760, 0.2
761, -0.1
762, 0.3
763, 0.2
764, 0.2
765, -0.2
766, -0.3
767, 0.2
768, 0.4
769, -0.1
770, -0.4
771, -0.1
772, 0.1
773, -0.4
774, -0.1
775, -0.1
776, -0.5
777, 0.2
778, -0.1
779, 0.1
780, -0.2
781, 0.2
782, 0.0
783, -0.2
784, -0.3
785, -0.2
786, 0.3
787, -0.3
788, -0.4
789, 0.0
790, 0.3
791, 0.1
792, 0.1
793, -0.3
794, -0.2
795, -0.2
796, 0.1
797, -0.2
798, -0.1
799, 0.0
800, -0.1
801, 0.2
802, -0.1
803, 0.1
804, 0.1
805, -0.3
806, -0.3
807, 0.4
808, 0.2
809, 0.2
810, 0.2
811, 0.2
812, -0.2
813, -0.1
814, -0.3
815, 0.3
816, 0.3
817, -0.7
818, 0.1
819, 0.0
820, 0.0
821, 0.2
822, 0.2
823, -0.3
824, 0.1
825, -0.4
826, 0.0
827, -0.4
828, -0.2
829, 0.0
830, -0.1
831, 0.1
832, 0.2
833, 0.1
834, -0.1
835, 0.3
836, 0.0
837, 0.0
838, 0.0
839, 0.0
840, -0.3
841, 0.0
842, 0.0
843, 0.1
844, 0.0
845, -0.1
846, -0.3
847, -0.2
848, 0.3
849, 0.2
850, 0.0
851, 0.4
852, 0.0
853, -0.3
854, -0.5
855, -0.2
856, 0.5
857, 0.3
858, -0.2
859, -0.6
860, 0.1
861, 0.0
862, 0.2
863, -0.1
864, -0.3
865, -0.2
866, 0.3
867, 0.0
868, -0.1
869, -0.1
870, 0.4
871, -0.2
872, 0.0
873, 0.4
874, -0.1
875, -0.4
876, -0.1
877, -0.3
878, -0.2
879, -0.1
880, -0.3
881, 0.1
882, -0.2
883, 0.1
884, 0.0
885, -0.1
886, 0.3
887, 0.0
888, -0.2
889, -0.1
890, 0.1
891, -0.3
892, -0.5
893, 0.0
894, 0.1
895, -0.2
896, -0.2
897, 0.0
898, 0.2
899, 0.3
900, -0.1
901, -0.2
902, -0.4
903, 0.2
904, 0.3
905, 0.1
906, 0.0
907, -0.1
908, 0.0
909, 0.0
910, 0.2
911, 0.2
912, 0.1
913, 0.1
914, 0.0
915, 0.0
916, -0.4
917, -0.6
918, -0.3
919, 0.0
920, 0.2
921, -0.3
922, 0.1
923, 0.3
924, 0.3
925, 0.1
926, 0.0
927, 0.0
928, 0.2
929, 0.2
930, 0.2
931, -0.3
932, 0.3
933, 0.0
934, 0.0
935, -0.4
936, 0.0
937, -0.1
938, 0.0
939, 0.0
940, -0.1
941, 0.1
942, 0.1
943, 0.0
944, -0.3
945, 0.0
946, -0.4
947, 0.1
948, -0.4
949, -0.2
950, -0.2
951, -0.2
952, 0.0
953, 0.1
954, -0.1
955, -0.2
956, 0.4
957, 0.1
958, -0.1
959, 0.0
960, 0.4
961, -0.2
962, 0.1
963, 0.2
964, 0.3
965, 0.0
966, 0.0
967, 0.3
968, 0.0
969, 0.0
970, 0.1
971, 0.0
972, -0.2
973, 0.3
974, -0.3
975, 0.0
976, 0.0
977, 0.0
978, 0.0
979, -0.1
980, 0.3
981, -0.2
982, -0.1
983, 0.1
984, 0.3
985, -0.2
986, 0.3
987, 0.1
988, 0.0
989, 0.1
990, 0.3
991, -0.5
992, -0.1
993, 0.3
994, 0.2
995, -0.2
996, 0.1
997, 0.0
998, 0.2
999, 0.2
1000, -0.2
1001, -0.1
1002, 0.2
1003, -0.6
1004, -0.2
1005, 0.1
1006, -0.4
1007, -0.4
1008, -0.3
1009, 0.1
1010, 0.0
1011, -0.2
1012, 0.0
1013, 0.0
1014, 0.4
1015, 0.4
1016, 0.0
1017, 0.1
1018, 0.2
1019, 0.1
1020, -0.3
1021, 0.4
1022, -0.3
1023, 0.0
1024, 0.0
1025, -0.2
1026, 0.0
1027, 0.0
1028, -0.1
1029, -0.3
1030, -0.1
1031, 0.4
1032, 0.1
1033, 0.1
1034, -0.1
1035, -0.4
1036, -0.2
1037, 0.0
1038, 0.1
1039, -0.3
1040, -0.3
1041, -0.1
1042, 0.1
1043, 0.0
1044, 0.3
1045, 0.1
1046, 0.3
1047, -0.1
1048, 0.3
1049, -0.1
1050, 0.0
1051, 0.3
1052, 0.0
1053, 0.1
1054, 0.0
1055, -0.1
1056, 0.2
1057, 0.2
1058, -0.2
1059, -0.1
1060, -0.1
1061, 0.0
1062, -0.2
1063, 0.3
1064, 0.3
1065, 0.5
1066, 0.1
1067, 0.1
1068, 0.0
1069, 0.3
1070, -0.2
1071, 0.1
1072, 0.0
1073, 0.1
1074, -0.1
1075, 0.0
1076, 0.0
1077, 0.0
1078, -0.3
1079, -0.3
1080, -0.2
1081, -0.1
1082, 0.1
1083, 0.0
1084, -0.4
1085, 0.5
1086, -0.4
1087, 0.1
1088, -0.4
1089, -0.1
1090, 0.0
1091, -0.4
1092, 0.2
1093, 0.4
1094, 0.0
1095, 0.0
1096, 0.0
1097, -0.1
1098, 0.0
1099, -0.2
1100, -0.3
1101, -0.1
1102, 0.1
1103, -0.2
1104, 0.1
1105, -0.3
1106, 0.1
1107, 0.0
1108, 0.5
1109, 0.3
1110, -0.2
1111, 0.0
1112, 0.4
1113, -0.1
1114, -0.1
1115, -0.2
1116, -0.4
1117, -0.6
1118, 0.2
1119, 0.3
1120, 0.3
1121, 0.0
1122, 0.1
1123, -0.1
1124, 0.2
1125, -0.1
1126, 0.0
1127, -0.5
1128, -0.1
1129, 0.1
1130, 0.2
1131, 0.1
1132, -0.1
1133, -0.1
1134, -0.1
1135, 0.1
1136, 0.0
1137, -0.2
1138, 0.1
1139, -0.4
1140, 0.2
1141, 0.2
1142, 0.0
1143, 0.0
1144, 0.1
1145, 0.1
1146, 0.0
1147, 0.5
1148, -0.4
1149, 0.0
1150, 0.4
1151, 0.0
1152, -0.3
1153, 0.2
1154, -0.1
1155, 0.0
1156, 0.2
1157, -0.2
1158, 0.2
1159, 0.1
1160, -0.7
1161, 0.2
1162, 0.1
1163, -0.1
1164, -0.1
1165, 0.2
1166, 0.1
1167, 0.0
1168, 0.0
1169, 0.2
1170, 0.5
1171, 0.1
1172, 0.2
1173, 0.0
1174, -0.2
1175, -0.1
1176, 0.1
1177, 0.1
1178, 0.1
1179, 0.0
1180, 0.0
1181, -0.4
1182, 0.2
1183, -0.2
1184, -0.1
1185, -0.2
1186, -0.3
1187, 0.0
1188, -0.1
1189, -0.3
1190, 0.1
1191, -0.2
1192, -0.2
1193, -0.2
1194, 0.2
1195, -0.2
1196, -0.3
1197, 0.2
1198, -0.6
1199, -0.1
1200, -0.5
1201, 0.0
1202, 0.0
1203, -0.1
1204, 0.0
1205, 0.1
1206, -0.1
1207, -0.2
1208, 0.2
1209, -0.2
1210, -0.2
1211, 0.1
1212, 0.0
1213, 0.1
1214, 0.0
1215, 0.3
1216, 0.2
1217, 0.0
1218, 0.0
1219, 0.0
1220, 0.5
1221, -0.2
1222, -0.2
1223, 0.3
1224, 0.0
1225, 0.1
1226, 0.1
1227, -0.4
1228, 0.2
1229, 0.2
1230, 0.2
1231, 0.0
1232, 0.4
1233, 0.0
1234, -0.1
1235, 0.1
1236, -0.5
1237, 0.0
1238, 0.2
1239, -0.4
1240, 0.4
1241, 0.2
1242, 0.2
1243, 0.1
1244, -0.1
1245, 0.1
1246, 0.2
1247, 0.0
1248, 0.2
1249, 0.4
1250, 0.3
1251, 0.2
1252, -0.1
1253, -0.1
1254, 0.1
1255, 0.2
1256, 0.0
1257, 0.4
1258, -0.1
1259, 0.0
1260, -0.2
1261, -0.1
1262, 0.0
1263, -0.2
1264, 0.2
1265, 0.0
1266, -0.1
1267, 0.1
1268, -0.2
1269, 0.0
1270, -0.7
1271, 0.1
1272, -0.1
1273, -0.2
1274, -0.2
1275, 0.3
1276, 0.2
1277, 0.3
1278, 0.4
1279, 0.2
1280, 0.3
1281, -0.1
1282, 0.0
1283, 0.1
1284, -0.1
1285, 0.1
1286, 0.0
1287, 0.0
1288, 0.2
1289, 0.0
1290, 0.3
1291, -0.4
1292, 0.0
1293, 0.2
1294, 0.0
1295, 0.2
1296, 0.3
1297, -0.4
1298, 0.3
1299, 0.1
1300, 0.4
1301, -0.1
1302, 0.1
1303, 0.2
1304, 0.2
1305, -0.5
1306, 0.1
1307, -0.1
1308, -0.4
1309, 0.2
1310, -0.3
1311, 0.3
1312, -0.5
1313, 0.0
1314, 0.0
1315, 0.3
1316, -0.4
1317, -0.1
1318, -0.3
1319, -0.2
1320, 0.1
1321, -0.2
1322, -0.1
1323, 0.2
1324, -0.3
1325, -0.3
1326, -0.2
1327, 0.3
1328, 0.3
1329, -0.3
1330, 0.3
1331, -0.1
1332, 0.4
1333, 0.3
1334, 0.2
1335, 0.0
1336, 0.1
1337, 0.2
1338, -0.4
1339, 0.0
1340, 0.3
1341, 0.2
1342, 0.0
1343, -0.1
1344, 0.1
1345, -0.1
1346, 0.4
1347, -0.2
1348, 0.4
1349, 0.3
1350, 0.1
1351, -0.3
1352, 0.1
1353, 0.2
1354, -0.2
1355, 0.0
1356, -0.1
1357, 0.0
1358, 0.0
1359, -0.3
1360, -0.1
1361, -0.4
1362, 0.1
1363, 0.3
1364, 0.2
1365, 0.3
1366, -0.3
1367, 0.0
1368, 0.1
1369, 0.2
1370, 0.1
1371, -0.7
1372, 0.0
1373, 0.0
1374, 0.4
1375, 0.0
1376, 0.2
1377, 0.1
1378, -0.2
1379, 0.1
1380, -0.1
1381, -0.2
1382, 0.0
1383, 0.2
1384, 0.1
1385, 0.1
1386, -0.3
1387, 0.3
1388, 0.3
1389, -0.2
1390, -0.1
1391, 0.1
1392, 0.1
1393, -0.3
1394, -0.1
1395, 0.4
1396, -0.1
1397, -0.2
1398, 0.0
1399, 0.2
1400, 0.3
1401, 0.0
1402, -0.1
1403, 0.1
1404, -0.2
1405, 0.0
1406, 0.3
1407, 0.2
1408, -0.1
1409, 0.0
1410, 0.3
1411, 0.2
1412, 0.1
1413, 0.3
1414, -0.1
1415, 0.3
1416, -0.2
1417, 0.3
1418, -0.2
1419, 0.1
1420, -0.3
1421, 0.1
1422, 0.3
1423, -0.1
1424, 0.1
1425, -0.1
1426, -0.1
1427, 0.1
1428, 0.2
1429, 0.2
1430, -0.2
1431, 0.0
1432, -0.5
1433, -0.1
1434, 0.0
1435, -0.4
1436, 0.1
1437, 0.1
1438, -0.2
1439, -0.1
1440, 0.2
1441, 0.3
1442, -0.1
1443, 0.0
1444, -0.2
1445, 0.0
1446, 0.1
1447, 0.0
1448, 0.2
1449, 0.0
1450, 0.0
1451, 0.0
1452, 0.0
1453, 0.0
1454, -0.1
1455, -0.4
1456, 0.1
1457, 0.2
1458, 0.2
1459, 0.3
1460, 0.5
1461, -0.1
1462, -0.1
1463, -0.1
1464, -0.2
1465, 0.1
1466, -0.2
1467, 0.2
1468, -0.1
1469, 0.2
1470, 0.1
1471, -0.2
1472, -0.1
1473, 0.4
1474, -0.2
1475, -0.1
1476, -0.3
1477, -0.3
1478, -0.3
1479, 0.1
1480, -0.1
1481, 0.2
1482, 0.1
1483, -0.3
1484, -0.3
1485, 0.2
1486, 0.1
1487, -0.2
1488, 0.0
1489, 0.0
1490, -0.1
1491, -0.6
1492, 0.4
1493, 0.0
1494, 0.2
1495, -0.2
1496, -0.3
1497, 0.2
1498, 0.2
1499, 0.1
1500, 0.2
1501, -0.1
1502, 0.4
1503, -0.4
1504, -0.5
1505, 0.3
1506, 0.1
1507, 0.1
1508, 0.2
1509, -0.1
1510, 0.0
1511, -0.5
1512, 0.0
1513, 0.1
1514, 0.2
1515, 0.4
1516, 0.3
1517, 0.0
1518, 0.3
1519, 0.3
1520, 0.1
1521, 0.1
1522, 0.2
1523, 0.1
1524, 0.3
1525, 0.0
1526, 0.2
1527, 0.3
1528, 0.1
1529, -0.2
1530, 0.3
1531, -0.5
1532, 0.1
1533, 0.2
1534, -0.1
1535, 0.3
1536, 0.2
1537, 0.1
1538, 0.0
1539, 0.0
1540, 0.2
1541, -0.1
1542, -0.1
1543, 0.1
1544, 0.4
1545, -0.3
1546, 0.2
1547, 0.4
1548, -0.3
1549, -0.5
1550, 0.0
1551, -0.2
1552, 0.4
1553, 0.0
1554, 0.2
1555, -0.4
1556, 0.1
1557, 0.1
1558, 0.1
1559, -0.4
1560, 0.0
1561, 0.1
1562, 0.0
1563, 0.3
1564, 0.1
1565, 0.4
1566, 0.1
1567, -0.4
1568, 0.3
1569, 0.1
1570, -0.6
1571, 0.1
1572, -0.5
1573, 0.2
1574, 0.4
1575, 0.0
1576, 0.0
1577, 0.0
1578, 0.2
1579, 0.3
1580, -0.2
1581, -0.1
1582, 0.3
1583, -0.2
1584, 0.0
1585, -0.1
1586, 0.1
1587, 0.2
1588, 0.2
1589, -0.3
1590, -0.1
1591, 0.1
1592, -0.1
1593, 0.1
1594, -0.2
1595, 0.3
1596, -0.1
1597, -0.1
1598, 0.3
1599, -0.3
1600, 0.1
1601, 0.1
1602, 0.1
1603, 0.1
1604, -0.1
1605, -0.2
1606, 0.1
1607, 0.1
1608, 0.1
1609, -0.4
1610, 0.5
1611, 0.2
1612, 0.0
1613, 0.2
1614, 0.2
1615, 0.1
1616, 0.0
1617, -0.4
1618, -0.2
1619, 0.0
1620, 0.0
1621, 0.2
1622, -0.1
1623, 0.3
1624, 0.2
1625, -0.5
1626, 0.3
1627, -0.5
1628, 0.3
1629, 0.5
1630, 0.4
1631, -0.2
1632, -0.3
1633, -0.4
1634, 0.2
1635, -0.2
1636, 0.5
1637, 0.0
1638, 0.1
1639, 0.1
1640, -0.3
1641, -0.2
1642, 0.1
1643, -0.1
1644, 0.1
1645, 0.2
1646, 0.2
1647, 0.0
1648, -0.5
1649, -0.3
1650, -0.2
1651, 0.1
1652, -0.1
1653, 0.3
1654, -0.1
1655, 0.2
1656, 0.1
1657, 0.1
1658, -0.1
1659, -0.3
1660, 0.1
1661, -0.5
1662, 0.1
1663, 0.4
1664, 0.4
1665, -0.1
1666, 0.4
1667, -0.6
1668, 0.2
1669, 0.1
1670, 0.1
1671, 0.3
1672, 0.2
1673, -0.2
1674, -0.2
1675, 0.0
1676, -0.1
1677, 0.0
1678, -0.2
1679, -0.3
1680, -0.1
1681, 0.3
1682, 0.1
1683, -0.2
1684, 0.0
1685, -0.1
1686, 0.0
1687, -0.2
1688, 0.4
1689, 0.0
1690, -0.2
1691, -0.2
1692, 0.2
1693, 0.2
1694, 0.3
1695, 0.2
1696, -0.1
1697, -0.7
1698, -0.1
1699, -0.1
1700, -0.2
1701, 0.2
1702, -0.3
1703, -0.2
1704, 0.3
1705, 0.2
1706, -0.5
1707, -0.1
1708, -0.2
1709, 0.0
1710, -0.1
1711, -0.2
1712, 0.0
1713, 0.4
1714, 0.2
1715, -0.1
1716, 0.2
1717, 0.2
1718, 0.4
1719, -0.1
1720, 0.2
1721, -0.1
1722, -0.3
1723, 0.2
1724, -0.2
1725, -0.1
1726, -0.2
1727, -0.3
1728, -0.1
1729, 0.2
1730, 0.0
1731, 0.1
1732, 0.0
1733, -0.1
1734, 0.0
1735, 0.0
1736, 0.3
1737, 0.3
1738, 0.3
1739, 0.1
1740, 0.0
1741, -0.2
1742, 0.1
1743, 0.1
1744, 0.0
1745, 0.1
1746, 0.5
1747, -0.1
1748, 0.0
1749, -0.2
1750, 0.0
1751, 0.0
1752, 0.0
1753, 0.3
1754, 0.1
1755, 0.1
1756, 0.0
1757, 0.2
1758, 0.1
1759, -0.3
1760, -0.2
1761, 0.1
1762, 0.2
1763, 0.2
1764, -0.1
1765, -0.1
1766, 0.0
1767, 0.2
1768, 0.3
1769, -0.3
1770, -0.4
1771, -0.2
1772, 0.2
1773, 0.1
1774, 0.0
1775, 0.3
1776, 0.2
1777, 0.3
1778, -0.2
1779, 0.0
1780, 0.1
1781, 0.4
1782, 0.2
1783, 0.1
1784, 0.0
1785, -0.2
1786, -0.2
1787, -0.1
1788, 0.4
1789, -0.1
1790, 0.2
1791, 0.4
1792, 0.1
1793, 0.0
1794, -0.2
1795, -0.3
1796, -0.1
1797, 0.0
1798, -0.2
1799, -0.6
1800, 0.2
1801, 0.1
1802, 0.3
1803, -0.1
1804, 0.0
1805, -0.3
1806, 0.3
1807, 0.4
1808, 0.0
1809, -0.2
1810, 0.2
1811, -0.3
1812, -0.2
1813, 0.3
1814, 0.2
1815, 0.1
1816, -0.2
1817, 0.4
1818, -0.2
1819, 0.3
1820, 0.2
1821, 0.1
1822, 0.0
1823, 0.3
1824, -0.3
1825, 0.1
1826, 0.1
1827, 0.3
1828, 0.1
1829, 0.2
1830, 0.0
1831, 0.0
1832, -0.5
1833, 0.2
1834, 0.3
1835, -0.1
1836, 0.3
1837, -0.2
1838, 0.0
1839, -0.4
1840, 0.0
1841, 0.1
1842, 0.2
1843, 0.0
1844, 0.0
1845, 0.1
1846, -0.5
1847, -0.4
1848, -0.2
1849, 0.0
1850, 0.0
1851, -0.1
1852, 0.1
1853, 0.4
1854, 0.3
1855, 0.2
1856, -0.1
1857, -0.2
1858, 0.0
1859, -0.1
1860, -0.4
1861, 0.3
1862, 0.0
1863, -0.2
1864, 0.2
1865, 0.3
1866, -0.1
1867, -0.2
1868, -0.2
1869, 0.4
1870, 0.3
1871, 0.3
1872, 0.2
1873, 0.0
1874, 0.4
1875, -0.1
1876, 0.2
1877, -0.4
1878, -0.1
1879, 0.0
1880, -0.1
1881, -0.3
1882, -0.1
1883, 0.0
1884, 0.2
1885, 0.3
1886, 0.0
1887, -0.2
1888, -0.3
1889, 0.3
1890, -0.1
1891, 0.0
1892, -0.1
1893, 0.2
1894, 0.1
1895, 0.3
1896, 0.3
1897, 0.4
1898, 0.3
1899, 0.0
1900, 0.0
1901, 0.3
1902, -0.2
1903, 0.0
1904, 0.1
1905, 0.0
1906, -0.4
1907, 0.1
1908, 0.2
1909, -0.3
1910, -0.6
1911, -0.2
1912, -0.2
1913, -0.3
1914, 0.1
1915, 0.1
1916, 0.0
1917, 0.0
1918, 0.0
1919, 0.0
1920, 0.2
1921, 0.4
1922, -0.5
1923, 0.1
1924, 0.2
1925, 0.0
1926, -0.1
1927, 0.0
1928, -0.4
1929, -0.2
1930, 0.2
1931, 0.0
1932, 0.3
1933, 0.0
1934, -0.2
1935, 0.3
1936, -0.1
1937, -0.2
1938, -0.3
1939, -0.1
1940, 0.3
1941, 0.0
1942, 0.0
1943, 0.4
1944, -0.3
1945, 0.1
1946, 0.2
1947, -0.4
1948, 0.0
1949, 0.5
1950, -0.2
1951, 0.0
1952, 0.2
1953, -0.3
1954, -0.4
1955, 0.2
1956, 0.1
1957, 0.0
1958, 0.2
1959, -0.1
1960, -0.2
1961, 0.0
1962, -0.1
1963, 0.1
1964, 0.0
1965, -0.5
1966, 0.4
1967, -0.1
1968, 0.0
1969, 0.3
1970, 0.1
1971, 0.0
1972, 0.4
1973, 0.3
1974, -0.1
1975, -0.3
1976, 0.1
1977, -0.2
1978, 0.0
1979, 0.1
1980, 0.1
1981, 0.4
1982, 0.0
1983, 0.1
1984, -0.1
1985, 0.1
1986, -0.3
1987, 0.2
1988, -0.2
1989, -0.1
1990, 0.2
1991, 0.1
1992, 0.4
1993, 0.1
1994, 0.2
1995, 0.2
1996, -0.2
1997, 0.0
1998, 0.0
1999, 0.3
2000, -0.1
2001, 0.2
2002, -0.1
2003, -0.1
2004, 0.1
2005, 0.1
2006, -0.1
2007, -0.2
2008, -0.5
2009, 0.0
2010, -0.5
2011, -0.1
2012, -0.2
2013, 0.2
2014, -0.2
2015, 0.0
2016, 0.2
2017, -0.2
2018, -0.2
2019, -0.1
2020, -0.3
2021, 0.3
2022, -0.2
2023, -0.2
2024, -0.1
2025, 0.1
2026, 0.0
2027, 0.3
2028, -0.1
2029, 0.2
2030, 0.3
2031, -0.1
2032, 0.4
2033, 0.2
2034, 0.1
2035, -0.1
2036, -0.1
2037, 0.3
2038, 0.0
2039, 0.2
2040, -0.4
2041, -0.1
2042, 0.0
2043, -0.1
2044, 0.2
2045, 0.1
2046, 0.1
2047, 0.2
2048, -0.3
2049, -0.2
2050, -0.2
2051, 0.0
2052, -0.3
2053, -0.1
2054, -0.1
2055, 0.4
2056, 0.2
2057, -0.2
2058, 0.1
2059, 0.2
2060, -0.1
2061, 0.2
2062, -0.2
2063, -0.2
2064, -0.1
2065, -0.1
2066, -0.4
2067, 0.0
2068, -0.3
2069, 0.1
2070, -0.3
2071, 0.1
2072, 0.0
2073, 0.0
2074, 0.2
2075, -0.1
2076, -0.3
2077, -0.2
2078, 0.0
2079, 0.2
2080, 0.1
2081, -0.1
2082, -0.1
2083, -0.4
2084, -0.1
2085, 0.4
2086, 0.4
2087, 0.5
2088, 0.2
2089, -0.2
2090, 0.2
2091, 0.0
2092, 0.1
2093, 0.1
2094, 0.4
2095, -0.5
2096, -0.4
2097, 0.3
2098, 0.0
2099, 0.1
2100, -0.4
2101, 0.4
2102, 0.1
2103, 0.1
2104, 0.0
2105, -0.1
2106, 0.3
2107, 0.5
2108, 0.1
2109, -0.2
2110, -0.8
2111, 0.3
2112, 0.2
2113, -0.1
2114, 0.1
2115, 0.1
2116, 0.3
2117, -0.4
2118, 0.0
2119, 0.0
2120, -0.5
2121, -0.1
2122, 0.1
2123, 0.0
2124, 0.5
2125, -0.3
2126, 0.0
2127, 0.1
2128, -0.2
2129, -0.3
2130, -0.1
2131, -0.5
2132, 0.4
2133, 0.0
2134, 0.1
2135, 0.3
2136, -0.2
2137, -0.1
2138, 0.3
2139, -0.4
2140, 0.2
2141, -0.2
2142, 0.1
2143, -0.2
2144, -0.3
2145, -0.2
2146, 0.0
2147, -0.2
2148, 0.3
2149, 0.2
2150, 0.0
2151, 0.4
2152, -0.5
2153, 0.4
2154, -0.4
2155, -0.5
2156, 0.3
2157, 0.1
2158, 0.3
2159, 0.0
2160, 0.1
2161, 0.0
2162, 0.0
2163, 0.1
2164, -0.3
2165, -0.4
2166, -0.1
2167, 0.1
2168, 0.3
2169, 0.1
2170, 0.3
2171, 0.1
2172, 0.1
2173, 0.1
2174, 0.4
2175, 0.2
2176, 0.5
2177, -0.1
2178, 0.1
2179, -0.2
2180, 0.0
2181, 0.0
2182, 0.0
2183, -0.5
2184, 0.2
2185, 0.0
2186, 0.1
2187, 0.0
2188, 0.2
2189, 0.2
2190, 0.2
2191, 0.1
2192, 0.2
2193, -0.2
2194, 0.3
2195, 0.2
2196, 0.0
2197, 0.0
2198, 0.4
2199, 0.1
2200, 0.0
2201, 0.0
2202, 0.0
2203, 0.0
2204, -0.2
2205, 0.1
2206, 0.0
2207, -0.1
2208, 0.1
2209, -0.4
2210, 0.1
2211, 0.1
2212, 0.1
2213, -0.3
2214, 0.2
2215, 0.3
2216, 0.0
2217, -0.8
2218, -0.1
2219, 0.1
2220, 0.2
2221, 0.0
2222, 0.3
2223, -0.1
2224, 0.2
2225, -0.1
2226, 0.4
2227, 0.1
2228, 0.1
2229, -0.1
2230, 0.3
2231, -0.2
2232, -0.4
2233, 0.1
2234, -0.1
2235, 0.1
2236, 0.0
2237, 0.3
2238, -0.1
2239, -0.2
2240, 0.1
2241, -0.4
2242, -0.1
2243, 0.3
2244, 0.4
2245, -0.4
2246, 0.2
2247, 0.2
2248, -0.1
2249, 0.0
2250, 0.0
2251, 0.4
2252, 0.0
2253, 0.0
2254, 0.4
2255, 0.0
2256, 0.3
2257, 0.3
2258, 0.3
2259, 0.1
2260, -0.1
2261, -0.4
2262, -0.6
2263, 0.0
2264, -0.3
2265, -0.4
2266, 0.3
2267, -0.1
2268, -0.1
2269, 0.4
2270, 0.1
2271, 0.2
2272, -0.1
2273, -0.2
2274, -0.2
2275, -0.2
2276, 0.1
2277, 0.1
2278, 0.4
2279, 0.2
2280, -0.2
2281, 0.3
2282, 0.2
2283, -0.1
2284, 0.0
2285, 0.1
2286, -0.4
2287, 0.4
2288, -0.1
2289, -0.4
2290, 0.0
2291, 0.1
2292, 0.3
2293, -0.3
2294, -0.4
2295, -0.1
2296, -0.1
2297, 0.2
2298, -0.3
2299, 0.0
2300, 0.2
2301, 0.3
2302, 0.0
2303, -0.1
2304, 0.1
2305, 0.0
2306, -0.1
2307, 0.4
2308, -0.6
2309, -0.4
2310, 0.2
2311, 0.3
2312, 0.2
2313, -0.1
2314, 0.1
2315, 0.1
2316, 0.0
2317, -0.1
2318, -0.1
2319, -0.1
2320, 0.3
2321, 0.3
2322, -0.3
2323, 0.1
2324, 0.3
2325, -0.4
2326, 0.1
2327, 0.0
2328, -0.2
2329, -0.4
2330, 0.1
2331, 0.0
2332, 0.1
2333, 0.2
2334, 0.1
2335, -0.4
2336, -0.1
2337, 0.0
2338, 0.2
2339, 0.2
2340, -0.4
2341, -0.2
2342, 0.4
2343, -0.1
2344, -0.2
2345, 0.0
2346, 0.1
2347, -0.1
2348, 0.0
2349, 0.0
2350, 0.2
2351, -0.2
2352, 0.1
2353, -0.1
2354, 0.1
2355, -0.2
2356, -0.3
2357, 0.2
2358, 0.0
2359, 0.1
2360, 0.0
2361, -0.2
2362, -0.1
2363, -0.2
2364, 0.1
2365, 0.2
2366, 0.1
2367, 0.0
2368, -0.1
2369, 0.4
2370, 0.0
2371, 0.1
2372, 0.0
2373, 0.0
2374, 0.0
2375, 0.1
2376, 0.0
2377, -0.5
2378, 0.1
2379, -0.1
2380, 0.1
2381, 0.1
2382, -0.3
2383, 0.1
2384, -0.2
2385, 0.1
2386, -0.1
2387, -0.2
2388, -0.4
2389, 0.2
2390, -0.3
2391, -0.1
2392, -0.2
2393, 0.0
2394, 0.0
2395, 0.1
2396, -0.6
2397, 0.0
2398, 0.0
2399, 0.0
2400, 0.2
2401, 0.0
2402, 0.1
2403, 0.0
2404, -0.5
2405, -0.2
2406, -0.1
2407, -0.1
2408, -0.2
2409, 0.3
2410, 0.2
2411, 0.1
2412, 0.0
2413, 0.2
2414, -0.1
2415, -0.3
2416, 0.1
2417, -0.3
2418, -0.1
2419, -0.1
2420, -0.3
2421, 0.2
2422, -0.1
2423, -0.2
2424, 0.0
2425, 0.0
2426, 0.1
2427, 0.0
2428, 0.3
2429, 0.1
2430, 0.4
2431, -0.2
2432, 0.1
2433, -0.1
2434, 0.4
2435, -0.3
2436, 0.1
2437, -0.2
2438, 0.3
2439, -0.4
2440, -0.3
2441, 0.2
2442, 0.0
2443, -0.2
2444, 0.1
2445, 0.2
2446, 0.2
2447, 0.0
2448, 0.0
2449, 0.0
2450, -0.4
2451, -0.6
2452, 0.4
2453, 0.1
2454, 0.1
2455, -0.1
2456, 0.4
2457, -0.2
2458, 0.0
2459, 0.3
2460, -0.1
2461, 0.1
2462, -0.2
2463, 0.0
2464, -0.2
2465, -0.3
2466, 0.2
2467, -0.2
2468, 0.2
2469, -0.1
2470, 0.0
2471, 0.3
2472, 0.3
2473, -0.2
2474, 0.1
2475, 0.1
2476, 0.1
2477, 0.1
2478, -0.5
2479, -0.2
2480, 0.3
2481, -0.1
2482, -0.1
2483, -0.2
2484, 0.4
2485, 0.3
2486, -0.1
2487, 0.0
2488, 0.0
2489, -0.1
2490, -0.4
2491, -0.1
2492, 0.1
2493, -0.1
2494, -0.4
2495, 0.1
2496, 0.1
2497, -0.1
2498, 0.3
2499, 0.3
2500, -0.4
2501, -0.1
2502, -0.1
2503, 0.0
2504, -0.1
2505, -0.3
2506, 0.2
2507, -0.5
2508, 0.3
2509, 0.5
2510, -0.4
2511, -0.4
2512, 0.2
2513, 0.0
2514, 0.1
2515, -0.3
2516, -0.1
2517, -0.1
2518, 0.2
2519, 0.0
2520, -0.2
2521, -0.2
2522, 0.2
2523, -0.2
2524, 0.0
2525, 0.0
2526, 0.3
2527, 0.2
2528, 0.0
2529, 0.1
2530, -0.4
2531, 0.1
2532, -0.1
2533, -0.2
2534, 0.1
2535, -0.1
2536, -0.3
2537, 0.0
2538, -0.1
2539, 0.0
2540, -0.1
2541, 0.1
2542, 0.1
2543, 0.0
2544, -0.3
2545, 0.4
2546, 0.1
2547, 0.0
2548, 0.1
2549, 0.2
2550, 0.2
2551, 0.3
2552, 0.0
2553, -0.2
2554, 0.1
2555, -0.1
2556, -0.1
2557, 0.0
2558, -0.2
2559, 0.2
2560, 0.1
2561, 0.2
2562, -0.4
2563, 0.0
2564, -0.3
2565, 0.1
2566, 0.3
2567, 0.1
2568, -0.1
2569, 0.1
2570, -0.4
2571, 0.0
2572, -0.3
2573, 0.0
2574, -0.2
2575, -0.1
2576, -0.1
2577, 0.1
2578, 0.3
2579, -0.1
2580, -0.1
2581, 0.2
2582, -0.3
2583, 0.2
2584, -0.2
2585, 0.2
2586, 0.0
2587, 0.1
2588, -0.1
2589, -0.3
2590, -0.5
2591, -0.6
2592, -0.2
2593, 0.2
2594, -0.1
2595, 0.0
2596, 0.1
2597, 0.1
2598, -0.1
2599, 0.3
2600, -0.2
2601, 0.2
2602, -0.3
2603, 0.0
2604, -0.1
2605, 0.5
2606, -0.1
2607, 0.1
2608, 0.2
2609, -0.2
2610, -0.3
2611, 0.3
2612, 0.1
2613, 0.1
2614, 0.2
2615, 0.0
2616, 0.1
2617, 0.0
2618, -0.1
2619, -0.1
2620, 0.3
2621, 0.3
2622, -0.5
2623, 0.2
2624, -0.1
2625, 0.1
2626, 0.0
2627, -0.3
2628, 0.3
2629, -0.3
2630, 0.0
2631, -0.1
2632, -0.2
2633, 0.0
2634, 0.3
2635, 0.3
2636, 0.1
2637, 0.3
2638, -0.5
2639, 0.2
2640, -0.1
2641, -0.1
2642, 0.2
2643, -0.3
2644, 0.2
2645, 0.2
2646, -0.1
2647, 0.0
2648, 0.2
2649, -0.2
2650, 0.2
2651, 0.1
2652, 0.2
2653, 0.2
2654, 0.2
2655, 0.2
2656, 0.1
2657, 0.2
2658, 0.2
2659, 0.0
2660, -0.4
2661, 0.1
2662, -0.1
2663, -0.3
2664, 0.1
2665, 0.0
2666, 0.0
2667, -0.1
2668, 0.0
2669, 0.3
2670, 0.0
2671, 0.1
2672, 0.2
2673, -0.1
2674, -0.1
2675, 0.0
2676, 0.0
2677, 0.0
2678, -0.1
2679, 0.3
2680, -0.1
2681, -0.3
2682, 0.0
2683, 0.1
2684, -0.2
2685, 0.1
2686, 0.0
2687, 0.1
2688, 0.1
2689, 0.2
2690, -0.2
2691, -0.3
2692, 0.0
2693, -0.1
2694, 0.2
2695, 0.1
2696, 0.2
2697, 0.0
2698, -0.2
2699, -0.1
2700, 0.0
2701, 0.2
2702, -0.1
2703, 0.4
2704, 0.1
2705, -0.3
2706, -0.4
2707, -0.3
2708, -0.1
2709, 0.3
2710, 0.2
2711, -0.3
2712, 0.1
2713, -0.3
2714, 0.3
2715, -0.1
2716, 0.2
2717, 0.1
2718, -0.4
2719, 0.1
2720, 0.0
2721, 0.1
2722, -0.1
2723, 0.2
2724, -0.1
2725, -0.3
2726, -0.2
2727, 0.0
2728, 0.0
2729, 0.2
2730, -0.1
2731, 0.0
2732, 0.5
2733, -0.2
2734, -0.3
2735, 0.2
2736, -0.2
2737, -0.2
2738, 0.2
2739, -0.3
2740, -0.3
2741, 0.3
2742, 0.1
2743, 0.3
2744, 0.2
2745, 0.2
2746, -0.1
2747, -0.2
2748, 0.0
2749, 0.3
2750, 0.2
2751, -0.1
2752, 0.0
2753, 0.1
2754, 0.1
2755, -0.1
2756, 0.3
2757, 0.1
2758, -0.2
2759, 0.1
2760, -0.2
2761, 0.2
2762, -0.2
2763, -0.1
2764, 0.1
2765, 0.1
2766, 0.3
2767, 0.3
2768, 0.0
2769, -0.1
2770, 0.3
2771, 0.1
2772, -0.6
2773, 0.2
2774, -0.2
2775, 0.0
2776, -0.2
2777, 0.1
2778, 0.0
2779, 0.1
2780, 0.0
2781, -0.2
2782, -0.2
2783, -0.3
2784, -0.3
2785, 0.0
2786, 0.0
2787, 0.3
2788, 0.3
2789, 0.2
2790, 0.2
2791, -0.2
2792, 0.0
2793, 0.0
2794, 0.1
2795, 0.2
2796, 0.2
2797, 0.0
2798, -0.5
2799, 0.2
2800, -0.1
2801, 0.3
2802, 0.3
2803, -0.2
2804, 0.0
2805, 0.2
2806, -0.3
2807, -0.5
2808, 0.1
2809, 0.0
2810, 0.3
2811, 0.0
2812, -0.1
2813, -0.1
2814, -0.4
2815, 0.1
2816, -0.1
2817, 0.0
2818, 0.5
2819, 0.2
2820, 0.1
2821, 0.3
2822, -0.3
2823, 0.1
2824, 0.3
2825, 0.3
2826, -0.1
2827, 0.3
2828, 0.0
2829, 0.0
2830, -0.1
2831, -0.2
2832, -0.2
2833, 0.1
2834, -0.2
2835, -0.1
2836, -0.2
2837, 0.0
2838, 0.3
2839, 0.2
2840, 0.3
2841, 0.0
2842, 0.0
2843, 0.4
2844, -0.4
2845, 0.0
2846, 0.1
2847, -0.5
2848, 0.2
2849, -0.2
2850, -0.2
2851, -0.1
2852, 0.3
2853, 0.4
2854, 0.3
2855, -0.5
2856, -0.1
2857, 0.1
2858, -0.3
2859, 0.1
2860, -0.2
2861, 0.2
2862, -0.1
2863, 0.0
2864, -0.3
2865, 0.3
2866, -0.2
2867, -0.1
2868, -0.2
2869, -0.1
2870, 0.1
2871, 0.0
2872, 0.3
2873, 0.0
2874, 0.0
2875, 0.2
2876, 0.3
2877, 0.3
2878, 0.0
2879, -0.1
2880, -0.4
2881, 0.3
2882, -0.1
2883, 0.0
2884, 0.1
2885, -0.3
2886, -0.4
2887, 0.1
2888, 0.2
2889, 0.2
2890, -0.1
2891, -0.3
2892, -0.2
2893, 0.2
2894, 0.2
2895, 0.3
2896, 0.2
2897, 0.5
2898, -0.3
2899, -0.3
2900, 0.2
2901, -0.3
2902, 0.3
2903, 0.3
2904, 0.3
2905, 0.1
2906, -0.3
2907, 0.0
2908, 0.0
2909, 0.1
2910, 0.1
2911, 0.2
2912, 0.4
2913, 0.0
2914, 0.2
2915, 0.4
2916, 0.1
2917, 0.4
2918, -0.3
2919, 0.2
2920, -0.2
2921, 0.1
2922, 0.1
2923, 0.1
2924, -0.5
2925, 0.3
2926, -0.2
2927, 0.1
2928, -0.1
2929, -0.1
2930, -0.1
2931, 0.2
2932, -0.2
2933, -0.1
2934, -0.1
2935, 0.0
2936, -0.1
2937, 0.1
2938, 0.0
2939, -0.1
2940, 0.2
2941, -0.4
2942, -0.6
2943, 0.0
2944, -0.3
2945, 0.4
2946, 0.1
2947, -0.1
2948, -0.2
2949, 0.0
2950, -0.1
2951, -0.2
2952, -0.3
2953, 0.1
2954, -0.2
2955, 0.1
2956, -0.2
2957, -0.2
2958, 0.3
2959, -0.2
2960, -0.2
2961, -0.1
2962, 0.0
2963, 0.1
2964, 0.2
2965, 0.0
2966, 0.2
2967, 0.3
2968, -0.3
2969, 0.0
2970, 0.3
2971, 0.4
2972, 0.2
2973, 0.0
2974, 0.4
2975, 0.0
2976, 0.2
2977, -0.2
2978, -0.2
2979, 0.1
2980, -0.3
2981, -0.1
2982, 0.2
2983, 0.0
2984, -0.2
2985, 0.3
2986, -0.1
2987, 0.2
2988, -0.1
2989, -0.2
2990, 0.0
2991, 0.0
2992, 0.2
2993, -0.1
2994, 0.2
2995, -0.1
2996, 0.4
2997, 0.1
2998, -0.1
2999, -0.1
3000, 0.1
3001, 0.0
3002, 0.0
3003, -0.3
3004, 0.2
3005, 0.4
3006, 0.1
3007, 0.1
3008, 0.1
3009, -0.1
3010, -0.1
3011, -0.1
3012, 0.4
3013, -0.1
3014, 0.0
3015, 0.0
3016, -0.2
3017, -0.4
3018, 0.0
3019, 0.2
3020, 0.4
3021, 0.3
3022, -0.2
3023, 0.3
3024, -0.1
3025, -0.4
3026, 0.2
3027, 0.0
3028, 0.1
3029, 0.3
3030, 0.3
3031, 0.4
3032, 0.1
3033, 0.0
3034, 0.0
3035, -0.4
3036, -0.2
3037, -0.1
3038, -0.1
3039, -0.5
3040, -0.1
3041, 0.2
3042, 0.1
3043, 0.0
3044, -0.2
3045, -0.2
3046, 0.0
3047, 0.1
3048, -0.1
3049, 0.1
3050, 0.4
3051, -0.1
3052, -0.2
3053, -0.3
3054, 0.1
3055, 0.2
3056, 0.2
3057, -0.1
3058, 0.4
3059, 0.1
3060, -0.1
3061, 0.2
3062, 0.4
3063, 0.4
3064, -0.2
3065, -0.6
3066, 0.2
3067, 0.1
3068, -0.3
3069, -0.1
3070, 0.3
3071, -0.1
3072, 0.3
3073, 0.1
3074, 0.1
3075, -0.4
3076, 0.1
3077, 0.0
3078, 0.0
3079, 0.2
3080, 0.2
3081, 0.3
3082, 0.5
3083, -0.2
3084, -0.1
3085, 0.3
3086, 0.5
3087, 0.4
3088, -0.2
3089, 0.3
3090, 0.2
3091, -0.4
3092, 0.1
3093, 0.1
3094, -0.3
3095, 0.2
3096, 0.2
3097, 0.1
3098, 0.3
3099, 0.3
3100, 0.0
3101, -0.1
3102, 0.2
3103, 0.3
3104, -0.3
3105, 0.0
3106, -0.1
3107, -0.4
3108, 0.2
3109, 0.3
3110, 0.0
3111, 0.0
3112, 0.4
3113, -0.4
3114, -0.2
3115, 0.1
3116, 0.5
3117, 0.3
3118, 0.1
3119, 0.2
3120, -0.3
3121, -0.1
3122, 0.0
3123, 0.1
3124, -0.1
3125, -0.1
3126, 0.3
3127, 0.1
3128, 0.2
3129, 0.1
3130, -0.4
3131, 0.3
3132, 0.2
3133, 0.2
3134, -0.2
3135, -0.3
3136, 0.0
3137, 0.0
3138, 0.2
3139, 0.2
3140, 0.2
3141, 0.1
3142, -0.2
3143, -0.2
3144, 0.3
3145, -0.1
3146, -0.3
3147, 0.1
3148, 0.1
3149, -0.1
3150, 0.0
3151, 0.4
3152, 0.2
3153, 0.0
3154, 0.3
3155, 0.0
3156, -0.3
3157, 0.2
3158, 0.2
3159, 0.3
3160, 0.2
3161, -0.5
3162, -0.1
3163, 0.1
3164, -0.1
3165, -0.2
3166, 0.1
3167, 0.1
3168, 0.0
3169, -0.2
3170, 0.2
3171, 0.4
3172, -0.1
3173, 0.2
3174, -0.2
3175, 0.3
3176, 0.4
3177, -0.3
3178, 0.2
3179, 0.2
3180, -0.1
3181, 0.2
3182, 0.0
3183, -0.1
3184, -0.2
3185, -0.3
3186, 0.0
3187, 0.1
3188, 0.2
3189, -0.3
3190, 0.0
3191, 0.1
3192, -0.2
3193, -0.1
3194, -0.1
3195, 0.3
3196, 0.1
3197, -0.4
3198, 0.0
3199, 0.1
3200, 0.2
3201, 0.3
3202, -0.1
3203, 0.4
3204, 0.1
3205, 0.0
3206, 0.0
3207, -0.4
3208, -0.3
3209, -0.4
3210, -0.1
3211, -0.2
3212, -0.1
3213, -0.3
3214, -0.3
3215, 0.1
3216, -0.1
3217, 0.0
3218, -0.1
3219, 0.2
3220, 0.0
3221, 0.0
3222, 0.0
3223, -0.1
3224, 0.0
3225, 0.0
3226, 0.0
3227, 0.3
3228, -0.2
3229, 0.1
3230, -0.1
3231, 0.2
3232, -0.2
3233, 0.2
3234, -0.1
3235, -0.2
3236, -0.1
3237, 0.0
3238, 0.1
3239, 0.3
3240, 0.2
3241, -0.3
3242, 0.3
3243, -0.2
3244, 0.0
3245, 0.1
3246, 0.3
3247, 0.0
3248, 0.2
3249, -0.1
3250, 0.0
3251, -0.1
3252, 0.0
3253, 0.0
3254, 0.2
3255, -0.2
3256, 0.3
3257, -0.1
3258, -0.2
3259, -0.2
3260, -0.5
3261, -0.3
3262, 0.0
3263, -0.2
3264, 0.4
3265, -0.1
3266, 0.3
3267, 0.2
3268, -0.2
3269, 0.4
3270, 0.0
3271, -0.1
3272, -0.4
3273, 0.1
3274, 0.3
3275, 0.2
3276, 0.2
3277, -0.1
3278, 0.3
3279, 0.0
3280, 0.0
3281, -0.1
3282, 0.2
3283, -0.1
3284, 0.1
3285, 0.2
3286, -0.1
3287, 0.1
3288, -0.1
3289, 0.5
3290, -0.1
3291, -0.4
3292, 0.0
3293, 0.2
3294, 0.3
3295, 0.2
3296, -0.1
3297, -0.2
3298, 0.1
3299, -0.1
3300, 0.1
3301, -0.1
3302, 0.0
3303, 0.1
3304, 0.2
3305, 0.0
3306, -0.3
3307, -0.1
3308, 0.1
3309, -0.1
3310, 0.3
3311, -0.2
3312, -0.5
3313, 0.0
3314, -0.1
3315, 0.1
3316, 0.1
3317, 0.2
3318, -0.2
3319, 0.0
3320, -0.1
3321, -0.1
3322, 0.0
3323, 0.3
3324, -0.1
3325, -0.1
3326, 0.0
3327, 0.0
3328, 0.2
3329, -0.3
3330, 0.5
3331, 0.0
3332, 0.0
3333, 0.2
3334, -0.6
3335, 0.0
3336, -0.2
3337, 0.3
3338, -0.4
3339, 0.2
3340, -0.3
3341, 0.4
3342, -0.1
3343, 0.1
3344, 0.1
3345, 0.2
3346, 0.1
3347, 0.1
3348, 0.3
3349, 0.1
3350, -0.3
3351, -0.4
3352, 0.4
3353, 0.1
3354, -0.4
3355, 0.0
3356, 0.1
3357, 0.1
3358, -0.4
3359, 0.0
3360, -0.1
3361, -0.1
3362, -0.3
3363, -0.1
3364, -0.2
3365, 0.2
3366, 0.2
3367, 0.0
3368, -0.2
3369, 0.4
3370, 0.1
3371, 0.2
3372, -0.6
3373, -0.2
3374, -0.2
3375, -0.5
3376, -0.3
3377, 0.0
3378, 0.1
3379, -0.3
3380, -0.2
3381, -0.1
3382, 0.2
3383, 0.5
3384, 0.1
3385, 0.0
3386, 0.4
3387, -0.2
3388, 0.2
3389, -0.4
3390, 0.1
3391, -0.3
3392, -0.2
3393, 0.0
3394, -0.1
3395, -0.5
3396, -0.3
3397, -0.3
3398, -0.2
3399, 0.3
3400, 0.1
3401, -0.4
3402, 0.2
3403, 0.2
3404, -0.3
3405, -0.1
3406, -0.3
3407, 0.1
3408, -0.2
3409, 0.0
3410, -0.3
3411, 0.2
3412, 0.1
3413, 0.0
3414, 0.0
3415, 0.2
3416, 0.2
3417, 0.0
3418, -0.4
3419, -0.1
3420, 0.3
3421, -0.2
3422, 0.0
3423, -0.2
3424, 0.1
3425, -0.6
3426, 0.3
3427, 0.2
3428, -0.4
3429, -0.2
3430, 0.1
3431, -0.3
3432, -0.1
3433, 0.3
3434, -0.4
3435, -0.4
3436, 0.2
3437, -0.3
3438, 0.3
3439, -0.4
3440, -0.1
3441, -0.1
3442, 0.1
3443, 0.1
3444, -0.3
3445, 0.0
3446, -0.3
3447, -0.4
3448, 0.3
3449, 0.2
3450, -0.2
3451, 0.1
3452, 0.0
3453, -0.1
3454, 0.2
3455, 0.0
3456, 0.1
3457, -0.1
3458, 0.4
3459, 0.2
3460, -0.1
3461, 0.1
3462, -0.1
3463, 0.1
3464, 0.0
3465, -0.1
3466, -0.1
3467, -0.3
3468, 0.4
3469, -0.3
3470, 0.0
3471, -0.4
3472, 0.0
3473, 0.3
3474, -0.1
3475, -0.2
3476, 0.2
3477, -0.2
3478, -0.4
3479, -0.2
3480, -0.1
3481, 0.2
3482, 0.3
3483, 0.1
3484, 0.3
3485, 0.5
3486, 0.0
3487, 0.3
3488, 0.2
3489, 0.2
3490, -0.1
3491, -0.2
3492, -0.1
3493, -0.1
3494, 0.0
3495, 0.0
3496, 0.2
3497, 0.2
3498, -0.1
3499, 0.0
3500, -0.2
3501, -0.4
3502, -0.4
3503, -0.1
3504, 0.0
3505, 0.1
3506, -0.1
3507, 0.1
3508, 0.2
3509, 0.0
3510, -0.1
3511, 0.1
3512, -0.1
3513, -0.5
3514, -0.6
3515, 0.2
3516, 0.0
3517, 0.3
3518, 0.2
3519, 0.3
3520, 0.0
3521, -0.2
3522, 0.1
3523, 0.3
3524, -0.1
3525, -0.1
3526, -0.4
3527, 0.2
3528, -0.1
3529, 0.1
3530, 0.3
3531, -0.2
3532, 0.3
3533, 0.1
3534, 0.0
3535, -0.1
3536, 0.0
3537, 0.3
3538, 0.4
3539, -0.1
3540, 0.3
3541, -0.2
3542, 0.2
3543, 0.1
3544, -0.2
3545, -0.2
3546, -0.2
3547, -0.1
3548, -0.1
3549, -0.2
3550, -0.2
3551, -0.1
3552, -0.1
3553, 0.2
3554, -0.1
3555, -0.2
3556, 0.1
3557, -0.1
3558, -0.3
3559, -0.1
3560, 0.1
3561, -0.2
3562, -0.2
3563, 0.0
3564, 0.1
3565, 0.1
3566, 0.1
3567, 0.3
3568, -0.2
3569, -0.1
3570, 0.1
3571, 0.2
3572, 0.0
3573, 0.3
3574, 0.4
3575, 0.2
3576, -0.3
3577, -0.6
3578, 0.4
3579, 0.0
3580, 0.0
3581, -0.2
3582, 0.1
3583, -0.5
3584, 0.0
3585, -0.1
3586, 0.1
3587, -0.2
3588, -0.1
3589, 0.2
3590, -0.1
3591, 0.1
3592, -0.3
3593, 0.1
3594, 0.2
3595, -0.2
3596, -0.2
3597, 0.1
3598, -0.1
3599, -0.1
3600, 0.0
3601, 0.4
3602, 0.1
3603, -0.2
3604, -0.1
3605, 0.0
3606, 0.0
3607, 0.3
3608, -0.2
3609, 0.1
3610, 0.3
3611, -0.1
3612, 0.1
3613, 0.3
3614, 0.2
3615, -0.2
3616, 0.1
3617, -0.1
3618, 0.0
3619, 0.3
3620, 0.2
3621, -0.3
3622, 0.2
3623, -0.2
3624, 0.4
3625, 0.0
3626, -0.2
3627, 0.1
3628, -0.2
3629, -0.3
3630, 0.2
3631, 0.2
3632, 0.2
3633, 0.1
3634, -0.2
3635, -0.4
3636, -0.1
3637, -0.1
3638, -0.2
3639, -0.2
3640, 0.1
3641, -0.5
3642, 0.0
3643, -0.4
3644, -0.2
3645, -0.1
3646, 0.3
3647, -0.2
3648, 0.4
3649, -0.3
3650, 0.3
3651, -0.1
3652, -0.3
3653, 0.1
3654, 0.1
3655, -0.3
3656, 0.1
3657, 0.1
3658, -0.2
3659, -0.4
3660, 0.0
3661, 0.1
3662, 0.3
3663, -0.2
3664, -0.1
3665, 0.0
3666, 0.3
3667, 0.2
3668, 0.2
3669, 0.0
3670, -0.1
3671, -0.2
3672, 0.3
3673, -0.2
3674, 0.0
3675, 0.1
3676, 0.1
3677, 0.0
3678, 0.0
3679, 0.2
3680, -0.4
3681, 0.1
3682, 0.2
3683, -0.5
3684, 0.1
3685, -0.1
3686, 0.0
3687, -0.2
3688, -0.3
3689, -0.1
3690, 0.2
3691, 0.0
3692, 0.0
3693, -0.3
3694, 0.0
3695, 0.2
3696, -0.1
3697, -0.2
3698, 0.2
3699, 0.1
3700, 0.3
3701, 0.5
3702, 0.3
3703, -0.3
3704, 0.0
3705, 0.1
3706, 0.2
3707, 0.1
3708, 0.1
3709, -0.1
3710, -0.1
3711, 0.2
3712, 0.1
3713, -0.4
3714, 0.2
3715, -0.1
3716, -0.5
3717, -0.1
3718, 0.2
3719, 0.2
3720, 0.3
3721, -0.1
3722, 0.0
3723, 0.2
3724, -0.3
3725, 0.1
3726, 0.4
3727, -0.2
3728, 0.2
3729, -0.3
3730, 0.2
3731, -0.1
3732, 0.2
3733, 0.2
3734, 0.1
3735, -0.5
3736, -0.1
3737, 0.5
3738, -0.1
3739, -0.1
3740, 0.0
3741, 0.3
3742, 0.0
3743, -0.3
3744, 0.3
3745, -0.4
3746, 0.1
3747, -0.4
3748, 0.1
3749, -0.1
3750, 0.2
3751, 0.2
3752, -0.7
3753, -0.2
3754, 0.3
3755, 0.4
3756, 0.0
3757, 0.0
3758, 0.0
3759, -0.1
3760, -0.1
3761, -0.4
3762, -0.1
3763, 0.2
3764, -0.4
3765, -0.2
3766, 0.1
3767, -0.1
3768, -0.3
3769, 0.2
3770, -0.3
3771, -0.3
3772, -0.3
3773, -0.5
3774, 0.1
3775, 0.0
3776, -0.1
3777, -0.5
3778, 0.1
3779, 0.4
3780, -0.1
3781, 0.1
3782, 0.1
3783, 0.3
3784, 0.2
3785, 0.2
3786, 0.3
3787, 0.1
3788, 0.4
3789, 0.0
3790, -0.2
3791, -0.2
3792, 0.1
3793, 0.0
3794, -0.4
3795, 0.0
3796, -0.3
3797, -0.3
3798, -0.4
3799, -0.2
3800, -0.3
3801, 0.3
3802, 0.2
3803, 0.3
3804, -0.3
3805, -0.2
3806, -0.1
3807, -0.1
3808, -0.1
3809, -0.2
3810, 0.2
3811, 0.2
3812, 0.0
3813, 0.2
3814, 0.0
3815, -0.1
3816, 0.0
3817, 0.0
3818, -0.1
3819, 0.3
3820, 0.4
3821, 0.1
3822, -0.4
3823, -0.2
3824, 0.0
3825, 0.1
3826, 0.0
3827, 0.3
3828, 0.0
3829, -0.3
3830, -0.3
3831, 0.3
3832, 0.2
3833, 0.3
3834, 0.1
3835, -0.3
3836, 0.1
3837, 0.1
3838, 0.0
3839, 0.2
3840, -0.2
3841, -0.2
3842, -0.2
3843, 0.3
3844, 0.2
3845, -0.2
3846, 0.2
3847, 0.1
3848, 0.2
3849, -0.1
3850, -0.1
3851, 0.2
3852, -0.2
3853, 0.0
3854, -0.2
3855, 0.0
3856, 0.0
3857, -0.1
3858, -0.4
3859, -0.1
3860, 0.2
3861, 0.1
3862, 0.0
3863, 0.2
3864, 0.2
3865, -0.3
3866, -0.2
3867, -0.1
3868, 0.0
3869, -0.3
3870, 0.0
3871, 0.1
3872, -0.1
3873, 0.1
3874, 0.4
3875, -0.1
3876, 0.3
3877, 0.1
3878, -0.5
3879, -0.3
3880, -0.1
3881, -0.4
3882, 0.0
3883, 0.0
3884, 0.0
3885, 0.3
3886, -0.1
3887, 0.1
3888, 0.0
3889, 0.2
3890, 0.0
3891, -0.1
3892, 0.2
3893, -0.1
3894, 0.1
3895, 0.1
3896, 0.1
3897, 0.4
3898, -0.2
3899, 0.1
3900, 0.2
3901, -0.1
3902, 0.0
3903, -0.2
3904, 0.4
3905, -0.2
3906, -0.1
3907, 0.0
3908, 0.0
3909, -0.2
3910, 0.0
3911, 0.0
3912, 0.4
3913, 0.3
3914, -0.2
3915, 0.1
3916, 0.1
3917, 0.3
3918, -0.2
3919, -0.4
3920, 0.2
3921, 0.0
3922, -0.3
3923, -0.1
3924, 0.0
3925, 0.0
3926, 0.0
3927, -0.1
3928, 0.1
3929, 0.3
3930, 0.1
3931, -0.1
3932, 0.0
3933, 0.0
3934, 0.1
3935, -0.1
3936, -0.4
3937, 0.1
3938, -0.1
3939, -0.1
3940, -0.2
3941, -0.4
3942, 0.1
3943, -0.3
3944, -0.2
3945, -0.2
3946, -0.1
3947, 0.1
3948, -0.2
3949, -0.4
3950, 0.3
3951, 0.2
3952, 0.2
3953, 0.4
3954, -0.1
3955, -0.1
3956, 0.1
3957, 0.2
3958, 0.0
3959, 0.2
3960, 0.2
3961, 0.1
3962, -0.1
3963, -0.1
3964, 0.2
3965, 0.0
3966, 0.3
3967, -0.4
3968, -0.4
3969, 0.1
3970, -0.4
3971, 0.1
3972, -0.1
3973, 0.2
3974, 0.5
3975, 0.5
3976, 0.2
3977, 0.3
3978, 0.2
3979, 0.2
3980, 0.0
3981, -0.1
3982, -0.3
3983, 0.1
3984, 0.1
3985, -0.1
3986, -0.3
3987, 0.0
3988, -0.1
3989, 0.5
3990, 0.1
3991, 0.0
3992, 0.0
3993, 0.0
3994, 0.5
3995, 0.3
3996, 0.1
3997, 0.4
3998, -0.4
3999, 0.0
