0, 0.2
1, -0.5
2, -0.2
3, -0.1
4, -0.1
5, 0.0
6, -0.2
7, -0.1
8, -0.1
9, -0.2
10, 0.2
11, -0.4
12, 0.5
13, -0.2
14, -0.5
15, -0.2
16, 0.1
17, 0.2
18, 0.4
19, -0.2
20, 0.5
21, -0.1
22, -0.4
23, -0.4
24, -0.1
25, -0.1
26, -0.1
27, 0.1
28, 0.3
29, 0.3
30, -0.5
31, 0.3
32, -0.3
33, 0.1
34, -0.1
35, 0.4
36, -0.2
37, 0.4
38, 0.4
39, 0.2
40, 0.1
41, 0.1
42, -0.5
43, -0.1
44, -0.4
45, 0.2
46, -0.1
47, 0.5
48, 0.0
49, -0.2
50, 0.1
51, 0.4
52, 0.1
53, 0.3
54, 0.0
55, -0.2
56, -0.3
57, 0.3
58, -0.1
59, 0.0
60, -0.2
61, 0.0
62, -0.3
63, -0.2
64, 0.2
65, 0.1
66, 0.4
67, -0.2
68, 0.0
69, 0.1
70, 0.2
71, -0.2
72, -0.2
73, 0.2
74, -0.1
75, 0.1
76, -0.2
77, -0.1
78, 0.4
79, 0.0
80, 0.2
81, 0.0
82, -0.3
83, -0.2
84, -0.5
85, -0.6
86, -0.1
87, -0.1
88, 0.2
89, -0.2
90, 0.0
91, -0.4
92, 0.0
93, 0.2
94, 0.1
95, -0.2
96, 0.2
97, -0.1
98, -0.1
99, 0.0
100, -0.3
101, 0.2
102, -0.2
103, 0.0
104, 0.0
105, -0.3
106, 0.3
107, -0.1
108, 0.3
109, -0.1
110, 0.0
111, 0.1
112, 0.1
113, 0.2
114, -0.1
115, 0.1
116, 0.0
117, 0.0
118, 0.0
119, 0.1
120, 0.2
121, -0.3
122, 0.3
123, -0.1
124, 0.0
125, 0.1
126, -0.1
127, -0.2
128, -0.4
129, 0.4
130, -0.6
131, 0.0
132, 0.3
133, -0.4
134, 0.0
135, 0.2
136, 0.4
137, -0.1
138, 0.1
139, 0.4
140, 0.0
141, 0.3
142, 0.0
143, -0.2
144, 0.0
145, 0.3
146, -0.1
147, -0.3
148, 0.2
149, -0.2
150, -0.1
151, -0.1
152, -0.1
153, -0.1
154, 0.0
155, -0.1
156, 0.1
157, 0.1
158, 0.1
159, -0.2
160, 0.3
161, 0.2
162, -0.2
163, -0.2
164, 0.1
165, -0.3
166, -0.1
167, 0.2
168, 0.0
169, 0.0
170, 0.3
171, 0.1
172, 0.4
173, 0.2
174, 0.3
175, 0.4
176, -0.2
177, 0.3
178, -0.2
179, 0.5
180, 0.4
181, -0.1
182, 0.1
183, 0.0
184, -0.1
185, 0.2
186, 0.2
187, -0.1
188, 0.2
189, -0.1
190, 0.5
191, -0.2
192, 0.0
193, -0.1
194, -0.2
195, -0.3
196, -0.3
197, 0.5
198, -0.3
199, -0.3
200, 0.2
201, -0.5
202, 0.0
203, 0.0
204, -0.2
205, -0.2
206, 0.2
207, -0.4
208, -0.3
209, 0.1
210, 0.1
211, -0.2
212, -0.1
213, 0.0
214, 0.1
215, 0.1
216, 0.0
217, 0.2
218, 0.3
219, 0.2
220, 0.1
221, 0.0
222, 0.0
223, 0.0
224, -0.3
225, 0.1
226, 0.0
227, -0.4
228, 0.1
229, -0.1
230, -0.2
231, -0.3
232, 0.3
233, 0.1
234, -0.2
235, -0.1
236, 0.2
237, 0.0
238, -0.3
239, -0.2
240, -0.1
241, 0.0
242, -0.2
243, 0.0
244, -0.2
245, -0.2
246, -0.3
247, -0.4
248, -0.1
249, 0.0
250, -0.3
251, 0.2
252, 0.1
253, 0.2
254, 0.3
255, -0.1
256, 0.3
257, 0.4
258, -0.7
259, -0.2
260, -0.2
261, -0.4
262, 0.1
263, 0.0
264, -0.1
265, 0.1
266, 0.4
267, 0.0
268, -0.1
269, 0.1
270, -0.1
271, -0.2
272, -0.1
273, 0.1
274, 0.0
275, 0.0
276, 0.2
277, 0.3
278, -0.3
279, -0.2
280, 0.2
281, 0.1
282, 0.4
283, 0.2
284, -0.2
285, 0.1
286, 0.0
287, 0.2
288, -0.3
289, 0.4
290, -0.1
291, 0.1
292, 0.4
293, -0.2
294, 0.2
295, 0.1
296, 0.2
297, 0.4
298, 0.0
299, 0.0
300, 0.3
301, -0.1
302, -0.5
303, -0.1
304, 0.1
305, 0.3
306, 0.0
307, -0.1
308, 0.2
309, 0.0
310, -0.2
311, 0.0
312, -0.3
313, 0.1
314, 0.0
315, -0.2
316, 0.0
317, -0.1
318, -0.1
319, 0.0
320, 0.3
321, 0.1
322, -0.2
323, 0.0
324, 0.3
325, 0.3
326, 0.0
327, 0.5
328, -0.1
329, 0.3
330, -0.2
331, 0.2
332, 0.3
333, -0.5
334, 0.0
335, -0.1
336, 0.1
337, 0.0
338, -0.1
339, 0.1
340, -0.3
341, -0.5
342, 0.0
343, -0.1
344, 0.2
345, -0.4
346, 0.1
347, 0.2
348, 0.1
349, 0.1
350, 0.3
351, -0.2
352, -0.3
353, -0.3
354, -0.1
355, 0.0
356, -0.1
357, 0.3
358, 0.2
359, 0.0
360, 0.4
361, -0.5
362, 0.0
363, 0.0
364, 0.1
365, -0.1
366, 0.2
367, 0.0
368, 0.3
369, -0.2
370, 0.2
371, -0.1
372, 0.1
373, 0.2
374, -0.1
375, 0.2
376, 0.1
377, -0.1
378, 0.2
379, 0.0
380, 0.0
381, 0.2
382, -0.1
383, 0.4
384, -0.1
385, 0.1
386, 0.3
387, -0.2
388, 0.2
389, -0.2
390, -0.2
391, 0.1
392, -0.2
393, 0.1
394, 0.1
395, -0.1
396, -0.4
397, -0.5
398, 0.2
399, 0.1
400, 0.1
401, -0.1
402, -0.1
403, 0.1
404, 0.0
405, -0.1
406, 0.1
407, -0.1
408, 0.2
409, -0.2
410, 0.0
411, -0.2
412, 0.0
413, -0.1
414, 0.1
415, 0.2
416, 0.0
417, -0.1
418, -0.1
419, 0.1
420, -0.2
421, 0.4
422, 0.1
423, -0.2
424, -0.1
425, 0.0
426, 0.2
427, 0.3
428, 0.1
429, -0.3
430, 0.1
431, 0.1
432, 0.1
433, -0.4
434, 0.0
435, 0.2
436, -0.1
437, 0.0
438, 0.2
439, 0.2
440, 0.4
441, 0.2
442, -0.2
443, -0.4
444, -0.1
445, 0.2
446, 0.0
447, 0.2
448, 0.3
449, -0.1
450, -0.7
451, 0.1
452, -0.4
453, 0.3
454, -0.3
455, 0.0
456, 0.3
457, -0.3
458, -0.4
459, 0.0
460, 0.1
461, -0.1
462, -0.1
463, -0.2
464, 0.0
465, 0.0
466, -0.4
467, -0.1
468, 0.1
469, -0.1
470, 0.0
471, 0.1
472, -0.1
473, 0.0
474, 0.2
475, 0.1
476, 0.1
477, 0.3
478, -0.1
479, 0.1
480, 0.0
481, -0.2
482, -0.1
483, 0.2
484, 0.1
485, 0.2
486, -0.5
487, 0.1
488, 0.2
489, 0.3
490, -0.5
491, 0.2
492, -0.4
493, 0.1
494, -0.2
495, 0.2
496, 0.2
497, -0.3
498, 0.0
499, 0.2
500, -0.1
501, 0.2
502, 0.0
503, -0.1
504, -0.2
505, 0.0
506, 0.0
507, -0.4
508, 0.2
509, -0.1
510, 0.1
511, 0.0
512, 0.0
513, 0.4
514, -0.2
515, -0.2
516, 0.3
517, 0.0
518, 0.0
519, -0.1
520, 0.5
521, 0.2
522, -0.1
523, 0.1
524, 0.4
525, -0.1
526, 0.2
527, 0.1
528, 0.4
529, -0.2
530, 0.0
531, 0.4
532, 0.1
533, 0.1
534, -0.3
535, -0.4
536, 0.2
537, 0.3
538, 0.2
539, -0.3
540, -0.2
541, -0.2
542, 0.3
543, 0.0
544, -0.4
545, -0.2
546, 0.3
547, 0.1
548, 0.2
549, 0.0
550, 0.0
551, -0.3
552, 0.0
553, 0.1
554, -0.2
555, -0.3
556, 0.0
557, 0.1
558, -0.1
559, -0.2
560, -0.1
561, -0.1
562, -0.1
563, 0.2
564, 0.1
565, 0.3
566, 0.5
567, 0.0
568, -0.2
569, 0.2
570, 0.1
571, -0.1
572, 0.2
573, 0.1
574, 0.1
575, -0.2
576, 0.2
577, 0.3
578, -0.8
579, 0.1
580, -0.5
581, 0.0
582, -0.3
583, -0.3
584, 0.1
585, -0.2
586, 0.1
587, 0.2
588, 0.1
589, 0.3
590, 0.0
591, 0.3
592, -0.1
593, -0.6
594, 0.3
595, 0.0
596, 0.0
597, -0.1
598, 0.2
599, -0.1
600, -0.1
601, -0.3
602, 0.3
603, 0.2
604, -0.3
605, -0.2
606, 0.2
607, -0.4
608, -0.1
609, -0.3
610, 0.2
611, -0.3
612, 0.1
613, 0.0
614, 0.5
615, 0.1
616, -0.1
617, -0.1
618, -0.2
619, -0.3
620, 0.0
621, 0.2
622, -0.3
623, -0.1
624, -0.1
625, 0.1
626, -0.2
627, 0.0
628, -0.4
629, 0.0
630, -0.3
631, 0.2
632, -0.3
633, 0.0
634, -0.6
635, 0.2
636, 0.2
637, 0.0
638, -0.2
639, 0.3
640, -0.3
641, 0.2
642, -0.2
643, -0.2
644, -0.2
645, 0.0
646, -0.2
647, 0.4
648, 0.2
649, 0.0
650, -0.2
651, 0.5
652, 0.1
653, 0.1
654, -0.4
655, 0.0
656, -0.1
657, 0.2
658, -0.1
659, -0.2
660, 0.1
661, -0.6
662, 0.0
663, -0.5
664, -0.5
665, -0.2
666, 0.2
667, 0.1
668, 0.2
669, 0.1
670, -0.3
671, -0.2
672, 0.3
673, 0.0
674, -0.1
675, 0.2
676, 0.0
677, 0.1
678, 0.3
679, -0.2
680, -0.2
681, -0.3
682, -0.1
683, 0.2
684, 0.2
685, 0.2
686, 0.0
687, -0.4
688, 0.2
689, -0.3
690, 0.4
691, -0.2
692, 0.1
693, 0.2
694, 0.1
695, 0.2
696, -0.5
697, -0.3
698, 0.1
699, 0.3
700, 0.2
701, 0.1
702, -0.4
703, 0.0
704, -0.1
705, -0.3
706, 0.2
707, 0.0
708, 0.5
709, -0.2
710, -0.2
711, 0.2
712, 0.1
713, 0.1
714, 0.3
715, 0.1
716, 0.0
717, -0.1
718, 0.2
719, 0.2
720, -0.2
721, 0.1
722, -0.1
723, -0.1
724, -0.3
725, 0.1
726, 0.0
727, -0.2
728, 0.0
729, 0.2
730, 0.1
731, 0.1
732, 0.2
733, -0.3
734, -0.1
735, -0.2
736, 0.3
737, -0.1
738, -0.4
739, -0.2
740, 0.0
741, -0.2
742, 0.3
743, -0.1
744, 0.2
745, 0.2
746, 0.2
747, 0.0
748, 0.2
749, -0.2
750, -0.1
751, 0.0
752, 0.3
753, -0.1
754, -0.1
755, -0.1
756, -0.3
757, 0.2
758, 0.4
759, 0.1
760, 0.0
761, -0.2
762, 0.2
763, -0.6
764, 0.3
765, -0.1
766, -0.3
767, 0.2
768, -0.3
769, -0.1
770, 0.1
771, 0.3
772, -0.5
773, -0.1
774, 0.3
775, -0.1
776, 0.2
777, 0.0
778, -0.4
779, 0.2
780, -0.3
781, 0.0
782, 0.2
783, -0.2
784, 0.0
785, 0.0
786, -0.2
787, -0.2
788, 0.1
789, 0.1
790, -0.4
791, 0.1
792, 0.0
793, 0.1
794, 0.3
795, 0.3
796, 0.0
797, 0.0
798, 0.0
799, 0.1
800, -0.1
801, -0.1
802, 0.3
803, 0.1
804, 0.2
805, 0.3
806, 0.1
807, -0.2
808, 0.2
809, 0.4
810, -0.2
811, 0.2
812, 0.1
813, -0.4
814, 0.1
815, -0.1
816, 0.3
817, -0.2
818, -0.4
819, -0.2
820, 0.2
821, -0.2
822, -0.2
823, -0.3
824, -0.1
825, 0.1
826, 0.2
827, 0.2
828, -0.1
829, -0.6
830, 0.0
831, -0.4
832, -0.1
833, 0.3
834, 0.0
835, 0.3
836, 0.1
837, 0.1
838, 0.3
839, 0.2
840, 0.3
841, -0.1
842, 0.2
843, -0.2
844, 0.0
845, 0.2
846, 0.2
847, 0.0
848, -0.1
849, 0.1
850, 0.2
851, 0.3
852, -0.1
853, 0.2
854, -0.2
855, 0.0
856, -0.2
857, 0.0
858, 0.1
859, -0.1
860, 0.3
861, 0.0
862, 0.1
863, -0.1
864, -0.4
865, 0.3
866, 0.0
867, 0.1
868, 0.4
869, 0.1
870, 0.1
871, 0.5
872, 0.0
873, -0.1
874, -0.2
875, 0.1
876, -0.2
877, 0.1
878, -0.5
879, 0.0
880, -0.2
881, 0.1
882, 0.2
883, -0.6
884, -0.2
885, 0.0
886, 0.3
887, 0.5
888, 0.0
889, 0.1
890, 0.2
891, 0.1
892, 0.3
893, -0.1
894, -0.2
895, -0.1
896, 0.0
897, -0.3
898, 0.1
899, 0.1
900, 0.1
901, -0.4
902, 0.3
903, -0.1
904, 0.0
905, 0.4
906, -0.2
907, -0.3
908, 0.0
909, 0.0
910, 0.0
911, -0.1
912, -0.4
913, 0.2
914, 0.1
915, 0.2
916, -0.3
917, 0.1
918, -0.2
919, -0.3
920, 0.0
921, 0.0
922, -0.4
923, 0.1
924, -0.2
925, 0.0
926, -0.2
927, -0.2
928, -0.2
929, 0.5
930, 0.1
931, 0.3
932, 0.3
933, 0.2
934, 0.2
935, 0.3
936, 0.0
937, -0.2
938, 0.3
939, -0.2
940, 0.2
941, -0.2
942, 0.1
943, 0.3
944, 0.2
945, 0.3
946, 0.0
947, -0.2
948, 0.2
949, -0.2
950, -0.2
951, 0.1
952, -0.1
953, -0.1
954, 0.1
955, 0.1
956, -0.1
957, -0.3
958, 0.3
959, 0.4
960, -0.4
961, 0.3
962, 0.1
963, -0.2
964, 0.3
965, -0.3
966, -0.4
967, -0.2
968, -0.2
969, -0.2
970, -0.1
971, 0.4
972, 0.1
973, 0.2
974, 0.1
975, 0.3
976, 0.0
977, 0.2
978, 0.0
979, 0.0
980, 0.2
981, 0.0
982, 0.2
983, 0.3
984, 0.4
985, -0.2
986, -0.4
987, 0.4
988, 0.0
989, -0.5
990, 0.2
991, 0.3
992, 0.0
993, -0.3
994, -0.3
995, -0.1
996, 0.2
997, 0.0
998, 0.0
999, 0.1
1000, 0.3
1001, -0.2
1002, -0.2
1003, 0.1
1004, 0.0
1005, 0.3
1006, -0.1
1007, 0.1
1008, 0.3
1009, 0.2
1010, -0.2
1011, -0.1
1012, 0.5
1013, -0.1
1014, 0.3
1015, -0.2
1016, 0.1
1017, 0.0
1018, 0.2
1019, -0.2
1020, 0.0
1021, -0.3
1022, -0.4
1023, 0.3
1024, -0.2
1025, 0.1
1026, 0.2
1027, -0.1
1028, -0.3
1029, 0.0
1030, -0.4
1031, 0.5
1032, -0.5
1033, 0.3
1034, 0.1
1035, -0.1
1036, 0.3
1037, 0.0
1038, 0.3
1039, -0.4
1040, 0.0
1041, -0.1
1042, -0.2
1043, 0.3
1044, 0.1
1045, 0.4
1046, 0.1
1047, -0.1
1048, 0.0
1049, -0.2
1050, 0.2
1051, -0.1
1052, 0.3
1053, -0.1
1054, -0.4
1055, -0.1
1056, 0.1
1057, 0.2
1058, 0.1
1059, -0.2
1060, 0.1
1061, -0.3
1062, -0.2
1063, -0.3
1064, 0.2
1065, 0.0
1066, -0.1
1067, 0.1
1068, 0.0
1069, 0.2
1070, 0.4
1071, 0.1
1072, 0.0
1073, 0.2
1074, 0.4
1075, 0.0
1076, 0.0
1077, 0.0
1078, 0.2
1079, 0.0
1080, 0.0
1081, 0.1
1082, 0.1
1083, -0.3
1084, 0.1
1085, 0.2
1086, 0.4
1087, 0.0
1088, 0.1
1089, 0.4
1090, -0.2
1091, 0.2
1092, 0.1
1093, 0.0
1094, 0.0
1095, 0.2
1096, -0.1
1097, 0.0
1098, 0.1
1099, 0.0
1100, -0.3
1101, 0.1
1102, -0.6
1103, 0.1
1104, 0.0
1105, 0.0
1106, 0.0
1107, 0.3
1108, -0.1
1109, -0.1
1110, 0.2
1111, 0.4
1112, 0.1
1113, -0.2
1114, -0.1
1115, 0.1
1116, 0.4
1117, -0.4
1118, -0.1
1119, 0.1
1120, -0.4
1121, -0.4
1122, 0.0
1123, 0.1
1124, 0.0
1125, 0.0
1126, -0.1
1127, 0.2
1128, 0.4
1129, 0.2
1130, 0.1
1131, 0.0
1132, 0.0
1133, 0.3
1134, 0.0
1135, 0.1
1136, -0.2
1137, -0.3
1138, 0.0
1139, 0.0
1140, 0.2
1141, 0.1
1142, -0.1
1143, 0.0
1144, -0.1
1145, 0.2
1146, 0.2
1147, -0.1
1148, 0.1
1149, 0.0
1150, 0.0
1151, 0.0
1152, 0.0
1153, -0.3
1154, 0.2
1155, -0.4
1156, -0.1
1157, 0.0
1158, -0.2
1159, 0.3
1160, -0.3
1161, 0.1
1162, 0.1
1163, 0.2
1164, 0.0
1165, 0.1
1166, 0.2
1167, -0.1
1168, 0.2
1169, 0.0
1170, 0.4
1171, -0.2
1172, 0.4
1173, 0.0
1174, 0.0
1175, -0.1
1176, 0.2
1177, -0.1
1178, -0.3
1179, -0.4
1180, -0.2
1181, 0.2
1182, 0.1
1183, -0.7
1184, -0.2
1185, 0.3
1186, -0.2
1187, 0.1
1188, 0.0
1189, -0.1
1190, -0.3
1191, -0.1
1192, -0.1
1193, 0.1
1194, 0.1
1195, 0.0
1196, -0.2
1197, 0.1
1198, -0.2
1199, 0.1
1200, 0.0
1201, 0.3
1202, 0.2
1203, 0.1
1204, 0.3
1205, -0.1
1206, -0.1
1207, 0.3
1208, 0.2
1209, 0.3
1210, 0.4
1211, -0.2
1212, -0.5
1213, -0.2
1214, 0.1
1215, 0.2
1216, 0.1
1217, 0.1
1218, -0.2
1219, 0.0
1220, 0.2
1221, 0.1
1222, -0.1
1223, -0.1
1224, 0.1
1225, -0.4
1226, -0.1
1227, 0.2
1228, -0.4
1229, -0.2
1230, -0.3
1231, -0.3
1232, -0.4
1233, -0.5
1234, 0.3
1235, -0.1
1236, 0.4
1237, 0.4
1238, 0.1
1239, 0.0
1240, 0.0
1241, -0.1
1242, -0.2
1243, 0.1
1244, 0.2
1245, 0.2
1246, 0.0
1247, -0.1
1248, -0.4
1249, -0.6
1250, -0.6
1251, -0.2
1252, 0.2
1253, 0.1
1254, -0.2
1255, 0.1
1256, -0.2
1257, -0.2
1258, 0.3
1259, -0.1
1260, -0.3
1261, 0.1
1262, 0.3
1263, 0.5
1264, 0.2
1265, 0.3
1266, 0.0
1267, 0.0
1268, -0.3
1269, -0.1
1270, -0.5
1271, 0.1
1272, -0.3
1273, 0.0
1274, -0.3
1275, 0.3
1276, 0.2
1277, 0.1
1278, -0.1
1279, 0.1
1280, -0.1
1281, -0.1
1282, 0.3
1283, -0.2
1284, -0.2
1285, 0.5
1286, -0.3
1287, 0.3
1288, -0.4
1289, 0.1
1290, 0.1
1291, -0.1
1292, 0.0
1293, -0.6
1294, -0.1
1295, -0.2
1296, -0.3
1297, -0.3
1298, 0.1
1299, 0.1
1300, 0.0
1301, 0.1
1302, 0.0
1303, 0.2
1304, -0.4
1305, -0.2
1306, 0.2
1307, 0.2
1308, 0.1
1309, -0.4
1310, 0.4
1311, 0.2
1312, 0.0
1313, -0.5
1314, 0.1
1315, 0.1
1316, -0.3
1317, 0.5
1318, 0.2
1319, -0.1
1320, 0.1
1321, 0.1
1322, 0.2
1323, -0.4
1324, -0.3
1325, 0.2
1326, -0.4
1327, -0.2
1328, 0.1
1329, 0.5
1330, 0.2
1331, 0.3
1332, 0.0
1333, 0.2
1334, 0.1
1335, 0.1
1336, 0.0
1337, 0.0
1338, 0.0
1339, 0.4
1340, 0.1
1341, -0.2
1342, 0.0
1343, 0.2
1344, 0.1
1345, 0.0
1346, 0.2
1347, -0.2
1348, -0.1
1349, 0.1
1350, 0.3
1351, -0.1
1352, -0.1
1353, -0.1
1354, 0.4
1355, 0.2
1356, 0.0
1357, -0.2
1358, 0.0
1359, -0.1
1360, 0.1
1361, 0.0
1362, -0.1
1363, 0.3
1364, 0.2
1365, 0.2
1366, 0.2
1367, 0.2
1368, -0.2
1369, 0.0
1370, -0.2
1371, -0.2
1372, 0.0
1373, -0.3
1374, -0.4
1375, 0.4
1376, 0.2
1377, 0.3
1378, 0.4
1379, 0.0
1380, -0.1
1381, 0.0
1382, -0.1
1383, -0.2
1384, 0.3
1385, -0.2
1386, -0.3
1387, -0.2
1388, 0.4
1389, 0.0
1390, 0.3
1391, -0.5
1392, -0.1
1393, 0.1
1394, 0.1
1395, -0.2
1396, 0.3
1397, -0.1
1398, 0.1
1399, 0.1
1400, -0.1
1401, -0.2
1402, -0.1
1403, -0.3
1404, -0.1
1405, 0.1
1406, -0.4
1407, 0.0
1408, 0.3
1409, -0.4
1410, -0.1
1411, -0.2
1412, 0.1
1413, 0.2
1414, -0.1
1415, 0.2
1416, -0.3
1417, 0.0
1418, -0.2
1419, 0.0
1420, 0.3
1421, -0.2
1422, 0.5
1423, 0.2
1424, 0.1
1425, 0.0
1426, -0.4
1427, 0.3
1428, 0.0
1429, -0.2
1430, 0.1
1431, 0.0
1432, 0.3
1433, -0.3
1434, 0.1
1435, 0.0
1436, -0.3
1437, 0.2
1438, -0.4
1439, 0.2
1440, 0.3
1441, -0.1
1442, 0.2
1443, 0.0
1444, 0.2
1445, 0.3
1446, 0.2
1447, 0.2
1448, 0.1
1449, 0.1
1450, 0.3
1451, 0.3
1452, 0.0
1453, -0.4
1454, -0.6
1455, 0.2
1456, -0.1
1457, 0.0
1458, 0.0
1459, -0.1
1460, 0.3
1461, -0.2
1462, -0.1
1463, 0.0
1464, 0.1
1465, -0.5
1466, -0.2
1467, 0.4
1468, 0.0
1469, -0.1
1470, 0.2
1471, 0.2
1472, 0.1
1473, 0.1
1474, -0.1
1475, -0.2
1476, 0.1
1477, 0.2
1478, -0.1
1479, -0.1
1480, -0.1
1481, -0.1
1482, 0.5
1483, -0.3
1484, 0.1
1485, -0.4
1486, 0.3
1487, 0.2
1488, 0.3
1489, -0.2
1490, 0.3
1491, -0.2
1492, 0.0
1493, -0.1
1494, 0.0
1495, -0.2
1496, 0.0
1497, 0.3
1498, 0.3
1499, 0.0
1500, 0.4
1501, 0.3
1502, -0.6
1503, 0.3
1504, 0.2
1505, -0.3
1506, -0.2
1507, 0.1
1508, 0.0
1509, 0.1
1510, 0.2
1511, -0.1
1512, -0.4
1513, -0.2
1514, -0.2
1515, 0.2
1516, 0.1
1517, 0.1
1518, 0.1
1519, -0.1
1520, 0.2
1521, -0.1
1522, 0.2
1523, 0.1
1524, 0.3
1525, 0.2
1526, -0.3
1527, -0.4
1528, -0.1
1529, -0.3
1530, 0.3
1531, 0.2
1532, 0.3
1533, 0.4
1534, 0.3
1535, 0.0
1536, 0.2
1537, -0.3
1538, -0.4
1539, 0.0
1540, -0.4
1541, 0.0
1542, -0.2
1543, 0.2
1544, 0.2
1545, -0.2
1546, 0.2
1547, -0.1
1548, -0.2
1549, 0.4
1550, 0.2
1551, -0.3
1552, -0.4
1553, 0.0
1554, 0.3
1555, 0.1
1556, 0.1
1557, 0.0
1558, 0.3
1559, 0.0
1560, -0.4
1561, 0.2
1562, -0.2
1563, 0.1
1564, -0.2
1565, -0.1
1566, 0.0
1567, 0.1
1568, 0.0
1569, 0.2
1570, 0.1
1571, 0.0
1572, -0.3
1573, 0.2
1574, 0.0
1575, 0.0
1576, 0.0
1577, 0.2
1578, -0.1
1579, -0.1
1580, -0.2
1581, 0.2
1582, 0.2
1583, -0.1
1584, 0.1
1585, 0.0
1586, -0.2
1587, -0.4
1588, -0.2
1589, 0.0
1590, -0.4
1591, 0.1
1592, 0.0
1593, 0.4
1594, 0.0
1595, -0.2
1596, 0.2
1597, -0.3
1598, 0.2
1599, 0.1
1600, 0.1
1601, 0.0
1602, -0.2
1603, -0.2
1604, 0.0
1605, -0.1
1606, 0.0
1607, -0.4
1608, 0.4
1609, -0.7
1610, -0.1
1611, 0.3
1612, -0.2
1613, 0.1
1614, 0.2
1615, -0.2
1616, -0.2
1617, -0.3
1618, 0.2
1619, 0.1
1620, 0.1
1621, -0.1
1622, -0.1
1623, -0.1
1624, -0.2
1625, 0.0
1626, 0.2
1627, -0.7
1628, 0.0
1629, 0.2
1630, 0.0
1631, 0.1
1632, -0.1
1633, -0.1
1634, -0.2
1635, 0.1
1636, 0.3
1637, 0.4
1638, 0.3
1639, 0.3
1640, 0.2
1641, -0.1
1642, 0.1
1643, 0.2
1644, -0.2
1645, -0.5
1646, 0.0
1647, 0.1
1648, 0.2
1649, -0.1
1650, 0.1
1651, -0.1
1652, 0.3
1653, 0.4
1654, 0.1
1655, 0.1
1656, -0.5
1657, -0.3
1658, 0.0
1659, 0.0
1660, 0.2
1661, -0.4
1662, -0.2
1663, 0.2
1664, -0.5
1665, 0.0
1666, 0.2
1667, -0.2
1668, 0.1
1669, 0.1
1670, -0.1
1671, -0.1
1672, 0.1
1673, -0.2
1674, 0.2
1675, 0.0
1676, -0.1
1677, 0.0
1678, 0.0
1679, 0.0
1680, 0.2
1681, 0.1
1682, 0.0
1683, -0.1
1684, -0.1
1685, -0.1
1686, 0.0
1687, 0.3
1688, -0.3
1689, -0.1
1690, 0.3
1691, 0.0
1692, -0.2
1693, -0.2
1694, -0.3
1695, -0.1
1696, -0.4
1697, 0.0
1698, 0.0
1699, 0.0
1700, 0.2
1701, -0.3
1702, 0.1
1703, 0.2
1704, -0.2
1705, -0.1
1706, -0.4
1707, -0.3
1708, -0.1
1709, 0.1
1710, 0.0
1711, -0.1
1712, 0.0
1713, 0.4
1714, 0.0
1715, 0.5
1716, 0.3
1717, 0.1
1718, 0.1
1719, -0.2
1720, 0.2
1721, -0.2
1722, -0.1
1723, -0.2
1724, 0.5
1725, 0.0
1726, 0.2
1727, -0.1
1728, 0.0
1729, 0.1
1730, 0.3
1731, -0.2
1732, 0.2
1733, 0.0
1734, 0.2
1735, -0.4
1736, 0.3
1737, 0.0
1738, 0.0
1739, -0.1
1740, 0.0
1741, -0.4
1742, 0.0
1743, 0.3
1744, -0.2
1745, 0.3
1746, 0.3
1747, 0.3
1748, -0.1
1749, 0.3
1750, -0.1
1751, 0.1
1752, -0.1
1753, 0.1
1754, -0.4
1755, -0.4
1756, 0.4
1757, 0.3
1758, -0.1
1759, 0.2
1760, -0.2
1761, 0.1
1762, 0.1
1763, -0.1
1764, 0.1
1765, -0.1
1766, -0.3
1767, -0.3
1768, -0.4
1769, 0.0
1770, -0.2
1771, 0.2
1772, 0.2
1773, 0.1
1774, -0.1
1775, 0.3
1776, 0.1
1777, 0.2
1778, 0.0
1779, -0.2
1780, -0.2
1781, 0.1
1782, 0.3
1783, -0.4
1784, 0.1
1785, 0.3
1786, 0.0
1787, 0.1
1788, 0.2
1789, 0.1
1790, 0.0
1791, 0.2
1792, -0.3
1793, 0.0
1794, 0.0
1795, 0.2
1796, 0.1
1797, 0.0
1798, 0.1
1799, -0.2
1800, 0.1
1801, -0.2
1802, 0.1
1803, -0.1
1804, 0.0
1805, 0.1
1806, 0.1
1807, 0.2
1808, -0.3
1809, 0.3
1810, -0.6
1811, -0.4
1812, 0.2
1813, -0.1
1814, -0.2
1815, 0.2
1816, 0.3
1817, 0.2
1818, 0.2
1819, 0.0
1820, 0.0
1821, -0.3
1822, 0.4
1823, -0.4
1824, -0.1
1825, 0.1
1826, 0.1
1827, 0.0
1828, 0.0
1829, 0.3
1830, -0.1
1831, -0.1
1832, 0.1
1833, -0.2
1834, -0.3
1835, 0.0
1836, 0.0
1837, 0.0
1838, 0.1
1839, 0.2
1840, -0.2
1841, 0.2
1842, -0.2
1843, -0.1
1844, 0.0
1845, 0.1
1846, 0.1
1847, -0.1
1848, 0.1
1849, -0.1
1850, -0.1
1851, 0.0
1852, -0.2
1853, 0.0
1854, 0.1
1855, 0.0
1856, 0.1
1857, 0.2
1858, -0.1
1859, 0.1
1860, 0.2
1861, 0.0
1862, 0.1
1863, 0.3
1864, 0.0
1865, 0.0
1866, -0.4
1867, 0.1
1868, 0.1
1869, 0.1
1870, -0.2
1871, -0.2
1872, 0.2
1873, 0.1
1874, -0.1
1875, 0.2
1876, 0.0
1877, 0.0
1878, -0.2
1879, 0.3
1880, 0.3
1881, -0.2
1882, 0.0
1883, -0.4
1884, 0.1
1885, 0.1
1886, -0.7
1887, 0.2
1888, -0.1
1889, 0.2
1890, 0.3
1891, -0.3
1892, 0.4
1893, -0.3
1894, -0.1
1895, -0.4
1896, 0.3
1897, -0.5
1898, -0.1
1899, 0.2
1900, 0.1
1901, 0.5
1902, 0.2
1903, 0.3
1904, 0.2
1905, -0.5
1906, 0.0
1907, 0.2
1908, 0.0
1909, -0.1
1910, -0.4
1911, -0.4
1912, 0.0
1913, 0.2
1914, 0.1
1915, -0.6
1916, -0.2
1917, -0.1
1918, 0.0
1919, 0.0
1920, -0.1
1921, 0.0
1922, 0.1
1923, -0.1
1924, 0.0
1925, 0.2
1926, -0.2
1927, 0.0
1928, -0.1
1929, -0.2
1930, 0.1
1931, 0.0
1932, -0.2
1933, 0.2
1934, 0.1
1935, 0.5
1936, 0.1
1937, 0.1
1938, 0.1
1939, 0.0
1940, -0.1
1941, 0.0
1942, 0.2
1943, 0.0
1944, 0.2
1945, 0.0
1946, -0.3
1947, -0.2
1948, 0.0
1949, -0.2
1950, 0.1
1951, 0.1
1952, 0.0
1953, -0.1
1954, 0.0
1955, -0.2
1956, -0.4
1957, 0.1
1958, 0.3
1959, -0.3
1960, 0.1
1961, 0.4
1962, 0.1
1963, -0.1
1964, 0.0
1965, 0.0
1966, 0.2
1967, 0.1
1968, 0.0
1969, -0.4
1970, 0.1
1971, 0.2
1972, 0.0
1973, 0.0
1974, 0.2
1975, 0.0
1976, 0.4
1977, 0.4
1978, 0.2
1979, 0.0
1980, 0.1
1981, 0.0
1982, 0.1
1983, 0.0
1984, 0.1
1985, 0.0
1986, 0.0
1987, 0.1
1988, -0.2
1989, 0.2
1990, 0.0
1991, 0.1
1992, -0.1
1993, 0.4
1994, -0.1
1995, 0.4
1996, -0.2
1997, 0.1
1998, 0.1
1999, 0.2
2000, -0.2
2001, -0.2
2002, 0.1
2003, -0.2
2004, 0.1
2005, 0.2
2006, -0.3
2007, 0.2
2008, -0.1
2009, 0.0
2010, -0.2
2011, 0.0
2012, 0.1
2013, -0.3
2014, 0.3
2015, -0.1
2016, 0.1
2017, 0.0
2018, -0.4
2019, 0.1
2020, 0.2
2021, 0.1
2022, 0.1
2023, 0.0
2024, 0.2
2025, -0.3
2026, 0.1
2027, -0.1
2028, -0.2
2029, 0.0
2030, -0.1
2031, -0.2
2032, -0.1
2033, 0.1
2034, 0.3
2035, -0.5
2036, 0.0
2037, -0.2
2038, 0.0
2039, 0.1
2040, 0.0
2041, -0.2
2042, -0.3
2043, 0.0
2044, 0.4
2045, 0.2
2046, 0.4
2047, 0.4
2048, 0.2
2049, 0.1
2050, 0.0
2051, 0.2
2052, 0.0
2053, 0.0
2054, 0.0
2055, 0.0
2056, -0.5
2057, -0.2
2058, 0.3
2059, 0.4
2060, -0.3
2061, -0.2
2062, -0.1
2063, -0.4
2064, 0.1
2065, -0.2
2066, 0.0
2067, 0.4
2068, -0.1
2069, 0.2
2070, -0.1
2071, -0.6
2072, 0.0
2073, -0.1
2074, -0.1
2075, -0.1
2076, 0.4
2077, -0.2
2078, -0.2
2079, 0.0
2080, 0.2
2081, -0.1
2082, 0.1
2083, -0.1
2084, 0.1
2085, 0.0
2086, -0.2
2087, 0.0
2088, -0.2
2089, 0.3
2090, -0.3
2091, 0.4
2092, -0.2
2093, 0.2
2094, 0.0
2095, 0.0
2096, -0.2
2097, -0.2
2098, 0.0
2099, 0.1
2100, -0.6
2101, 0.3
2102, -0.2
2103, 0.0
2104, 0.1
2105, -0.2
2106, 0.2
2107, 0.2
2108, 0.1
2109, 0.0
2110, 0.4
2111, 0.3
2112, 0.1
2113, 0.3
2114, -0.3
2115, 0.0
2116, -0.2
2117, 0.1
2118, 0.3
2119, 0.2
2120, 0.2
2121, -0.2
2122, 0.1
2123, 0.3
2124, 0.1
2125, 0.0
2126, 0.4
2127, -0.3
2128, 0.1
2129, -0.3
2130, 0.1
2131, 0.2
2132, 0.0
2133, 0.2
2134, -0.1
2135, -0.2
2136, -0.1
2137, 0.2
2138, 0.1
2139, -0.1
2140, -0.1
2141, 0.2
2142, -0.3
2143, 0.1
2144, -0.5
2145, 0.3
2146, 0.3
2147, -0.3
2148, -0.2
2149, -0.1
2150, -0.1
2151, 0.2
2152, -0.3
2153, 0.2
2154, 0.0
2155, 0.2
2156, 0.0
2157, 0.1
2158, 0.1
2159, 0.2
2160, 0.0
2161, 0.4
2162, -0.2
2163, -0.1
2164, -0.1
2165, -0.1
2166, 0.2
2167, -0.2
2168, -0.3
2169, -0.2
2170, 0.1
2171, 0.4
2172, -0.2
2173, 0.0
2174, 0.3
2175, 0.3
2176, 0.3
2177, 0.1
2178, 0.2
2179, -0.2
2180, 0.0
2181, 0.1
2182, 0.3
2183, 0.2
2184, -0.5
2185, -0.3
2186, 0.0
2187, 0.2
2188, -0.1
2189, 0.0
2190, 0.3
2191, 0.0
2192, -0.1
2193, 0.3
2194, 0.3
2195, -0.1
2196, -0.2
2197, -0.4
2198, 0.0
2199, 0.1
2200, 0.0
2201, 0.0
2202, 0.3
2203, 0.2
2204, -0.1
2205, 0.1
2206, 0.3
2207, -0.2
2208, -0.1
2209, 0.2
2210, -0.1
2211, -0.2
2212, 0.0
2213, 0.2
2214, 0.1
2215, 0.0
2216, 0.0
2217, 0.2
2218, -0.1
2219, 0.0
2220, 0.1
2221, 0.2
2222, -0.2
2223, 0.0
2224, -0.3
2225, -0.2
2226, 0.0
2227, -0.2
2228, 0.1
2229, -0.1
2230, -0.2
2231, 0.5
2232, 0.0
2233, 0.0
2234, 0.0
2235, 0.1
2236, -0.2
2237, 0.0
2238, 0.0
2239, 0.1
2240, 0.1
2241, -0.3
2242, 0.2
2243, 0.1
2244, -0.1
2245, -0.2
2246, 0.1
2247, 0.4
2248, -0.4
2249, -0.2
2250, 0.2
2251, 0.2
2252, -0.5
2253, 0.2
2254, -0.2
2255, 0.0
2256, 0.0
2257, -0.1
2258, 0.1
2259, 0.1
2260, -0.1
2261, -0.2
2262, -0.5
2263, -0.1
2264, 0.2
2265, 0.3
2266, 0.0
2267, -0.2
2268, -0.2
2269, 0.0
2270, -0.4
2271, -0.1
2272, -0.1
2273, -0.2
2274, 0.4
2275, 0.4
2276, 0.5
2277, 0.2
2278, 0.0
2279, 0.0
2280, 0.0
2281, -0.4
2282, 0.4
2283, -0.1
2284, 0.1
2285, 0.3
2286, 0.3
2287, 0.0
2288, -0.1
2289, 0.3
2290, -0.1
2291, 0.0
2292, -0.1
2293, -0.2
2294, -0.1
2295, -0.4
2296, 0.0
2297, -0.5
2298, -0.1
2299, 0.0
2300, 0.0
2301, -0.1
2302, 0.0
2303, -0.1
2304, -0.1
2305, -0.3
2306, -0.2
2307, 0.0
2308, 0.2
2309, 0.3
2310, -0.1
2311, 0.2
2312, -0.1
2313, 0.1
2314, 0.1
2315, -0.5
2316, 0.1
2317, 0.3
2318, 0.4
2319, -0.2
2320, 0.1
2321, 0.2
2322, -0.2
2323, -0.1
2324, -0.1
2325, 0.3
2326, 0.1
2327, 0.0
2328, -0.2
2329, 0.0
2330, 0.0
2331, -0.2
2332, 0.1
2333, -0.4
2334, 0.0
2335, 0.1
2336, -0.2
2337, -0.3
2338, -0.3
2339, 0.1
2340, -0.1
2341, 0.2
2342, 0.0
2343, 0.0
2344, 0.3
2345, 0.2
2346, 0.1
2347, -0.3
2348, 0.1
2349, 0.1
2350, 0.1
2351, 0.2
2352, 0.2
2353, 0.2
2354, 0.0
2355, -0.5
2356, 0.4
2357, 0.0
2358, -0.3
2359, 0.0
2360, 0.1
2361, 0.0
2362, 0.0
2363, -0.1
2364, 0.1
2365, 0.2
2366, 0.0
2367, 0.1
2368, -0.4
2369, 0.0
2370, -0.5
2371, -0.2
2372, 0.0
2373, 0.0
2374, 0.2
2375, 0.3
2376, 0.1
2377, 0.2
2378, 0.1
2379, -0.1
2380, 0.1
2381, 0.2
2382, -0.3
2383, 0.0
2384, -0.1
2385, 0.1
2386, -0.4
2387, 0.0
2388, 0.2
2389, 0.3
2390, -0.1
2391, 0.0
2392, 0.1
2393, 0.1
2394, 0.2
2395, 0.0
2396, 0.0
2397, -0.4
2398, 0.0
2399, 0.1
2400, 0.1
2401, 0.1
2402, 0.2
2403, 0.0
2404, -0.1
2405, 0.2
2406, -0.1
2407, -0.2
2408, 0.3
2409, 0.2
2410, 0.0
2411, 0.1
2412, 0.1
2413, 0.0
2414, 0.1
2415, -0.4
2416, 0.1
2417, -0.3
2418, 0.2
2419, -0.4
2420, -0.2
2421, 0.0
2422, -0.4
2423, 0.1
2424, 0.3
2425, 0.3
2426, 0.1
2427, 0.0
2428, -0.4
2429, -0.1
2430, -0.2
2431, 0.1
2432, 0.0
2433, 0.2
2434, 0.0
2435, -0.1
2436, -0.4
2437, 0.0
2438, -0.3
2439, 0.0
2440, 0.1
2441, 0.2
2442, 0.1
2443, -0.3
2444, -0.2
2445, -0.2
2446, -0.1
2447, 0.3
2448, -0.2
2449, -0.1
2450, -0.3
2451, 0.1
2452, 0.0
2453, -0.2
2454, -0.5
2455, 0.0
2456, 0.0
2457, -0.4
2458, 0.2
2459, 0.2
2460, 0.3
2461, -0.2
2462, 0.2
2463, 0.1
2464, 0.1
2465, -0.2
2466, -0.1
2467, 0.2
2468, 0.1
2469, -0.1
2470, 0.2
2471, 0.1
2472, -0.3
2473, 0.4
2474, 0.1
2475, 0.0
2476, 0.2
2477, 0.0
2478, 0.0
2479, 0.1
2480, 0.0
2481, -0.3
2482, -0.3
2483, 0.0
2484, -0.5
2485, -0.1
2486, 0.1
2487, -0.6
2488, 0.2
2489, 0.0
2490, 0.3
2491, 0.3
2492, -0.2
2493, -0.1
2494, -0.1
2495, 0.3
2496, -0.1
2497, -0.1
2498, -0.2
2499, -0.3
2500, -0.1
2501, -0.4
2502, 0.4
2503, 0.2
2504, -0.1
2505, 0.2
2506, 0.0
2507, 0.3
2508, 0.2
2509, 0.1
2510, 0.1
2511, 0.0
2512, 0.1
2513, 0.1
2514, 0.0
2515, 0.3
2516, 0.0
2517, 0.0
2518, -0.1
2519, -0.1
2520, -0.4
2521, 0.0
2522, 0.0
2523, -0.4
2524, 0.0
2525, -0.3
2526, 0.3
2527, -0.1
2528, -0.4
2529, 0.2
2530, -0.4
2531, -0.2
2532, 0.2
2533, -0.1
2534, 0.1
2535, 0.5
2536, 0.1
2537, 0.1
2538, 0.0
2539, -0.1
2540, 0.0
2541, 0.2
2542, 0.0
2543, -0.2
2544, 0.1
2545, -0.2
2546, 0.3
2547, 0.4
2548, -0.1
2549, 0.1
2550, 0.0
2551, -0.2
2552, -0.1
2553, 0.5
2554, 0.0
2555, -0.1
2556, -0.1
2557, -0.2
2558, 0.0
2559, 0.0
2560, -0.2
2561, 0.1
2562, 0.1
2563, 0.2
2564, -0.3
2565, -0.1
2566, -0.1
2567, 0.0
2568, 0.2
2569, 0.2
2570, -0.1
2571, -0.2
2572, 0.2
2573, -0.1
2574, 0.1
2575, -0.1
2576, -0.1
2577, 0.2
2578, 0.0
2579, 0.2
2580, 0.1
2581, -0.4
2582, 0.2
2583, -0.2
2584, 0.0
2585, 0.0
2586, -0.2
2587, 0.1
2588, 0.0
2589, 0.3
2590, -0.5
2591, -0.2
2592, 0.0
2593, 0.3
2594, 0.1
2595, 0.3
2596, 0.1
2597, -0.3
2598, 0.4
2599, -0.1
2600, 0.1
2601, 0.3
2602, 0.0
2603, 0.3
2604, -0.5
2605, 0.3
2606, -0.1
2607, 0.0
2608, -0.5
2609, 0.4
2610, 0.0
2611, -0.2
2612, -0.4
2613, 0.0
2614, 0.0
2615, 0.0
2616, 0.1
2617, 0.1
2618, 0.2
2619, 0.2
2620, 0.2
2621, 0.0
2622, 0.3
2623, 0.0
2624, 0.1
2625, 0.1
2626, 0.1
2627, -0.1
2628, 0.3
2629, -0.3
2630, -0.2
2631, 0.1
2632, 0.3
2633, 0.1
2634, 0.1
2635, -0.1
2636, 0.0
2637, -0.3
2638, -0.1
2639, 0.2
2640, 0.3
2641, 0.2
2642, 0.4
2643, -0.1
2644, 0.2
2645, -0.2
2646, -0.1
2647, 0.3
2648, 0.0
2649, 0.3
2650, 0.0
2651, 0.0
2652, 0.0
2653, -0.3
2654, 0.0
2655, 0.0
2656, 0.0
2657, 0.0
2658, -0.5
2659, 0.0
2660, -0.6
2661, -0.1
2662, -0.2
2663, 0.2
2664, 0.0
2665, -0.1
2666, 0.0
2667, 0.0
2668, -0.1
2669, -0.2
2670, -0.3
2671, -0.2
2672, -0.3
2673, 0.4
2674, -0.2
2675, 0.1
2676, -0.3
2677, -0.2
2678, -0.1
2679, 0.4
2680, -0.2
2681, -0.2
2682, 0.2
2683, -0.1
2684, 0.2
2685, 0.1
2686, 0.1
2687, -0.1
2688, 0.4
2689, -0.4
2690, 0.0
2691, -0.4
2692, -0.4
2693, -0.1
2694, 0.1
2695, -0.1
2696, 0.3
2697, 0.2
2698, 0.1
2699, 0.3
2700, 0.0
2701, 0.1
2702, 0.3
2703, 0.0
2704, 0.2
2705, 0.2
2706, 0.0
2707, 0.2
2708, -0.1
2709, -0.2
2710, 0.0
2711, -0.1
2712, -0.1
2713, 0.0
2714, -0.1
2715, 0.0
2716, -0.6
2717, 0.2
2718, 0.1
2719, 0.3
2720, -0.1
2721, -0.2
2722, 0.0
2723, 0.3
2724, 0.1
2725, -0.2
2726, 0.0
2727, 0.0
2728, -0.1
2729, 0.2
2730, 0.1
2731, 0.2
2732, -0.1
2733, -0.2
2734, 0.3
2735, 0.3
2736, 0.0
2737, 0.2
2738, 0.2
2739, 0.1
2740, 0.0
2741, -0.1
2742, 0.0
2743, 0.1
2744, 0.1
2745, 0.0
2746, 0.4
2747, 0.0
2748, -0.1
2749, 0.1
2750, -0.2
2751, 0.0
2752, 0.4
2753, 0.0
2754, -0.1
2755, 0.1
2756, 0.1
2757, -0.1
2758, -0.1
2759, 0.2
2760, -0.4
2761, 0.1
2762, 0.0
2763, 0.2
2764, -0.2
2765, 0.0
2766, 0.1
2767, -0.1
2768, 0.2
2769, 0.2
2770, -0.5
2771, -0.1
2772, 0.2
2773, 0.2
2774, 0.1
2775, 0.0
2776, -0.2
2777, 0.0
2778, -0.1
2779, 0.4
2780, 0.1
2781, -0.1
2782, 0.3
2783, -0.6
2784, 0.1
2785, 0.0
2786, 0.0
2787, -0.1
2788, 0.0
2789, 0.1
2790, 0.1
2791, -0.2
2792, 0.0
2793, 0.0
2794, 0.5
2795, 0.0
2796, -0.4
2797, -0.1
2798, 0.3
2799, -0.1
2800, 0.3
2801, -0.1
2802, 0.2
2803, 0.2
2804, 0.0
2805, 0.1
2806, 0.2
2807, 0.1
2808, -0.1
2809, 0.3
2810, 0.5
2811, 0.0
2812, -0.1
2813, -0.1
2814, 0.0
2815, -0.2
2816, -0.1
2817, -0.2
2818, 0.0
2819, 0.4
2820, 0.0
2821, 0.1
2822, -0.4
2823, 0.4
2824, -0.1
2825, -0.3
2826, -0.2
2827, -0.1
2828, -0.2
2829, 0.3
2830, -0.1
2831, 0.0
2832, 0.3
2833, 0.4
2834, 0.2
2835, 0.1
2836, -0.3
2837, 0.2
2838, 0.1
2839, 0.2
2840, 0.1
2841, 0.2
2842, -0.3
2843, 0.0
2844, 0.3
2845, -0.1
2846, 0.0
2847, 0.0
2848, 0.0
2849, 0.1
2850, -0.1
2851, -0.1
2852, 0.0
2853, -0.1
2854, 0.1
2855, 0.0
2856, -0.3
2857, -0.2
2858, -0.1
2859, 0.1
2860, 0.1
2861, 0.3
2862, 0.2
2863, 0.3
2864, 0.1
2865, 0.2
2866, 0.0
2867, 0.2
2868, 0.3
2869, 0.0
2870, -0.3
2871, -0.3
2872, 0.0
2873, 0.1
2874, 0.0
2875, -0.1
2876, 0.2
2877, -0.4
2878, 0.2
2879, 0.0
2880, 0.2
2881, -0.1
2882, -0.2
2883, 0.0
2884, -0.2
2885, 0.1
2886, 0.0
2887, 0.1
2888, 0.1
2889, -0.2
2890, 0.1
2891, -0.5
2892, -0.1
2893, 0.1
2894, -0.1
2895, -0.3
2896, -0.1
2897, 0.1
2898, 0.1
2899, 0.0
2900, 0.1
2901, 0.2
2902, 0.0
2903, -0.4
2904, 0.0
2905, 0.0
2906, -0.3
2907, 0.0
2908, 0.0
2909, 0.3
2910, 0.1
2911, -0.5
2912, 0.1
2913, 0.0
2914, -0.2
2915, -0.4
2916, -0.7
2917, 0.2
2918, 0.3
2919, 0.1
2920, -0.4
2921, -0.1
2922, -0.2
2923, 0.0
2924, 0.0
2925, 0.0
2926, 0.4
2927, -0.1
2928, -0.2
2929, -0.2
2930, 0.1
2931, 0.2
2932, 0.1
2933, 0.0
2934, -0.2
2935, -0.1
2936, -0.1
2937, 0.2
2938, 0.2
2939, 0.2
2940, 0.2
2941, -0.3
2942, 0.1
2943, -0.2
2944, 0.3
2945, 0.2
2946, 0.3
2947, -0.1
2948, 0.2
2949, 0.2
2950, 0.2
2951, -0.4
2952, 0.2
2953, 0.4
2954, 0.1
2955, 0.1
2956, -0.3
2957, 0.0
2958, -0.2
2959, 0.2
2960, 0.0
2961, 0.0
2962, 0.0
2963, 0.3
2964, 0.2
2965, 0.0
2966, -0.3
2967, -0.1
2968, -0.1
2969, 0.3
2970, 0.0
2971, 0.3
2972, -0.1
2973, 0.3
2974, 0.3
2975, 0.2
2976, 0.5
2977, -0.3
2978, 0.0
2979, 0.0
2980, 0.5
2981, 0.1
2982, 0.2
2983, 0.3
2984, -0.1
2985, 0.3
2986, 0.3
2987, -0.1
2988, -0.2
2989, 0.2
2990, 0.2
2991, 0.3
2992, -0.1
2993, 0.1
2994, 0.2
2995, 0.0
2996, -0.4
2997, 0.1
2998, -0.2
2999, 0.1
3000, 0.1
3001, 0.5
3002, 0.1
3003, 0.0
3004, 0.1
3005, -0.1
3006, -0.4
3007, -0.2
3008, 0.1
3009, 0.0
3010, -0.3
3011, 0.1
3012, -0.2
3013, 0.1
3014, 0.2
3015, 0.0
3016, 0.3
3017, -0.1
3018, -0.1
3019, 0.2
3020, 0.1
3021, 0.3
3022, 0.0
3023, -0.2
3024, 0.3
3025, -0.4
3026, -0.2
3027, -0.2
3028, -0.1
3029, 0.0
3030, 0.4
3031, -0.2
3032, -0.2
3033, -0.1
3034, 0.2
3035, 0.3
3036, -0.2
3037, -0.5
3038, 0.1
3039, 0.1
3040, 0.0
3041, 0.0
3042, -0.1
3043, -0.2
3044, 0.1
3045, 0.2
3046, 0.1
3047, 0.0
3048, 0.2
3049, 0.3
3050, 0.1
3051, -0.2
3052, 0.5
3053, 0.0
3054, -0.3
3055, 0.2
3056, -0.3
3057, 0.2
3058, -0.4
3059, -0.3
3060, -0.2
3061, 0.2
3062, -0.2
3063, -0.1
3064, 0.0
3065, -0.1
3066, -0.1
3067, 0.0
3068, -0.3
3069, 0.1
3070, 0.1
3071, 0.2
3072, -0.1
3073, -0.3
3074, -0.5
3075, 0.1
3076, -0.1
3077, -0.2
3078, 0.0
3079, 0.2
3080, 0.2
3081, 0.1
3082, -0.1
3083, -0.2
3084, 0.1
3085, 0.4
3086, 0.1
3087, -0.1
3088, -0.2
3089, -0.2
3090, 0.2
3091, 0.0
3092, 0.0
3093, 0.0
3094, -0.1
3095, 0.1
3096, 0.4
3097, 0.0
3098, -0.3
3099, 0.2
3100, 0.1
3101, 0.2
3102, -0.1
3103, -0.1
3104, 0.5
3105, 0.1
3106, -0.1
3107, -0.5
3108, -0.1
3109, 0.1
3110, 0.0
3111, 0.3
3112, -0.3
3113, 0.2
3114, -0.3
3115, -0.2
3116, 0.1
3117, -0.2
3118, 0.2
3119, 0.4
3120, 0.1
3121, 0.3
3122, -0.1
3123, 0.0
3124, -0.2
3125, 0.1
3126, -0.2
3127, -0.2
3128, 0.0
3129, -0.1
3130, -0.1
3131, -0.4
3132, -0.2
3133, -0.1
3134, -0.2
3135, 0.5
3136, 0.0
3137, -0.2
3138, 0.5
3139, 0.0
3140, -0.3
3141, 0.5
3142, 0.0
3143, -0.3
3144, -0.3
3145, 0.3
3146, 0.1
3147, 0.0
3148, 0.4
3149, 0.1
3150, 0.3
3151, -0.2
3152, 0.2
3153, -0.1
3154, -0.1
3155, 0.0
3156, -0.1
3157, 0.0
3158, 0.2
3159, 0.0
3160, -0.4
3161, 0.2
3162, -0.2
3163, 0.0
3164, 0.1
3165, 0.0
3166, 0.0
3167, 0.1
3168, 0.3
3169, 0.0
3170, 0.5
3171, 0.1
3172, -0.2
3173, 0.1
3174, 0.2
3175, 0.1
3176, -0.3
3177, -0.3
3178, -0.1
3179, -0.3
3180, 0.3
3181, 0.0
3182, -0.1
3183, 0.2
3184, -0.1
3185, -0.1
3186, -0.1
3187, 0.2
3188, -0.2
3189, -0.3
3190, 0.0
3191, -0.1
3192, 0.4
3193, 0.0
3194, 0.2
3195, -0.2
3196, 0.0
3197, 0.0
3198, -0.1
3199, 0.0
3200, -0.3
3201, -0.1
3202, -0.1
3203, 0.1
3204, -0.2
3205, -0.3
3206, 0.0
3207, 0.0
3208, 0.3
3209, 0.3
3210, 0.2
3211, -0.1
3212, -0.2
3213, 0.2
3214, -0.1
3215, 0.1
3216, 0.0
3217, 0.1
3218, 0.4
3219, 0.3
3220, -0.1
3221, 0.1
3222, 0.3
3223, 0.5
3224, -0.3
3225, 0.0
3226, 0.2
3227, -0.1
3228, -0.2
3229, -0.1
3230, -0.4
3231, -0.1
3232, 0.2
3233, -0.1
3234, 0.3
3235, 0.1
3236, -0.2
3237, 0.0
3238, -0.2
3239, -0.4
3240, 0.5
3241, 0.3
3242, -0.1
3243, 0.1
3244, -0.2
3245, 0.3
3246, -0.4
3247, 0.0
3248, 0.0
3249, -0.4
3250, 0.0
3251, 0.1
3252, 0.1
3253, 0.0
3254, 0.1
3255, -0.1
3256, 0.0
3257, 0.1
3258, 0.1
3259, -0.1
3260, -0.3
3261, 0.2
3262, 0.1
3263, -0.1
3264, -0.3
3265, 0.3
3266, 0.3
3267, -0.1
3268, -0.2
3269, -0.2
3270, -0.2
3271, -0.1
3272, 0.3
3273, -0.2
3274, 0.2
3275, 0.0
3276, 0.1
3277, -0.4
3278, 0.2
3279, -0.5
3280, 0.2
3281, -0.4
3282, 0.3
3283, -0.1
3284, -0.3
3285, -0.1
3286, -0.2
3287, -0.1
3288, 0.1
3289, -0.1
3290, -0.3
3291, -0.1
3292, 0.4
3293, 0.4
3294, -0.2
3295, -0.2
3296, 0.2
3297, -0.3
3298, 0.0
3299, -0.1
3300, -0.3
3301, 0.0
3302, 0.0
3303, -0.3
3304, 0.2
3305, 0.1
3306, 0.3
3307, 0.0
3308, 0.1
3309, -0.2
3310, -0.2
3311, 0.1
3312, 0.1
3313, 0.4
3314, -0.2
3315, 0.0
3316, 0.3
3317, 0.3
3318, 0.1
3319, 0.3
3320, 0.2
3321, -0.2
3322, 0.1
3323, -0.5
3324, -0.4
3325, 0.0
3326, -0.3
3327, -0.2
3328, 0.1
3329, -0.1
3330, 0.2
3331, 0.2
3332, -0.1
3333, 0.4
3334, -0.4
3335, 0.3
3336, -0.4
3337, 0.3
3338, -0.3
3339, 0.3
3340, 0.0
3341, -0.7
3342, 0.1
3343, -0.4
3344, -0.4
3345, 0.2
3346, -0.5
3347, 0.0
3348, -0.1
3349, 0.1
3350, 0.5
3351, -0.1
3352, 0.2
3353, 0.0
3354, 0.1
3355, -0.3
3356, -0.2
3357, 0.1
3358, -0.3
3359, 0.2
3360, 0.3
3361, 0.1
3362, 0.0
3363, 0.2
3364, 0.2
3365, 0.0
3366, -0.4
3367, -0.3
3368, -0.1
3369, 0.2
3370, 0.2
3371, -0.4
3372, 0.1
3373, -0.1
3374, 0.5
3375, 0.1
3376, 0.0
3377, 0.0
3378, -0.3
3379, -0.4
3380, 0.1
3381, 0.3
3382, 0.1
3383, -0.3
3384, -0.1
3385, 0.2
3386, -0.3
3387, -0.2
3388, -0.2
3389, 0.0
3390, -0.3
3391, 0.4
3392, -0.3
3393, 0.0
3394, -0.4
3395, 0.0
3396, -0.1
3397, -0.1
3398, -0.4
3399, 0.2
3400, 0.4
3401, -0.3
3402, -0.1
3403, 0.2
3404, -0.3
3405, -0.1
3406, 0.1
3407, 0.2
3408, -0.4
3409, 0.0
3410, 0.0
3411, -0.1
3412, 0.0
3413, 0.0
3414, 0.1
3415, 0.2
3416, -0.1
3417, -0.2
3418, 0.2
3419, -0.5
3420, 0.1
3421, -0.2
3422, -0.2
3423, 0.1
3424, -0.2
3425, 0.2
3426, 0.3
3427, 0.1
3428, 0.2
3429, 0.2
3430, 0.2
3431, 0.3
3432, 0.1
3433, 0.0
3434, 0.0
3435, -0.2
3436, 0.2
3437, 0.1
3438, -0.1
3439, 0.0
3440, 0.0
3441, 0.3
3442, -0.2
3443, 0.2
3444, 0.2
3445, -0.3
3446, 0.1
3447, 0.0
3448, -0.7
3449, 0.1
3450, 0.3
3451, -0.1
3452, -0.1
3453, -0.1
3454, 0.2
3455, -0.1
3456, 0.4
3457, 0.1
3458, 0.1
3459, 0.1
3460, 0.0
3461, 0.5
3462, -0.1
3463, -0.1
3464, 0.3
3465, 0.0
3466, -0.3
3467, -0.2
3468, 0.2
3469, 0.3
3470, -0.3
3471, 0.3
3472, 0.0
3473, 0.0
3474, -0.2
3475, 0.4
3476, -0.3
3477, 0.3
3478, 0.0
3479, 0.2
3480, -0.3
3481, -0.2
3482, -0.4
3483, 0.2
3484, 0.1
3485, 0.1
3486, -0.1
3487, -0.1
3488, -0.3
3489, 0.2
3490, -0.1
3491, -0.1
3492, 0.3
3493, 0.0
3494, 0.0
3495, 0.1
3496, 0.2
3497, 0.2
3498, -0.4
3499, -0.5
3500, 0.1
3501, 0.2
3502, 0.1
3503, -0.1
3504, -0.1
3505, -0.2
3506, 0.1
3507, -0.3
3508, 0.3
3509, 0.2
3510, 0.1
3511, 0.0
3512, -0.1
3513, 0.0
3514, 0.3
3515, 0.0
3516, 0.1
3517, 0.2
3518, -0.1
3519, 0.0
3520, 0.0
3521, 0.0
3522, -0.2
3523, -0.1
3524, -0.3
3525, -0.2
3526, 0.1
3527, 0.1
3528, 0.2
3529, -0.3
3530, -0.2
3531, 0.4
3532, 0.0
3533, -0.1
3534, -0.2
3535, 0.0
3536, 0.0
3537, 0.1
3538, 0.3
3539, 0.1
3540, 0.3
3541, 0.1
3542, 0.1
3543, 0.1
3544, -0.3
3545, 0.0
3546, 0.2
3547, -0.1
3548, 0.1
3549, -0.2
3550, 0.2
3551, 0.1
3552, 0.3
3553, 0.0
3554, 0.1
3555, 0.2
3556, 0.3
3557, 0.1
3558, -0.2
3559, 0.3
3560, -0.1
3561, 0.0
3562, -0.1
3563, 0.1
3564, 0.2
3565, 0.1
3566, 0.2
3567, 0.1
3568, 0.5
3569, 0.3
3570, -0.2
3571, 0.0
3572, -0.2
3573, 0.1
3574, -0.1
3575, -0.4
3576, -0.3
3577, 0.0
3578, 0.0
3579, 0.1
3580, 0.0
3581, -0.2
3582, -0.2
3583, -0.1
3584, 0.0
3585, -0.3
3586, -0.2
3587, 0.1
3588, -0.2
3589, 0.1
3590, 0.2
3591, 0.1
3592, -0.4
3593, 0.1
3594, 0.1
3595, -0.1
3596, -0.1
3597, -0.2
3598, 0.3
3599, 0.1
3600, 0.0
3601, 0.4
3602, -0.2
3603, -0.2
3604, -0.4
3605, 0.1
3606, -0.2
3607, -0.1
3608, 0.3
3609, 0.1
3610, 0.1
3611, 0.0
3612, -0.3
3613, -0.2
3614, -0.3
3615, -0.1
3616, 0.1
3617, 0.0
3618, -0.3
3619, 0.2
3620, 0.5
3621, 0.2
3622, -0.1
3623, 0.3
3624, -0.3
3625, -0.4
3626, 0.4
3627, 0.0
3628, 0.3
3629, 0.0
3630, -0.3
3631, -0.1
3632, 0.1
3633, 0.4
3634, -0.1
3635, 0.0
3636, 0.5
3637, -0.2
3638, 0.5
3639, 0.1
3640, 0.1
3641, -0.5
3642, 0.1
3643, 0.0
3644, -0.1
3645, -0.4
3646, -0.2
3647, 0.1
3648, 0.0
3649, -0.1
3650, -0.2
3651, 0.3
3652, 0.4
3653, -0.1
3654, -0.4
3655, -0.4
3656, 0.1
3657, -0.2
3658, 0.2
3659, 0.2
3660, 0.3
3661, 0.3
3662, 0.2
3663, 0.2
3664, 0.0
3665, 0.2
3666, 0.0
3667, 0.4
3668, -0.2
3669, 0.3
3670, -0.1
3671, 0.2
3672, -0.2
3673, 0.1
3674, -0.4
3675, 0.1
3676, -0.2
3677, 0.2
3678, -0.2
3679, -0.1
3680, 0.1
3681, 0.0
3682, 0.4
3683, -0.1
3684, -0.4
3685, 0.0
3686, -0.1
3687, 0.0
3688, 0.3
3689, 0.2
3690, 0.5
3691, 0.3
3692, -0.1
3693, -0.2
3694, 0.5
3695, 0.2
3696, 0.0
3697, 0.1
3698, 0.2
3699, -0.3
3700, -0.1
3701, -0.1
3702, 0.1
3703, -0.3
3704, 0.2
3705, 0.1
3706, 0.3
3707, -0.2
3708, 0.1
3709, 0.3
3710, -0.1
3711, 0.2
3712, 0.2
3713, 0.0
3714, -0.1
3715, -0.1
3716, -0.3
3717, 0.4
3718, -0.5
3719, 0.2
3720, -0.1
3721, -0.2
3722, 0.0
3723, 0.2
3724, -0.2
3725, 0.1
3726, -0.1
3727, -0.2
3728, 0.2
3729, -0.2
3730, 0.1
3731, -0.5
3732, 0.2
3733, -0.2
3734, 0.0
3735, -0.4
3736, 0.0
3737, -0.5
3738, 0.4
3739, 0.3
3740, -0.2
3741, -0.2
3742, -0.1
3743, 0.1
3744, 0.1
3745, 0.3
3746, 0.2
3747, -0.2
3748, 0.3
3749, -0.2
3750, 0.0
3751, 0.0
3752, 0.2
3753, 0.0
3754, -0.1
3755, -0.4
3756, 0.3
3757, 0.0
3758, -0.4
3759, -0.1
3760, 0.5
3761, -0.4
3762, 0.0
3763, 0.1
3764, 0.0
3765, -0.7
3766, 0.1
3767, -0.2
3768, -0.3
3769, -0.1
3770, -0.5
3771, 0.0
3772, -0.1
3773, 0.2
3774, 0.0
3775, 0.0
3776, -0.2
3777, 0.2
3778, 0.2
3779, 0.1
3780, 0.3
3781, -0.2
3782, -0.3
3783, -0.2
3784, 0.4
3785, -0.1
3786, 0.1
3787, -0.1
3788, -0.1
3789, 0.2
3790, 0.0
3791, -0.1
3792, 0.0
3793, 0.0
3794, -0.1
3795, 0.2
3796, -0.2
3797, 0.0
3798, 0.3
3799, 0.0
3800, 0.0
3801, 0.1
3802, -0.5
3803, 0.2
3804, 0.4
3805, 0.3
3806, -0.2
3807, -0.6
3808, 0.3
3809, 0.3
3810, -0.2
3811, -0.1
3812, 0.0
3813, -0.2
3814, -0.2
3815, -0.2
3816, 0.0
3817, 0.0
3818, -0.1
3819, 0.1
3820, 0.0
3821, 0.2
3822, -0.2
3823, 0.0
3824, 0.0
3825, 0.3
3826, 0.1
3827, 0.2
3828, -0.1
3829, -0.1
3830, -0.3
3831, -0.3
3832, 0.2
3833, -0.3
3834, -0.1
3835, -0.2
3836, 0.1
3837, 0.0
3838, -0.3
3839, -0.4
3840, 0.1
3841, -0.4
3842, -0.1
3843, 0.0
3844, 0.2
3845, 0.1
3846, 0.1
3847, -0.2
3848, 0.3
3849, -0.1
3850, -0.1
3851, -0.1
3852, -0.2
3853, -0.4
3854, -0.3
3855, 0.4
3856, -0.5
3857, -0.4
3858, 0.1
3859, -0.3
3860, 0.1
3861, -0.3
3862, 0.2
3863, 0.0
3864, 0.2
3865, -0.1
3866, -0.3
3867, -0.1
3868, 0.0
3869, -0.4
3870, 0.1
3871, 0.2
3872, -0.2
3873, 0.1
3874, 0.0
3875, 0.1
3876, -0.1
3877, 0.1
3878, 0.3
3879, 0.0
3880, 0.1
3881, -0.1
3882, 0.1
3883, 0.0
3884, 0.0
3885, -0.3
3886, 0.0
3887, -0.2
3888, 0.1
3889, -0.3
3890, -0.3
3891, 0.3
3892, -0.1
3893, 0.0
3894, 0.0
3895, 0.0
3896, 0.0
3897, -0.1
3898, -0.2
3899, -0.1
3900, 0.0
3901, 0.4
3902, -0.1
3903, -0.1
3904, 0.0
3905, -0.1
3906, 0.0
3907, 0.2
3908, 0.2
3909, 0.0
3910, 0.2
3911, 0.1
3912, -0.2
3913, 0.0
3914, -0.1
3915, 0.0
3916, 0.2
3917, 0.2
3918, 0.2
3919, -0.1
3920, -0.2
3921, 0.1
3922, -0.2
3923, -0.1
3924, -0.4
3925, 0.2
3926, 0.2
3927, 0.2
3928, 0.1
3929, 0.2
3930, 0.5
3931, -0.3
3932, -0.2
3933, -0.1
3934, -0.1
3935, 0.1
3936, 0.1
3937, 0.1
3938, -0.3
3939, 0.1
3940, 0.3
3941, -0.1
3942, 0.0
3943, -0.4
3944, 0.4
3945, -0.1
3946, -0.3
3947, -0.5
3948, 0.1
3949, 0.0
3950, -0.4
3951, 0.0
3952, 0.1
3953, -0.4
3954, 0.1
3955, 0.1
3956, -0.2
3957, 0.3
3958, -0.2
3959, 0.5
3960, 0.4
3961, 0.0
3962, -0.4
3963, 0.4
3964, -0.3
3965, 0.1
3966, 0.3
3967, 0.3
3968, 0.2
3969, -0.1
3970, 0.0
3971, 0.3
3972, -0.1
3973, -0.3
3974, 0.4
3975, 0.1
3976, 0.0
3977, 0.0
3978, 0.1
3979, -0.1
3980, 0.2
3981, 0.1
3982, -0.1
3983, 0.3
3984, 0.1
3985, 0.2
3986, -0.3
3987, 0.4
3988, -0.3
3989, -0.3
3990, 0.2
3991, -0.2
3992, -0.1
3993, 0.2
3994, 0.2
3995, -0.2
3996, 0.3
3997, -0.3
3998, 0.1
3999, -0.2
