0, -0.3
1, -0.1
2, 0.1
3, -0.1
4, 0.2
5, -0.2
6, -0.3
7, -0.2
8, -0.2
9, 0.0
10, 0.1
11, 0.3
12, 0.0
13, 0.1
14, 0.0
15, -0.1
16, -0.1
17, -0.2
18, -0.1
19, 0.0
20, 0.3
21, 0.2
22, 0.1
23, -0.5
24, 0.0
25, 0.2
26, -0.1
27, 0.3
28, -0.2
29, 0.1
30, -0.1
31, -0.1
32, -0.1
33, -0.7
34, 0.1
35, -0.1
36, 0.3
37, 0.1
38, 0.0
39, 0.3
40, 0.4
41, -0.2
42, 0.6
43, 0.1
44, 0.2
45, 0.1
46, -0.2
47, -0.2
48, -0.2
49, 0.3
50, 0.0
51, -0.1
52, -0.3
53, -0.4
54, 0.1
55, -0.1
56, -0.3
57, -0.2
58, -0.1
59, -0.2
60, -0.2
61, 0.2
62, -0.2
63, -0.5
64, 0.3
65, -0.4
66, 0.2
67, 0.1
68, 0.3
69, 0.4
70, 0.3
71, 0.0
72, -0.2
73, 0.0
74, -0.4
75, 0.0
76, 0.0
77, -0.3
78, 0.1
79, 0.3
80, 0.0
81, 0.0
82, -0.6
83, 0.3
84, -0.4
85, -0.1
86, 0.0
87, -0.3
88, 0.4
89, 0.1
90, 0.2
91, 0.2
92, -0.2
93, -0.1
94, -0.1
95, 0.2
96, 0.1
97, 0.3
98, 0.0
99, 0.0
100, -0.2
101, 0.4
102, 0.0
103, -0.2
104, 0.4
105, 0.0
106, 0.1
107, -0.6
108, 0.1
109, -0.1
110, -0.1
111, -0.3
112, -0.1
113, -0.1
114, 0.5
115, 0.3
116, 0.1
117, -0.1
118, 0.1
119, 0.0
120, -0.1
121, 0.2
122, -0.3
123, 0.2
124, -0.1
125, 0.0
126, -0.4
127, -0.7
128, 0.0
129, -0.3
130, 0.1
131, 0.2
132, 0.1
133, 0.0
134, -0.1
135, 0.3
136, 0.1
137, 0.1
138, 0.2
139, -0.1
140, 0.0
141, 0.1
142, 0.0
143, -0.3
144, -0.1
145, 0.1
146, 0.1
147, 0.1
148, -0.2
149, -0.4
150, -0.1
151, -0.3
152, 0.1
153, -0.1
154, -0.1
155, 0.2
156, -0.3
157, 0.0
158, 0.5
159, 0.1
160, -0.1
161, 0.1
162, -0.1
163, 0.0
164, 0.0
165, -0.2
166, 0.2
167, 0.0
168, -0.3
169, -0.1
170, -0.1
171, 0.0
172, 0.1
173, -0.1
174, 0.2
175, -0.1
176, 0.2
177, 0.3
178, 0.1
179, 0.1
180, 0.0
181, 0.1
182, 0.0
183, 0.1
184, 0.1
185, -0.1
186, 0.2
187, 0.2
188, 0.0
189, 0.3
190, 0.2
191, -0.1
192, 0.0
193, 0.0
194, 0.1
195, 0.1
196, -0.3
197, 0.2
198, 0.2
199, -0.1
200, 0.2
201, -0.1
202, 0.1
203, 0.1
204, 0.0
205, 0.2
206, 0.1
207, 0.0
208, 0.0
209, 0.1
210, -0.2
211, 0.0
212, 0.4
213, -0.3
214, 0.0
215, -0.3
216, -0.4
217, 0.1
218, 0.1
219, 0.3
220, -0.1
221, 0.1
222, 0.2
223, 0.0
224, 0.0
225, 0.2
226, 0.2
227, -0.3
228, -0.2
229, -0.2
230, -0.5
231, 0.0
232, 0.1
233, 0.0
234, -0.1
235, -0.3
236, 0.0
237, -0.3
238, 0.4
239, 0.3
240, -0.2
241, -0.4
242, 0.4
243, 0.2
244, 0.2
245, 0.0
246, -0.1
247, 0.0
248, 0.1
249, 0.3
250, -0.2
251, 0.0
252, 0.1
253, -0.4
254, 0.1
255, 0.1
256, 0.3
257, -0.2
258, -0.4
259, 0.0
260, 0.0
261, -0.3
262, 0.3
263, -0.5
264, 0.3
265, -0.2
266, 0.0
267, 0.1
268, 0.1
269, 0.0
270, 0.1
271, 0.0
272, 0.0
273, 0.0
274, 0.3
275, 0.2
276, -0.2
277, 0.1
278, 0.0
279, -0.1
280, 0.0
281, -0.2
282, 0.0
283, -0.1
284, 0.3
285, 0.4
286, 0.0
287, 0.1
288, -0.1
289, 0.4
290, 0.0
291, 0.0
292, 0.0
293, 0.0
294, 0.0
295, 0.2
296, 0.2
297, -0.2
298, -0.2
299, 0.1
300, -0.1
301, -0.1
302, 0.3
303, -0.3
304, 0.1
305, 0.0
306, 0.0
307, -0.3
308, -0.3
309, 0.3
310, -0.1
311, 0.1
312, 0.0
313, -0.1
314, -0.1
315, -0.3
316, 0.0
317, 0.2
318, 0.0
319, -0.1
320, -0.3
321, -0.3
322, 0.3
323, 0.0
324, -0.1
325, -0.5
326, 0.1
327, -0.2
328, -0.1
329, -0.4
330, -0.1
331, 0.1
332, -0.2
333, 0.2
334, -0.3
335, -0.3
336, 0.0
337, 0.1
338, 0.0
339, 0.2
340, -0.2
341, 0.1
342, 0.5
343, -0.3
344, 0.3
345, 0.2
346, -0.5
347, 0.3
348, 0.2
349, 0.1
350, -0.1
351, -0.2
352, -0.4
353, -0.2
354, -0.1
355, -0.3
356, -0.2
357, -0.1
358, 0.3
359, 0.4
360, 0.1
361, 0.2
362, 0.1
363, 0.3
364, 0.1
365, 0.3
366, 0.0
367, 0.1
368, -0.2
369, -0.1
370, -0.2
371, -0.3
372, 0.3
373, -0.2
374, 0.3
375, 0.1
376, -0.2
377, 0.3
378, -0.2
379, 0.2
380, -0.2
381, 0.0
382, -0.1
383, 0.2
384, 0.1
385, -0.1
386, 0.0
387, 0.0
388, -0.1
389, -0.1
390, -0.2
391, 0.4
392, 0.1
393, 0.3
394, -0.4
395, -0.2
396, 0.1
397, 0.0
398, 0.3
399, -0.3
400, -0.3
401, -0.1
402, 0.0
403, -0.1
404, 0.4
405, -0.5
406, 0.1
407, -0.3
408, 0.0
409, 0.2
410, 0.3
411, 0.1
412, 0.2
413, -0.5
414, 0.1
415, 0.1
416, 0.0
417, 0.0
418, 0.0
419, 0.3
420, 0.2
421, -0.3
422, 0.0
423, 0.1
424, 0.0
425, 0.0
426, 0.0
427, -0.3
428, 0.0
429, 0.1
430, -0.2
431, -0.2
432, -0.1
433, 0.0
434, 0.0
435, 0.2
436, -0.1
437, -0.2
438, 0.2
439, -0.1
440, 0.1
441, 0.1
442, 0.4
443, 0.0
444, 0.1
445, -0.2
446, 0.2
447, 0.0
448, -0.3
449, -0.1
450, -0.3
451, 0.1
452, -0.3
453, 0.1
454, -0.1
455, -0.1
456, 0.1
457, 0.0
458, -0.1
459, -0.1
460, -0.4
461, 0.1
462, 0.1
463, 0.0
464, 0.2
465, -0.2
466, 0.0
467, -0.1
468, 0.1
469, 0.0
470, -0.4
471, -0.1
472, 0.1
473, 0.1
474, 0.3
475, 0.3
476, 0.2
477, 0.0
478, -0.1
479, 0.0
480, -0.3
481, 0.1
482, -0.2
483, -0.4
484, -0.1
485, 0.0
486, -0.2
487, -0.1
488, 0.1
489, -0.1
490, -0.5
491, 0.3
492, 0.2
493, -0.4
494, -0.5
495, 0.2
496, -0.1
497, -0.2
498, 0.0
499, 0.2
500, -0.3
501, 0.0
502, 0.1
503, -0.1
504, 0.2
505, 0.3
506, -0.2
507, -0.2
508, 0.1
509, 0.1
510, 0.2
511, -0.1
512, -0.2
513, -0.2
514, 0.0
515, 0.4
516, 0.1
517, 0.1
518, 0.1
519, 0.1
520, -0.2
521, -0.1
522, 0.1
523, 0.0
524, 0.1
525, 0.3
526, 0.1
527, -0.1
528, -0.2
529, 0.0
530, 0.1
531, -0.1
532, 0.1
533, -0.1
534, 0.1
535, 0.3
536, -0.2
537, -0.1
538, 0.3
539, -0.1
540, 0.2
541, -0.1
542, 0.1
543, 0.5
544, 0.2
545, 0.2
546, 0.0
547, -0.1
548, -0.4
549, -0.1
550, -0.3
551, 0.0
552, -0.1
553, -0.3
554, -0.2
555, 0.2
556, 0.1
557, -0.1
558, -0.4
559, -0.2
560, 0.0
561, -0.4
562, 0.1
563, 0.0
564, -0.1
565, 0.3
566, 0.1
567, 0.4
568, -0.1
569, 0.2
570, -0.4
571, 0.2
572, 0.1
573, -0.3
574, -0.1
575, 0.3
576, 0.0
577, -0.1
578, 0.2
579, -0.2
580, 0.1
581, -0.1
582, 0.0
583, -0.1
584, 0.1
585, 0.1
586, 0.3
587, 0.0
588, -0.2
589, 0.0
590, 0.1
591, -0.2
592, 0.3
593, -0.1
594, -0.1
595, 0.0
596, 0.1
597, -0.6
598, 0.3
599, 0.1
600, 0.2
601, -0.3
602, -0.5
603, 0.3
604, 0.3
605, -0.1
606, 0.1
607, -0.1
608, -0.4
609, 0.3
610, 0.3
611, 0.1
612, -0.1
613, 0.2
614, 0.0
615, 0.2
616, 0.3
617, 0.0
618, -0.2
619, 0.1
620, -0.4
621, -0.1
622, 0.0
623, -0.4
624, -0.5
625, 0.3
626, -0.3
627, 0.4
628, 0.2
629, 0.0
630, 0.0
631, 0.2
632, 0.4
633, 0.2
634, -0.2
635, 0.2
636, 0.3
637, -0.5
638, -0.1
639, -0.1
640, -0.1
641, 0.4
642, 0.4
643, -0.4
644, 0.1
645, -0.2
646, 0.2
647, -0.1
648, 0.1
649, -0.1
650, 0.0
651, 0.1
652, 0.0
653, 0.0
654, 0.0
655, 0.2
656, 0.0
657, -0.2
658, -0.3
659, 0.1
660, -0.2
661, 0.2
662, -0.2
663, 0.2
664, 0.4
665, -0.4
666, 0.3
667, -0.3
668, -0.6
669, 0.1
670, 0.0
671, -0.1
672, 0.0
673, -0.2
674, 0.4
675, -0.1
676, -0.1
677, 0.1
678, 0.2
679, -0.2
680, 0.2
681, 0.0
682, 0.0
683, 0.3
684, 0.1
685, 0.5
686, 0.0
687, 0.2
688, 0.3
689, 0.0
690, -0.1
691, -0.6
692, -0.1
693, -0.2
694, 0.0
695, 0.1
696, 0.3
697, 0.1
698, 0.0
699, 0.4
700, 0.1
701, 0.1
702, 0.5
703, 0.2
704, 0.2
705, 0.0
706, -0.2
707, -0.3
708, -0.2
709, -0.1
710, 0.1
711, -0.2
712, 0.3
713, 0.1
714, 0.2
715, -0.2
716, -0.1
717, 0.1
718, 0.1
719, 0.2
720, -0.1
721, -0.1
722, -0.2
723, -0.2
724, 0.3
725, 0.3
726, -0.3
727, 0.4
728, 0.0
729, -0.3
730, 0.0
731, 0.1
732, -0.1
733, 0.0
734, 0.2
735, 0.1
736, 0.1
737, -0.1
738, 0.1
739, 0.3
740, 0.4
741, 0.1
742, 0.3
743, 0.1
744, -0.2
745, -0.3
746, 0.1
747, -0.1
748, -0.5
749, -0.1
750, -0.2
751, -0.1
752, -0.4
753, 0.3
754, 0.2
755, 0.0
756, 0.4
757, -0.1
758, 0.1
759, -0.2
760, 0.0
761, 0.1
762, -0.3
763, -0.2
764, 0.2
765, -0.2
766, 0.0
767, 0.1
768, -0.2
769, -0.2
770, 0.0
771, -0.4
772, 0.3
773, 0.0
774, -0.2
775, 0.0
776, -0.1
777, 0.0
778, -0.2
779, -0.2
780, 0.0
781, 0.3
782, 0.1
783, 0.1
784, -0.1
785, -0.4
786, 0.2
787, -0.1
788, 0.1
789, 0.2
790, 0.2
791, 0.0
792, -0.1
793, 0.0
794, -0.2
795, -0.6
796, 0.1
797, 0.1
798, 0.0
799, 0.1
800, 0.2
801, 0.2
802, -0.2
803, 0.2
804, 0.2
805, -0.4
806, 0.1
807, 0.2
808, 0.2
809, -0.3
810, 0.2
811, 0.3
812, 0.4
813, -0.5
814, 0.2
815, -0.4
816, 0.1
817, 0.0
818, 0.3
819, 0.0
820, 0.0
821, 0.0
822, 0.2
823, 0.1
824, 0.2
825, 0.1
826, 0.4
827, 0.0
828, 0.2
829, -0.2
830, 0.2
831, -0.4
832, 0.0
833, 0.1
834, 0.1
835, -0.1
836, 0.1
837, 0.1
838, 0.1
839, -0.4
840, -0.2
841, -0.1
842, -0.1
843, 0.3
844, 0.2
845, -0.1
846, 0.1
847, 0.2
848, 0.0
849, 0.0
850, 0.3
851, -0.1
852, 0.0
853, -0.1
854, 0.4
855, 0.2
856, -0.6
857, -0.2
858, -0.3
859, 0.1
860, 0.1
861, 0.2
862, 0.2
863, 0.1
864, -0.1
865, 0.2
866, 0.1
867, -0.2
868, -0.2
869, 0.2
870, -0.1
871, 0.1
872, -0.2
873, 0.4
874, 0.1
875, -0.3
876, 0.0
877, 0.1
878, -0.4
879, 0.0
880, -0.1
881, 0.2
882, 0.2
883, -0.3
884, 0.1
885, 0.5
886, 0.1
887, 0.1
888, -0.1
889, -0.2
890, 0.0
891, 0.1
892, -0.1
893, -0.1
894, -0.2
895, -0.3
896, -0.4
897, 0.0
898, 0.5
899, -0.5
900, -0.3
901, -0.2
902, 0.1
903, -0.3
904, 0.0
905, 0.2
906, 0.4
907, 0.0
908, 0.4
909, 0.3
910, 0.4
911, 0.0
912, 0.0
913, 0.0
914, 0.0
915, -0.1
916, -0.1
917, -0.2
918, 0.1
919, -0.1
920, 0.1
921, -0.1
922, -0.2
923, 0.2
924, -0.1
925, -0.2
926, 0.1
927, 0.3
928, 0.0
929, 0.0
930, 0.0
931, 0.3
932, 0.0
933, 0.1
934, 0.2
935, 0.1
936, 0.1
937, -0.4
938, 0.2
939, 0.0
940, 0.1
941, 0.0
942, -0.1
943, 0.0
944, 0.0
945, -0.2
946, -0.2
947, 0.0
948, 0.3
949, -0.2
950, 0.3
951, 0.0
952, 0.1
953, 0.0
954, 0.2
955, 0.1
956, -0.3
957, -0.1
958, 0.1
959, 0.5
960, 0.3
961, -0.2
962, 0.0
963, 0.0
964, -0.2
965, -0.2
966, 0.3
967, 0.3
968, 0.1
969, -0.2
970, 0.0
971, 0.0
972, 0.1
973, 0.1
974, -0.4
975, 0.5
976, -0.3
977, -0.1
978, 0.1
979, -0.3
980, 0.0
981, -0.1
982, -0.1
983, -0.1
984, 0.2
985, -0.1
986, -0.2
987, 0.1
988, -0.2
989, -0.3
990, -0.1
991, -0.2
992, -0.2
993, 0.4
994, 0.0
995, -0.5
996, -0.4
997, 0.3
998, 0.1
999, 0.3
1000, 0.3
1001, -0.1
1002, -0.1
1003, 0.0
1004, 0.0
1005, -0.5
1006, 0.0
1007, 0.0
1008, 0.1
1009, 0.2
1010, 0.0
1011, -0.1
1012, -0.3
1013, -0.4
1014, -0.1
1015, 0.0
1016, -0.1
1017, -0.4
1018, 0.1
1019, -0.1
1020, -0.2
1021, 0.4
1022, 0.1
1023, 0.0
1024, 0.1
1025, 0.0
1026, 0.2
1027, 0.0
1028, 0.3
1029, -0.3
1030, 0.2
1031, -0.3
1032, -0.5
1033, -0.1
1034, -0.2
1035, -0.4
1036, -0.3
1037, 0.1
1038, 0.3
1039, -0.4
1040, 0.4
1041, 0.0
1042, -0.2
1043, 0.4
1044, 0.2
1045, -0.3
1046, 0.2
1047, -0.1
1048, -0.1
1049, -0.2
1050, 0.1
1051, -0.2
1052, 0.1
1053, 0.0
1054, 0.3
1055, -0.2
1056, -0.5
1057, 0.2
1058, 0.1
1059, 0.1
1060, -0.1
1061, 0.2
1062, 0.0
1063, -0.1
1064, 0.3
1065, -0.1
1066, 0.1
1067, 0.3
1068, -0.2
1069, -0.2
1070, 0.2
1071, -0.2
1072, -0.7
1073, 0.4
1074, 0.0
1075, -0.1
1076, 0.2
1077, -0.1
1078, 0.1
1079, -0.2
1080, -0.6
1081, 0.1
1082, 0.1
1083, 0.0
1084, -0.1
1085, 0.1
1086, 0.3
1087, 0.0
1088, -0.1
1089, -0.1
1090, 0.1
1091, 0.3
1092, 0.0
1093, 0.0
1094, -0.3
1095, -0.2
1096, -0.2
1097, 0.2
1098, 0.1
1099, 0.1
1100, -0.3
1101, 0.3
1102, -0.3
1103, -0.1
1104, -0.1
1105, 0.3
1106, 0.1
1107, 0.0
1108, 0.0
1109, 0.0
1110, 0.3
1111, 0.1
1112, -0.2
1113, -0.1
1114, 0.1
1115, -0.3
1116, 0.0
1117, 0.1
1118, 0.4
1119, -0.3
1120, -0.1
1121, 0.0
1122, -0.5
1123, 0.1
1124, 0.2
1125, 0.4
1126, 0.0
1127, 0.0
1128, -0.3
1129, -0.2
1130, 0.1
1131, -0.1
1132, 0.2
1133, 0.0
1134, 0.0
1135, 0.1
1136, 0.3
1137, 0.2
1138, 0.0
1139, 0.1
1140, -0.1
1141, -0.2
1142, 0.0
1143, 0.1
1144, 0.3
1145, 0.1
1146, 0.0
1147, -0.2
1148, 0.0
1149, 0.1
1150, 0.0
1151, -0.4
1152, -0.1
1153, 0.3
1154, 0.3
1155, -0.2
1156, 0.0
1157, 0.2
1158, -0.1
1159, 0.2
1160, 0.0
1161, 0.1
1162, -0.2
1163, -0.3
1164, 0.0
1165, 0.1
1166, -0.4
1167, -0.1
1168, 0.0
1169, 0.0
1170, -0.3
1171, 0.4
1172, 0.4
1173, -0.2
1174, 0.3
1175, 0.0
1176, 0.0
1177, 0.0
1178, 0.2
1179, -0.2
1180, -0.1
1181, -0.1
1182, 0.1
1183, 0.0
1184, -0.1
1185, 0.1
1186, -0.3
1187, -0.3
1188, -0.1
1189, 0.2
1190, 0.4
1191, -0.2
1192, 0.3
1193, 0.1
1194, 0.4
1195, -0.1
1196, 0.2
1197, -0.3
1198, 0.1
1199, 0.1
1200, -0.2
1201, 0.1
1202, 0.4
1203, -0.1
1204, 0.0
1205, 0.3
1206, 0.1
1207, -0.1
1208, -0.1
1209, 0.0
1210, 0.1
1211, -0.3
1212, -0.2
1213, 0.1
1214, 0.1
1215, -0.3
1216, -0.3
1217, 0.1
1218, -0.4
1219, 0.4
1220, 0.0
1221, 0.1
1222, -0.2
1223, -0.3
1224, 0.2
1225, 0.1
1226, -0.1
1227, 0.2
1228, -0.4
1229, -0.3
1230, 0.1
1231, 0.1
1232, 0.2
1233, 0.0
1234, 0.1
1235, 0.3
1236, 0.2
1237, 0.0
1238, 0.3
1239, 0.2
1240, -0.1
1241, 0.1
1242, 0.0
1243, 0.1
1244, -0.5
1245, 0.0
1246, 0.2
1247, 0.1
1248, -0.2
1249, 0.1
1250, 0.3
1251, 0.1
1252, 0.3
1253, -0.5
1254, 0.1
1255, 0.0
1256, 0.3
1257, 0.2
1258, 0.2
1259, -0.1
1260, -0.4
1261, -0.2
1262, -0.4
1263, -0.1
1264, 0.0
1265, 0.0
1266, -0.2
1267, 0.1
1268, 0.1
1269, 0.1
1270, 0.3
1271, -0.2
1272, 0.3
1273, -0.1
1274, 0.3
1275, -0.2
1276, 0.1
1277, 0.4
1278, 0.0
1279, -0.2
1280, 0.1
1281, 0.4
1282, 0.2
1283, -0.2
1284, -0.1
1285, -0.3
1286, 0.2
1287, 0.1
1288, -0.1
1289, 0.1
1290, -0.2
1291, 0.2
1292, -0.3
1293, -0.2
1294, -0.3
1295, 0.0
1296, 0.2
1297, 0.1
1298, -0.4
1299, 0.1
1300, -0.1
1301, 0.3
1302, 0.0
1303, 0.3
1304, 0.1
1305, -0.4
1306, 0.4
1307, -0.1
1308, 0.0
1309, 0.0
1310, 0.0
1311, -0.3
1312, 0.3
1313, 0.2
1314, 0.1
1315, -0.2
1316, -0.1
1317, 0.0
1318, 0.1
1319, 0.1
1320, -0.5
1321, 0.0
1322, 0.0
1323, 0.0
1324, 0.0
1325, -0.1
1326, -0.2
1327, -0.2
1328, 0.0
1329, 0.2
1330, 0.0
1331, 0.3
1332, 0.0
1333, 0.3
1334, -0.3
1335, 0.0
1336, 0.1
1337, -0.1
1338, -0.5
1339, 0.2
1340, -0.1
1341, -0.2
1342, -0.3
1343, -0.1
1344, -0.1
1345, -0.1
1346, 0.0
1347, -0.7
1348, 0.4
1349, 0.1
1350, 0.4
1351, 0.2
1352, 0.3
1353, 0.3
1354, 0.0
1355, -0.2
1356, 0.1
1357, 0.1
1358, 0.3
1359, 0.0
1360, 0.1
1361, 0.1
1362, -0.2
1363, 0.2
1364, -0.1
1365, 0.1
1366, 0.1
1367, 0.2
1368, 0.1
1369, -0.5
1370, 0.2
1371, -0.1
1372, 0.2
1373, 0.3
1374, -0.1
1375, -0.1
1376, -0.2
1377, -0.7
1378, -0.4
1379, 0.3
1380, 0.2
1381, 0.1
1382, 0.0
1383, -0.1
1384, 0.0
1385, 0.1
1386, 0.1
1387, -0.2
1388, -0.1
1389, 0.3
1390, 0.0
1391, 0.0
1392, 0.1
1393, 0.1
1394, 0.2
1395, 0.2
1396, 0.0
1397, -0.3
1398, 0.2
1399, 0.0
1400, 0.0
1401, 0.0
1402, 0.0
1403, 0.3
1404, -0.2
1405, 0.3
1406, 0.3
1407, 0.3
1408, -0.1
1409, -0.1
1410, 0.4
1411, 0.3
1412, 0.0
1413, -0.3
1414, 0.1
1415, 0.1
1416, 0.1
1417, 0.2
1418, 0.2
1419, -0.2
1420, 0.0
1421, -0.3
1422, 0.2
1423, 0.3
1424, 0.0
1425, -0.2
1426, 0.1
1427, 0.0
1428, 0.1
1429, 0.3
1430, -0.4
1431, 0.2
1432, 0.2
1433, 0.0
1434, -0.2
1435, 0.3
1436, 0.0
1437, 0.3
1438, 0.3
1439, 0.3
1440, -0.2
1441, -0.1
1442, 0.1
1443, 0.0
1444, -0.3
1445, 0.1
1446, 0.2
1447, 0.2
1448, 0.0
1449, -0.3
1450, 0.1
1451, 0.1
1452, 0.1
1453, 0.1
1454, 0.1
1455, 0.0
1456, -0.1
1457, 0.1
1458, 0.2
1459, -0.1
1460, -0.3
1461, 0.3
1462, -0.1
1463, 0.2
1464, -0.4
1465, 0.2
1466, -0.3
1467, 0.3
1468, 0.2
1469, 0.1
1470, -0.2
1471, -0.4
1472, 0.2
1473, 0.1
1474, -0.3
1475, -0.1
1476, 0.1
1477, -0.2
1478, 0.0
1479, -0.4
1480, 0.3
1481, -0.1
1482, -0.4
1483, 0.1
1484, -0.3
1485, -0.2
1486, -0.1
1487, 0.2
1488, 0.3
1489, 0.3
1490, -0.1
1491, 0.3
1492, -0.2
1493, 0.1
1494, 0.1
1495, -0.3
1496, 0.0
1497, 0.2
1498, -0.5
1499, -0.2
1500, -0.1
1501, -0.1
1502, 0.3
1503, -0.2
1504, 0.2
1505, 0.1
1506, 0.2
1507, -0.3
1508, -0.1
1509, -0.1
1510, 0.1
1511, -0.1
1512, 0.1
1513, 0.3
1514, 0.0
1515, -0.4
1516, 0.3
1517, 0.3
1518, 0.3
1519, 0.3
1520, -0.4
1521, -0.5
1522, 0.0
1523, 0.3
1524, 0.2
1525, 0.4
1526, -0.1
1527, -0.2
1528, -0.4
1529, -0.1
1530, 0.1
1531, 0.3
1532, -0.1
1533, -0.1
1534, 0.2
1535, 0.0
1536, -0.2
1537, -0.5
1538, 0.0
1539, 0.2
1540, -0.1
1541, 0.1
1542, -0.3
1543, -0.4
1544, 0.0
1545, -0.1
1546, 0.1
1547, 0.1
1548, 0.3
1549, 0.0
1550, 0.0
1551, 0.0
1552, -0.1
1553, 0.0
1554, -0.1
1555, 0.0
1556, -0.1
1557, 0.4
1558, 0.2
1559, 0.0
1560, -0.3
1561, 0.0
1562, -0.2
1563, -0.6
1564, 0.2
1565, 0.1
1566, 0.2
1567, -0.2
1568, 0.2
1569, -0.4
1570, 0.3
1571, 0.3
1572, 0.1
1573, 0.3
1574, 0.4
1575, -0.3
1576, 0.4
1577, 0.3
1578, 0.4
1579, 0.2
1580, -0.1
1581, 0.0
1582, 0.3
1583, -0.2
1584, -0.2
1585, 0.1
1586, -0.2
1587, -0.2
1588, 0.0
1589, -0.1
1590, 0.1
1591, -0.1
1592, 0.2
1593, -0.1
1594, 0.3
1595, 0.0
1596, -0.2
1597, -0.3
1598, 0.1
1599, -0.3
1600, -0.1
1601, -0.2
1602, 0.3
1603, -0.2
1604, -0.2
1605, -0.5
1606, -0.1
1607, 0.1
1608, -0.3
1609, -0.2
1610, 0.2
1611, 0.0
1612, 0.3
1613, -0.1
1614, 0.0
1615, -0.1
1616, -0.1
1617, 0.1
1618, -0.3
1619, 0.1
1620, 0.0
1621, -0.1
1622, -0.3
1623, 0.0
1624, -0.2
1625, -0.2
1626, 0.1
1627, -0.1
1628, -0.4
1629, 0.0
1630, 0.3
1631, 0.0
1632, -0.2
1633, -0.2
1634, 0.0
1635, -0.3
1636, 0.0
1637, -0.1
1638, 0.1
1639, -0.4
1640, -0.6
1641, -0.1
1642, -0.1
1643, -0.3
1644, 0.0
1645, 0.3
1646, 0.0
1647, 0.2
1648, 0.2
1649, 0.1
1650, 0.3
1651, 0.1
1652, 0.2
1653, 0.4
1654, 0.3
1655, 0.0
1656, 0.2
1657, -0.1
1658, 0.1
1659, -0.2
1660, 0.1
1661, 0.3
1662, 0.1
1663, -0.6
1664, 0.2
1665, -0.3
1666, -0.4
1667, -0.3
1668, 0.3
1669, -0.2
1670, -0.3
1671, -0.1
1672, 0.3
1673, 0.3
1674, 0.1
1675, -0.4
1676, -0.3
1677, 0.4
1678, 0.2
1679, -0.2
1680, 0.2
1681, -0.3
1682, 0.2
1683, 0.0
1684, 0.0
1685, -0.3
1686, 0.4
1687, 0.0
1688, 0.1
1689, 0.5
1690, 0.2
1691, 0.0
1692, 0.0
1693, -0.3
1694, 0.2
1695, 0.1
1696, 0.2
1697, 0.0
1698, -0.2
1699, 0.1
1700, 0.0
1701, 0.0
1702, 0.0
1703, 0.2
1704, -0.1
1705, -0.3
1706, 0.0
1707, -0.3
1708, 0.1
1709, -0.1
1710, 0.1
1711, 0.3
1712, 0.1
1713, 0.0
1714, 0.1
1715, 0.4
1716, -0.1
1717, -0.4
1718, 0.4
1719, -0.2
1720, -0.1
1721, -0.2
1722, 0.2
1723, 0.4
1724, 0.4
1725, 0.0
1726, -0.1
1727, 0.3
1728, 0.0
1729, 0.4
1730, -0.3
1731, 0.4
1732, 0.0
1733, -0.3
1734, -0.2
1735, 0.0
1736, 0.2
1737, -0.5
1738, -0.5
1739, 0.0
1740, 0.0
1741, 0.1
1742, 0.3
1743, -0.4
1744, -0.2
1745, 0.3
1746, -0.4
1747, 0.3
1748, 0.3
1749, -0.2
1750, 0.0
1751, 0.1
1752, -0.6
1753, 0.3
1754, 0.1
1755, 0.0
1756, -0.2
1757, 0.0
1758, 0.2
1759, 0.4
1760, -0.2
1761, -0.3
1762, 0.0
1763, -0.3
1764, -0.5
1765, -0.1
1766, -0.2
1767, -0.1
1768, 0.1
1769, -0.3
1770, 0.0
1771, 0.1
1772, -0.3
1773, 0.4
1774, 0.0
1775, -0.2
1776, -0.5
1777, 0.1
1778, -0.1
1779, -0.3
1780, -0.2
1781, 0.3
1782, 0.2
1783, 0.0
1784, -0.1
1785, 0.2
1786, -0.7
1787, 0.5
1788, -0.1
1789, -0.5
1790, 0.2
1791, 0.2
1792, 0.1
1793, 0.1
1794, 0.3
1795, 0.4
1796, -0.2
1797, 0.1
1798, 0.4
1799, -0.1
1800, -0.1
1801, -0.3
1802, 0.2
1803, 0.1
1804, 0.2
1805, 0.3
1806, 0.0
1807, 0.2
1808, 0.2
1809, 0.1
1810, 0.1
1811, 0.1
1812, 0.2
1813, -0.2
1814, 0.2
1815, 0.3
1816, -0.2
1817, 0.1
1818, -0.2
1819, 0.0
1820, 0.0
1821, -0.2
1822, 0.2
1823, 0.2
1824, 0.1
1825, 0.0
1826, 0.2
1827, 0.2
1828, -0.1
1829, -0.1
1830, -0.5
1831, 0.0
1832, 0.2
1833, -0.1
1834, 0.1
1835, -0.4
1836, 0.4
1837, 0.3
1838, 0.4
1839, -0.2
1840, 0.0
1841, 0.0
1842, -0.1
1843, 0.1
1844, -0.1
1845, 0.2
1846, -0.3
1847, 0.4
1848, 0.2
1849, 0.3
1850, -0.1
1851, -0.1
1852, 0.0
1853, -0.1
1854, 0.2
1855, -0.2
1856, 0.0
1857, 0.0
1858, -0.4
1859, 0.0
1860, 0.1
1861, -0.1
1862, -0.2
1863, 0.3
1864, 0.3
1865, 0.3
1866, 0.0
1867, -0.5
1868, -0.5
1869, 0.2
1870, -0.5
1871, 0.2
1872, -0.1
1873, -0.1
1874, 0.1
1875, -0.3
1876, -0.1
1877, -0.1
1878, -0.2
1879, 0.1
1880, -0.5
1881, -0.2
1882, -0.2
1883, 0.1
1884, -0.1
1885, 0.2
1886, 0.1
1887, 0.0
1888, 0.0
1889, 0.0
1890, -0.2
1891, 0.2
1892, 0.3
1893, 0.3
1894, -0.3
1895, 0.1
1896, -0.2
1897, -0.3
1898, 0.2
1899, -0.1
1900, -0.2
1901, -0.1
1902, -0.3
1903, -0.4
1904, 0.3
1905, 0.4
1906, 0.3
1907, 0.1
1908, -0.4
1909, 0.0
1910, -0.3
1911, 0.3
1912, 0.0
1913, 0.0
1914, -0.1
1915, 0.2
1916, 0.1
1917, 0.0
1918, 0.2
1919, -0.1
1920, 0.1
1921, 0.1
1922, -0.2
1923, 0.1
1924, 0.0
1925, -0.2
1926, 0.2
1927, -0.1
1928, 0.2
1929, 0.1
1930, 0.0
1931, -0.1
1932, 0.4
1933, 0.2
1934, 0.1
1935, 0.0
1936, 0.3
1937, -0.3
1938, 0.4
1939, -0.4
1940, 0.4
1941, -0.3
1942, 0.1
1943, -0.3
1944, 0.3
1945, 0.1
1946, -0.3
1947, 0.2
1948, 0.3
1949, 0.0
1950, 0.1
1951, 0.1
1952, 0.3
1953, 0.1
1954, -0.6
1955, 0.1
1956, 0.0
1957, 0.1
1958, -0.1
1959, -0.1
1960, 0.3
1961, -0.2
1962, 0.2
1963, -0.1
1964, -0.1
1965, 0.2
1966, -0.4
1967, 0.1
1968, -0.3
1969, 0.1
1970, -0.3
1971, 0.4
1972, 0.0
1973, -0.7
1974, 0.4
1975, -0.6
1976, -0.2
1977, 0.3
1978, -0.2
1979, -0.5
1980, 0.1
1981, 0.4
1982, 0.1
1983, 0.1
1984, 0.0
1985, 0.1
1986, -0.1
1987, 0.3
1988, -0.3
1989, -0.4
1990, 0.4
1991, 0.1
1992, 0.0
1993, 0.0
1994, 0.2
1995, 0.0
1996, -0.1
1997, 0.3
1998, -0.1
1999, 0.0
2000, -0.1
2001, -0.3
2002, -0.4
2003, 0.0
2004, 0.0
2005, -0.1
2006, 0.0
2007, 0.2
2008, 0.0
2009, 0.3
2010, 0.3
2011, -0.2
2012, 0.4
2013, 0.1
2014, -0.2
2015, 0.2
2016, -0.3
2017, 0.0
2018, 0.1
2019, -0.1
2020, 0.1
2021, 0.0
2022, -0.1
2023, -0.1
2024, 0.0
2025, 0.0
2026, 0.2
2027, -0.4
2028, -0.2
2029, 0.2
2030, -0.1
2031, -0.1
2032, -0.2
2033, -0.1
2034, 0.2
2035, 0.3
2036, -0.1
2037, 0.3
2038, 0.0
2039, -0.2
2040, 0.3
2041, 0.0
2042, 0.4
2043, 0.0
2044, 0.1
2045, -0.1
2046, 0.3
2047, -0.4
2048, 0.2
2049, 0.0
2050, 0.1
2051, 0.0
2052, 0.2
2053, -0.4
2054, 0.2
2055, 0.0
2056, 0.2
2057, -0.6
2058, -0.2
2059, -0.1
2060, -0.1
2061, 0.3
2062, 0.0
2063, 0.2
2064, 0.0
2065, -0.2
2066, -0.2
2067, 0.1
2068, 0.2
2069, 0.0
2070, 0.3
2071, -0.1
2072, -0.1
2073, 0.2
2074, -0.6
2075, -0.3
2076, 0.2
2077, 0.1
2078, 0.0
2079, 0.1
2080, 0.2
2081, 0.0
2082, 0.1
2083, -0.2
2084, 0.3
2085, 0.2
2086, -0.1
2087, 0.0
2088, -0.2
2089, 0.0
2090, -0.2
2091, 0.2
2092, 0.0
2093, 0.0
2094, -0.1
2095, 0.0
2096, 0.2
2097, -0.1
2098, -0.1
2099, 0.0
2100, 0.2
2101, 0.4
2102, 0.1
2103, 0.2
2104, -0.3
2105, -0.4
2106, 0.0
2107, -0.1
2108, -0.3
2109, -0.4
2110, -0.2
2111, 0.2
2112, -0.1
2113, -0.2
2114, 0.2
2115, 0.2
2116, 0.3
2117, 0.2
2118, -0.6
2119, 0.1
2120, 0.1
2121, -0.4
2122, -0.2
2123, -0.1
2124, -0.4
2125, -0.1
2126, 0.5
2127, -0.1
2128, 0.1
2129, -0.3
2130, 0.1
2131, 0.2
2132, -0.1
2133, -0.2
2134, 0.3
2135, -0.4
2136, -0.3
2137, -0.1
2138, 0.3
2139, -0.1
2140, 0.1
2141, 0.3
2142, 0.1
2143, -0.4
2144, 0.0
2145, 0.2
2146, 0.2
2147, 0.2
2148, 0.1
2149, 0.0
2150, 0.3
2151, -0.1
2152, -0.1
2153, -0.2
2154, 0.2
2155, 0.0
2156, 0.1
2157, 0.3
2158, -0.2
2159, -0.3
2160, -0.2
2161, 0.3
2162, 0.1
2163, -0.1
2164, -0.1
2165, -0.3
2166, 0.1
2167, 0.2
2168, 0.0
2169, -0.3
2170, 0.1
2171, -0.2
2172, 0.2
2173, -0.1
2174, -0.4
2175, 0.4
2176, 0.3
2177, 0.1
2178, -0.1
2179, 0.2
2180, -0.1
2181, 0.4
2182, 0.1
2183, 0.1
2184, -0.5
2185, 0.0
2186, 0.2
2187, 0.2
2188, 0.1
2189, -0.1
2190, -0.7
2191, 0.1
2192, 0.2
2193, -0.3
2194, 0.2
2195, -0.1
2196, 0.3
2197, 0.3
2198, 0.0
2199, 0.1
2200, -0.1
2201, 0.1
2202, 0.2
2203, -0.1
2204, 0.0
2205, 0.3
2206, 0.4
2207, 0.5
2208, 0.0
2209, 0.2
2210, 0.3
2211, -0.4
2212, -0.1
2213, -0.1
2214, -0.4
2215, 0.2
2216, -0.1
2217, 0.3
2218, -0.1
2219, -0.2
2220, 0.3
2221, -0.1
2222, 0.0
2223, -0.2
2224, -0.2
2225, -0.2
2226, 0.1
2227, 0.0
2228, 0.2
2229, -0.1
2230, 0.0
2231, -0.1
2232, 0.1
2233, 0.0
2234, -0.1
2235, 0.5
2236, 0.3
2237, 0.1
2238, 0.0
2239, -0.1
2240, 0.1
2241, 0.0
2242, -0.2
2243, 0.1
2244, 0.1
2245, 0.1
2246, 0.0
2247, 0.1
2248, -0.3
2249, 0.3
2250, 0.2
2251, 0.5
2252, 0.3
2253, 0.1
2254, 0.1
2255, -0.3
2256, 0.4
2257, 0.1
2258, 0.2
2259, -0.1
2260, 0.3
2261, -0.1
2262, 0.0
2263, 0.2
2264, 0.1
2265, 0.0
2266, 0.1
2267, 0.0
2268, 0.2
2269, 0.0
2270, 0.2
2271, 0.1
2272, 0.0
2273, 0.2
2274, -0.1
2275, -0.2
2276, 0.1
2277, -0.4
2278, 0.1
2279, -0.2
2280, -0.1
2281, -0.1
2282, 0.0
2283, 0.0
2284, -0.1
2285, 0.2
2286, -0.3
2287, -0.2
2288, 0.1
2289, 0.1
2290, 0.0
2291, 0.0
2292, -0.3
2293, -0.1
2294, 0.1
2295, -0.3
2296, -0.4
2297, 0.2
2298, 0.0
2299, 0.1
2300, -0.2
2301, -0.3
2302, -0.2
2303, 0.0
2304, 0.1
2305, 0.0
2306, 0.5
2307, -0.3
2308, -0.1
2309, 0.1
2310, 0.0
2311, 0.0
2312, 0.1
2313, -0.1
2314, 0.0
2315, 0.1
2316, 0.1
2317, -0.1
2318, -0.1
2319, 0.1
2320, 0.2
2321, 0.0
2322, -0.3
2323, 0.1
2324, -0.1
2325, 0.0
2326, -0.4
2327, -0.2
2328, 0.5
2329, -0.1
2330, 0.0
2331, 0.3
2332, 0.2
2333, -0.3
2334, 0.2
2335, 0.0
2336, 0.1
2337, 0.3
2338, 0.2
2339, 0.3
2340, -0.1
2341, -0.4
2342, 0.1
2343, -0.4
2344, 0.1
2345, 0.1
2346, -0.4
2347, 0.3
2348, 0.2
2349, 0.3
2350, 0.5
2351, -0.1
2352, -0.2
2353, -0.1
2354, 0.2
2355, -0.1
2356, 0.1
2357, 0.1
2358, 0.2
2359, 0.0
2360, 0.1
2361, 0.1
2362, -0.6
2363, 0.0
2364, 0.1
2365, 0.0
2366, 0.1
2367, 0.0
2368, 0.1
2369, -0.2
2370, 0.1
2371, 0.1
2372, 0.4
2373, 0.1
2374, 0.2
2375, 0.4
2376, 0.4
2377, 0.0
2378, 0.1
2379, 0.2
2380, 0.3
2381, 0.0
2382, 0.0
2383, -0.4
2384, -0.1
2385, 0.4
2386, 0.0
2387, -0.4
2388, 0.0
2389, 0.1
2390, 0.3
2391, 0.1
2392, 0.2
2393, -0.1
2394, -0.1
2395, 0.2
2396, 0.2
2397, -0.1
2398, 0.0
2399, -0.1
2400, 0.1
2401, 0.1
2402, 0.3
2403, -0.2
2404, 0.3
2405, 0.3
2406, -0.3
2407, 0.2
2408, 0.2
2409, 0.1
2410, 0.0
2411, -0.1
2412, 0.1
2413, -0.6
2414, 0.2
2415, 0.2
2416, 0.3
2417, 0.1
2418, 0.3
2419, 0.1
2420, 0.4
2421, -0.4
2422, 0.2
2423, 0.1
2424, 0.3
2425, 0.1
2426, 0.1
2427, 0.1
2428, 0.0
2429, 0.2
2430, 0.0
2431, -0.3
2432, 0.1
2433, 0.1
2434, 0.2
2435, -0.4
2436, 0.0
2437, 0.0
2438, -0.4
2439, -0.1
2440, 0.3
2441, -0.2
2442, -0.1
2443, -0.3
2444, 0.2
2445, 0.2
2446, -0.1
2447, -0.2
2448, 0.3
2449, 0.3
2450, 0.0
2451, -0.2
2452, -0.1
2453, -0.2
2454, 0.0
2455, -0.4
2456, 0.0
2457, -0.1
2458, -0.1
2459, 0.0
2460, 0.1
2461, -0.1
2462, 0.1
2463, -0.1
2464, 0.1
2465, 0.0
2466, 0.1
2467, 0.0
2468, -0.3
2469, 0.0
2470, 0.3
2471, 0.1
2472, -0.2
2473, -0.1
2474, 0.2
2475, 0.1
2476, 0.2
2477, -0.1
2478, -0.2
2479, 0.0
2480, 0.3
2481, 0.3
2482, -0.4
2483, -0.4
2484, -0.2
2485, 0.3
2486, -0.2
2487, -0.4
2488, -0.2
2489, 0.4
2490, 0.0
2491, 0.2
2492, 0.2
2493, 0.0
2494, 0.1
2495, 0.1
2496, -0.1
2497, -0.3
2498, 0.3
2499, 0.0
2500, 0.0
2501, -0.2
2502, -0.1
2503, 0.1
2504, 0.1
2505, 0.1
2506, 0.5
2507, -0.5
2508, 0.3
2509, -0.1
2510, 0.1
2511, 0.2
2512, -0.1
2513, 0.1
2514, 0.4
2515, 0.2
2516, 0.3
2517, 0.2
2518, 0.1
2519, 0.1
2520, -0.1
2521, 0.2
2522, 0.1
2523, 0.0
2524, 0.2
2525, 0.3
2526, 0.1
2527, -0.4
2528, -0.3
2529, -0.5
2530, 0.3
2531, 0.0
2532, -0.1
2533, 0.0
2534, -0.1
2535, 0.0
2536, 0.0
2537, 0.0
2538, -0.1
2539, 0.4
2540, -0.4
2541, 0.0
2542, 0.0
2543, 0.4
2544, -0.5
2545, 0.2
2546, -0.2
2547, 0.2
2548, -0.2
2549, 0.4
2550, 0.0
2551, 0.0
2552, 0.1
2553, 0.1
2554, 0.1
2555, 0.3
2556, 0.2
2557, 0.1
2558, 0.3
2559, 0.0
2560, -0.2
2561, 0.3
2562, 0.0
2563, 0.0
2564, 0.2
2565, 0.3
2566, 0.2
2567, 0.2
2568, -0.1
2569, 0.0
2570, 0.1
2571, 0.3
2572, -0.1
2573, 0.0
2574, 0.1
2575, -0.2
2576, -0.4
2577, -0.1
2578, -0.2
2579, -0.1
2580, 0.0
2581, 0.0
2582, 0.2
2583, -0.1
2584, -0.4
2585, -0.1
2586, -0.2
2587, 0.3
2588, 0.2
2589, 0.3
2590, 0.0
2591, -0.5
2592, -0.1
2593, -0.1
2594, 0.2
2595, -0.2
2596, -0.6
2597, 0.1
2598, 0.0
2599, 0.0
2600, -0.2
2601, -0.5
2602, 0.1
2603, -0.1
2604, 0.0
2605, -0.2
2606, -0.1
2607, -0.1
2608, -0.1
2609, 0.2
2610, 0.1
2611, -0.2
2612, -0.1
2613, 0.0
2614, -0.1
2615, -0.3
2616, 0.0
2617, 0.2
2618, 0.0
2619, 0.4
2620, -0.1
2621, 0.2
2622, 0.3
2623, -0.4
2624, -0.4
2625, 0.0
2626, 0.2
2627, -0.3
2628, -0.2
2629, -0.1
2630, 0.3
2631, 0.3
2632, 0.4
2633, -0.5
2634, 0.0
2635, -0.1
2636, 0.2
2637, 0.0
2638, 0.5
2639, 0.0
2640, -0.4
2641, -0.2
2642, 0.0
2643, 0.2
2644, -0.2
2645, 0.0
2646, -0.1
2647, -0.1
2648, -0.2
2649, -0.1
2650, 0.5
2651, 0.3
2652, -0.1
2653, 0.1
2654, 0.1
2655, 0.2
2656, -0.2
2657, -0.1
2658, -0.2
2659, 0.1
2660, -0.1
2661, -0.1
2662, 0.1
2663, 0.4
2664, -0.1
2665, 0.1
2666, -0.3
2667, 0.2
2668, 0.3
2669, -0.2
2670, 0.1
2671, 0.2
2672, 0.1
2673, -0.1
2674, 0.3
2675, -0.1
2676, 0.2
2677, 0.1
2678, 0.0
2679, -0.2
2680, 0.2
2681, 0.2
2682, -0.1
2683, -0.2
2684, 0.4
2685, 0.1
2686, 0.3
2687, -0.3
2688, -0.1
2689, 0.0
2690, -0.4
2691, -0.1
2692, -0.3
2693, -0.3
2694, 0.2
2695, 0.2
2696, 0.0
2697, 0.1
2698, -0.3
2699, 0.0
2700, 0.0
2701, -0.1
2702, 0.1
2703, 0.2
2704, 0.1
2705, 0.1
2706, -0.4
2707, -0.1
2708, 0.0
2709, 0.2
2710, -0.1
2711, 0.1
2712, 0.2
2713, 0.3
2714, -0.6
2715, 0.3
2716, 0.3
2717, -0.2
2718, 0.3
2719, -0.1
2720, 0.1
2721, 0.0
2722, -0.1
2723, 0.2
2724, 0.0
2725, 0.2
2726, -0.3
2727, -0.2
2728, 0.4
2729, 0.2
2730, 0.0
2731, 0.0
2732, 0.0
2733, 0.2
2734, 0.1
2735, -0.2
2736, -0.2
2737, 0.4
2738, 0.0
2739, 0.2
2740, -0.1
2741, 0.1
2742, 0.0
2743, 0.2
2744, 0.1
2745, 0.0
2746, 0.1
2747, 0.0
2748, -0.1
2749, -0.1
2750, 0.1
2751, 0.1
2752, 0.0
2753, -0.3
2754, -0.2
2755, -0.1
2756, -0.2
2757, 0.1
2758, -0.2
2759, 0.2
2760, 0.1
2761, 0.2
2762, -0.2
2763, -0.1
2764, -0.3
2765, 0.1
2766, -0.2
2767, 0.2
2768, -0.1
2769, 0.3
2770, 0.0
2771, -0.3
2772, 0.4
2773, 0.0
2774, -0.2
2775, -0.3
2776, -0.2
2777, 0.1
2778, 0.0
2779, -0.1
2780, -0.2
2781, 0.3
2782, 0.1
2783, 0.2
2784, 0.3
2785, 0.1
2786, 0.0
2787, -0.4
2788, -0.4
2789, -0.1
2790, 0.2
2791, 0.0
2792, 0.5
2793, 0.2
2794, 0.1
2795, -0.1
2796, -0.2
2797, 0.0
2798, -0.1
2799, 0.0
2800, -0.3
2801, 0.2
2802, 0.1
2803, 0.2
2804, -0.2
2805, 0.0
2806, -0.1
2807, -0.3
2808, 0.0
2809, 0.3
2810, 0.1
2811, 0.1
2812, -0.2
2813, 0.1
2814, 0.1
2815, 0.2
2816, 0.1
2817, 0.1
2818, 0.2
2819, -0.1
2820, -0.1
2821, -0.2
2822, 0.0
2823, 0.1
2824, -0.3
2825, 0.0
2826, -0.3
2827, -0.1
2828, -0.1
2829, -0.2
2830, -0.3
2831, -0.3
2832, 0.0
2833, 0.0
2834, 0.0
2835, -0.3
2836, 0.3
2837, 0.2
2838, -0.2
2839, -0.2
2840, -0.4
2841, 0.2
2842, 0.0
2843, 0.2
2844, -0.1
2845, 0.2
2846, -0.2
2847, -0.1
2848, 0.2
2849, -0.2
2850, -0.2
2851, 0.3
2852, 0.1
2853, -0.1
2854, -0.1
2855, 0.0
2856, -0.3
2857, -0.1
2858, 0.1
2859, 0.4
2860, -0.3
2861, 0.2
2862, 0.1
2863, 0.0
2864, 0.1
2865, 0.0
2866, -0.2
2867, -0.2
2868, -0.1
2869, 0.3
2870, -0.5
2871, 0.2
2872, -0.1
2873, -0.1
2874, 0.0
2875, -0.1
2876, 0.2
2877, 0.0
2878, 0.1
2879, -0.6
2880, -0.1
2881, 0.0
2882, 0.2
2883, 0.0
2884, 0.2
2885, -0.1
2886, 0.1
2887, 0.1
2888, 0.3
2889, 0.3
2890, -0.1
2891, 0.0
2892, 0.3
2893, 0.0
2894, 0.0
2895, 0.0
2896, 0.0
2897, 0.3
2898, 0.2
2899, 0.3
2900, 0.0
2901, -0.1
2902, 0.0
2903, 0.0
2904, -0.1
2905, -0.1
2906, 0.1
2907, 0.2
2908, -0.1
2909, 0.0
2910, 0.1
2911, 0.1
2912, 0.3
2913, -0.2
2914, 0.1
2915, 0.2
2916, 0.3
2917, 0.1
2918, 0.3
2919, 0.1
2920, 0.1
2921, -0.2
2922, -0.4
2923, 0.2
2924, -0.1
2925, 0.5
2926, 0.1
2927, 0.2
2928, 0.0
2929, 0.2
2930, -0.1
2931, 0.0
2932, 0.3
2933, 0.2
2934, 0.1
2935, -0.1
2936, 0.1
2937, -0.1
2938, 0.0
2939, 0.1
2940, 0.3
2941, 0.3
2942, 0.1
2943, -0.4
2944, -0.1
2945, -0.9
2946, -0.1
2947, -0.3
2948, -0.3
2949, 0.1
2950, 0.1
2951, 0.1
2952, 0.2
2953, -0.1
2954, -0.5
2955, -0.3
2956, 0.0
2957, 0.0
2958, 0.5
2959, 0.4
2960, -0.1
2961, -0.1
2962, 0.1
2963, 0.0
2964, 0.0
2965, 0.4
2966, 0.1
2967, 0.0
2968, -0.2
2969, -0.2
2970, 0.2
2971, 0.1
2972, 0.0
2973, 0.3
2974, -0.1
2975, 0.1
2976, -0.5
2977, 0.3
2978, 0.1
2979, -0.2
2980, 0.0
2981, 0.2
2982, 0.3
2983, -0.3
2984, 0.1
2985, -0.2
2986, 0.1
2987, -0.1
2988, 0.0
2989, -0.7
2990, 0.2
2991, -0.1
2992, 0.0
2993, 0.0
2994, -0.2
2995, 0.2
2996, -0.1
2997, 0.4
2998, -0.7
2999, 0.1
3000, 0.0
3001, 0.1
3002, 0.5
3003, -0.1
3004, -0.4
3005, 0.1
3006, 0.0
3007, 0.1
3008, -0.2
3009, 0.2
3010, -0.2
3011, 0.1
3012, 0.0
3013, -0.1
3014, 0.4
3015, -0.1
3016, 0.1
3017, 0.2
3018, -0.4
3019, -0.2
3020, -0.2
3021, 0.2
3022, -0.1
3023, 0.1
3024, -0.7
3025, -0.1
3026, 0.1
3027, 0.2
3028, -0.3
3029, 0.0
3030, -0.1
3031, -0.3
3032, -0.3
3033, 0.1
3034, -0.2
3035, 0.1
3036, -0.2
3037, 0.0
3038, -0.1
3039, 0.1
3040, 0.4
3041, 0.3
3042, 0.0
3043, 0.0
3044, -0.4
3045, -0.1
3046, 0.1
3047, -0.1
3048, -0.3
3049, 0.2
3050, 0.3
3051, 0.0
3052, -0.2
3053, 0.2
3054, 0.1
3055, 0.1
3056, -0.4
3057, -0.1
3058, 0.1
3059, -0.3
3060, -0.1
3061, 0.3
3062, -0.3
3063, -0.2
3064, -0.2
3065, -0.6
3066, -0.2
3067, 0.1
3068, 0.4
3069, 0.3
3070, -0.2
3071, 0.1
3072, 0.0
3073, 0.2
3074, 0.1
3075, -0.2
3076, -0.2
3077, -0.1
3078, 0.1
3079, 0.1
3080, -0.2
3081, -0.2
3082, 0.1
3083, -0.1
3084, -0.1
3085, -0.2
3086, 0.4
3087, 0.1
3088, -0.3
3089, -0.1
3090, -0.1
3091, 0.0
3092, 0.3
3093, 0.1
3094, -0.4
3095, -0.1
3096, -0.1
3097, 0.2
3098, -0.1
3099, -0.3
3100, 0.3
3101, 0.0
3102, 0.1
3103, 0.0
3104, 0.4
3105, 0.1
3106, 0.2
3107, -0.2
3108, 0.2
3109, 0.0
3110, 0.1
3111, 0.1
3112, 0.0
3113, 0.1
3114, -0.4
3115, 0.2
3116, 0.2
3117, -0.1
3118, -0.2
3119, 0.2
3120, 0.3
3121, -0.3
3122, 0.0
3123, 0.0
3124, 0.0
3125, 0.1
3126, 0.0
3127, 0.1
3128, -0.2
3129, 0.2
3130, 0.1
3131, 0.2
3132, 0.0
3133, -0.1
3134, -0.1
3135, -0.2
3136, 0.3
3137, 0.3
3138, 0.1
3139, 0.0
3140, -0.3
3141, 0.5
3142, -0.1
3143, -0.3
3144, 0.0
3145, -0.2
3146, 0.1
3147, -0.3
3148, -0.1
3149, 0.0
3150, -0.3
3151, 0.2
3152, 0.1
3153, 0.1
3154, 0.2
3155, -0.1
3156, 0.2
3157, 0.1
3158, 0.2
3159, 0.1
3160, 0.1
3161, -0.4
3162, -0.4
3163, 0.4
3164, 0.3
3165, -0.1
3166, 0.2
3167, -0.6
3168, 0.1
3169, -0.2
3170, -0.1
3171, -0.2
3172, 0.0
3173, -0.2
3174, 0.4
3175, -0.3
3176, -0.1
3177, -0.1
3178, -0.4
3179, 0.3
3180, -0.1
3181, -0.5
3182, 0.0
3183, 0.0
3184, 0.3
3185, 0.0
3186, -0.2
3187, 0.5
3188, -0.4
3189, -0.1
3190, 0.0
3191, 0.0
3192, 0.0
3193, -0.1
3194, 0.1
3195, -0.1
3196, 0.1
3197, -0.1
3198, -0.2
3199, 0.4
3200, -0.1
3201, 0.1
3202, 0.2
3203, -0.1
3204, 0.0
3205, 0.0
3206, -0.3
3207, -0.2
3208, 0.2
3209, 0.1
3210, -0.4
3211, -0.2
3212, -0.2
3213, 0.1
3214, 0.1
3215, -0.6
3216, 0.0
3217, -0.5
3218, -0.2
3219, 0.1
3220, -0.1
3221, 0.2
3222, -0.2
3223, 0.0
3224, 0.3
3225, -0.1
3226, -0.2
3227, -0.1
3228, 0.3
3229, 0.0
3230, 0.1
3231, 0.1
3232, -0.1
3233, -0.2
3234, 0.1
3235, -0.3
3236, 0.3
3237, -0.1
3238, -0.1
3239, -0.2
3240, -0.2
3241, 0.1
3242, -0.2
3243, 0.3
3244, 0.1
3245, -0.2
3246, -0.3
3247, -0.1
3248, 0.0
3249, -0.2
3250, 0.2
3251, 0.4
3252, -0.4
3253, -0.1
3254, -0.2
3255, 0.1
3256, 0.2
3257, 0.2
3258, -0.2
3259, -0.7
3260, 0.4
3261, 0.0
3262, -0.1
3263, 0.0
3264, 0.0
3265, 0.1
3266, -0.2
3267, -0.2
3268, -0.2
3269, 0.0
3270, -0.1
3271, 0.0
3272, 0.2
3273, 0.0
3274, 0.3
3275, -0.3
3276, 0.2
3277, -0.2
3278, -0.3
3279, 0.3
3280, -0.6
3281, 0.0
3282, 0.0
3283, 0.0
3284, -0.1
3285, 0.0
3286, 0.3
3287, 0.0
3288, 0.2
3289, 0.0
3290, -0.1
3291, 0.2
3292, 0.1
3293, -0.2
3294, 0.0
3295, 0.0
3296, 0.1
3297, 0.0
3298, -0.1
3299, 0.2
3300, -0.3
3301, -0.1
3302, 0.3
3303, 0.1
3304, -0.4
3305, -0.3
3306, 0.3
3307, -0.2
3308, -0.1
3309, 0.1
3310, -0.1
3311, 0.3
3312, 0.0
3313, 0.1
3314, 0.3
3315, -0.1
3316, -0.2
3317, -0.1
3318, 0.1
3319, 0.0
3320, 0.0
3321, -0.4
3322, 0.2
3323, -0.2
3324, 0.5
3325, -0.2
3326, 0.0
3327, 0.1
3328, 0.0
3329, 0.2
3330, 0.1
3331, 0.0
3332, -0.5
3333, -0.2
3334, 0.2
3335, -0.3
3336, -0.4
3337, -0.1
3338, -0.3
3339, 0.1
3340, 0.0
3341, -0.2
3342, -0.1
3343, -0.2
3344, 0.2
3345, 0.4
3346, 0.3
3347, 0.4
3348, 0.0
3349, -0.1
3350, 0.2
3351, 0.0
3352, -0.3
3353, 0.3
3354, 0.0
3355, -0.2
3356, -0.4
3357, -0.6
3358, -0.5
3359, 0.0
3360, 0.3
3361, 0.2
3362, 0.2
3363, 0.4
3364, -0.3
3365, 0.0
3366, 0.3
3367, -0.3
3368, -0.5
3369, 0.0
3370, 0.0
3371, -0.1
3372, 0.3
3373, 0.1
3374, -0.2
3375, -0.2
3376, -0.2
3377, 0.2
3378, -0.1
3379, 0.3
3380, -0.1
3381, 0.0
3382, -0.2
3383, 0.0
3384, -0.6
3385, 0.2
3386, -0.2
3387, -0.6
3388, 0.0
3389, -0.1
3390, -0.1
3391, -0.1
3392, -0.1
3393, -0.5
3394, -0.1
3395, 0.0
3396, 0.3
3397, 0.2
3398, -0.3
3399, 0.0
3400, 0.1
3401, 0.2
3402, 0.0
3403, -0.3
3404, 0.3
3405, 0.2
3406, 0.2
3407, 0.0
3408, -0.1
3409, -0.3
3410, 0.2
3411, 0.2
3412, 0.0
3413, -0.1
3414, 0.0
3415, 0.2
3416, 0.1
3417, 0.0
3418, -0.1
3419, -0.3
3420, -0.2
3421, -0.1
3422, -0.2
3423, 0.1
3424, 0.4
3425, 0.0
3426, 0.0
3427, -0.1
3428, -0.1
3429, 0.2
3430, 0.0
3431, 0.2
3432, 0.2
3433, 0.0
3434, 0.3
3435, 0.3
3436, -0.1
3437, 0.1
3438, -0.4
3439, -0.4
3440, 0.1
3441, -0.4
3442, 0.0
3443, -0.2
3444, 0.3
3445, 0.2
3446, -0.1
3447, 0.1
3448, 0.3
3449, 0.3
3450, 0.2
3451, 0.1
3452, -0.1
3453, -0.1
3454, 0.3
3455, -0.3
3456, 0.0
3457, 0.1
3458, 0.2
3459, -0.1
3460, 0.1
3461, 0.0
3462, -0.2
3463, -0.2
3464, -0.1
3465, -0.1
3466, -0.1
3467, 0.3
3468, 0.1
3469, -0.1
3470, 0.4
3471, 0.3
3472, 0.1
3473, -0.4
3474, 0.2
3475, 0.1
3476, -0.4
3477, 0.0
3478, 0.3
3479, 0.0
3480, 0.1
3481, 0.1
3482, 0.0
3483, -0.4
3484, 0.4
3485, 0.2
3486, 0.0
3487, 0.1
3488, -0.3
3489, 0.1
3490, 0.1
3491, 0.1
3492, -0.4
3493, -0.2
3494, 0.3
3495, 0.0
3496, 0.1
3497, 0.1
3498, -0.2
3499, 0.3
3500, 0.1
3501, 0.5
3502, 0.2
3503, -0.1
3504, -0.3
3505, 0.2
3506, 0.1
3507, 0.4
3508, -0.3
3509, 0.2
3510, -0.4
3511, -0.2
3512, 0.0
3513, 0.1
3514, 0.1
3515, -0.1
3516, 0.0
3517, 0.3
3518, 0.2
3519, -0.2
3520, 0.2
3521, -0.1
3522, 0.1
3523, 0.2
3524, 0.2
3525, 0.2
3526, -0.1
3527, -0.4
3528, -0.7
3529, -0.4
3530, -0.1
3531, -0.1
3532, -0.4
3533, 0.2
3534, -0.3
3535, 0.0
3536, -0.3
3537, -0.6
3538, 0.1
3539, 0.1
3540, -0.2
3541, 0.1
3542, 0.2
3543, 0.1
3544, -0.1
3545, 0.3
3546, 0.1
3547, 0.0
3548, -0.3
3549, -0.3
3550, 0.5
3551, -0.1
3552, 0.3
3553, -0.1
3554, 0.3
3555, -0.3
3556, 0.4
3557, 0.0
3558, 0.3
3559, 0.4
3560, 0.3
3561, -0.4
3562, 0.2
3563, -0.2
3564, 0.5
3565, -0.1
3566, -0.3
3567, 0.2
3568, 0.0
3569, 0.2
3570, -0.1
3571, -0.4
3572, -0.1
3573, 0.0
3574, -0.1
3575, -0.3
3576, -0.3
3577, -0.3
3578, 0.2
3579, 0.0
3580, -0.1
3581, 0.4
3582, -0.2
3583, 0.1
3584, -0.2
3585, 0.0
3586, 0.2
3587, 0.2
3588, 0.4
3589, -0.1
3590, -0.4
3591, 0.0
3592, 0.0
3593, -0.1
3594, -0.3
3595, 0.0
3596, 0.2
3597, -0.1
3598, 0.3
3599, -0.3
3600, 0.0
3601, -0.1
3602, -0.5
3603, -0.1
3604, -0.2
3605, -0.1
3606, -0.2
3607, -0.1
3608, 0.2
3609, -0.1
3610, 0.1
3611, 0.1
3612, 0.4
3613, -0.2
3614, -0.3
3615, -0.1
3616, -0.1
3617, 0.1
3618, -0.3
3619, 0.4
3620, -0.3
3621, 0.2
3622, -0.4
3623, 0.2
3624, 0.0
3625, 0.3
3626, -0.2
3627, 0.0
3628, -0.4
3629, 0.3
3630, -0.4
3631, 0.0
3632, 0.1
3633, 0.0
3634, -0.1
3635, 0.4
3636, 0.0
3637, -0.1
3638, 0.2
3639, -0.1
3640, 0.4
3641, -0.2
3642, 0.5
3643, 0.1
3644, -0.5
3645, -0.1
3646, -0.2
3647, -0.1
3648, 0.1
3649, 0.0
3650, 0.0
3651, 0.3
3652, -0.2
3653, -0.6
3654, 0.0
3655, -0.1
3656, -0.2
3657, 0.5
3658, 0.1
3659, 0.0
3660, 0.0
3661, -0.2
3662, -0.1
3663, -0.1
3664, -0.1
3665, -0.3
3666, -0.3
3667, 0.0
3668, 0.0
3669, 0.2
3670, -0.4
3671, 0.1
3672, -0.4
3673, 0.2
3674, 0.4
3675, 0.0
3676, -0.3
3677, 0.3
3678, -0.1
3679, 0.1
3680, 0.2
3681, -0.4
3682, 0.0
3683, -0.1
3684, 0.4
3685, 0.3
3686, -0.1
3687, -0.1
3688, 0.2
3689, 0.1
3690, 0.4
3691, 0.2
3692, 0.0
3693, 0.5
3694, 0.3
3695, 0.0
3696, 0.0
3697, 0.1
3698, -0.1
3699, 0.0
3700, 0.1
3701, 0.2
3702, 0.1
3703, 0.0
3704, 0.1
3705, 0.1
3706, 0.0
3707, 0.1
3708, -0.3
3709, 0.3
3710, 0.2
3711, 0.1
3712, -0.5
3713, 0.0
3714, 0.0
3715, -0.2
3716, 0.2
3717, -0.3
3718, -0.3
3719, 0.3
3720, -0.2
3721, -0.1
3722, 0.2
3723, 0.0
3724, 0.1
3725, 0.0
3726, -0.1
3727, -0.3
3728, 0.2
3729, 0.1
3730, 0.1
3731, -0.3
3732, 0.1
3733, 0.0
3734, -0.2
3735, 0.3
3736, 0.3
3737, -0.3
3738, 0.2
3739, 0.3
3740, -0.4
3741, 0.0
3742, -0.1
3743, -0.4
3744, -0.1
3745, 0.2
3746, 0.0
3747, -0.1
3748, 0.2
3749, -0.3
3750, -0.2
3751, 0.1
3752, -0.3
3753, 0.3
3754, -0.2
3755, 0.2
3756, 0.1
3757, 0.2
3758, 0.1
3759, 0.4
3760, 0.3
3761, -0.2
3762, 0.2
3763, 0.2
3764, 0.3
3765, 0.5
3766, -0.2
3767, -0.6
3768, 0.1
3769, -0.1
3770, -0.2
3771, 0.3
3772, -0.1
3773, 0.0
3774, 0.1
3775, -0.5
3776, -0.2
3777, -0.2
3778, -0.2
3779, 0.2
3780, -0.4
3781, 0.1
3782, -0.1
3783, -0.2
3784, 0.3
3785, 0.1
3786, 0.2
3787, 0.0
3788, 0.3
3789, -0.3
3790, -0.3
3791, 0.1
3792, 0.5
3793, -0.1
3794, -0.1
3795, -0.6
3796, -0.1
3797, 0.0
3798, 0.0
3799, 0.2
3800, 0.3
3801, -0.1
3802, -0.1
3803, -0.1
3804, -0.2
3805, -0.1
3806, -0.3
3807, -0.4
3808, 0.0
3809, 0.1
3810, 0.3
3811, -0.1
3812, 0.2
3813, 0.3
3814, -0.4
3815, -0.1
3816, -0.1
3817, 0.0
3818, -0.3
3819, -0.1
3820, 0.2
3821, -0.1
3822, 0.2
3823, 0.3
3824, -0.2
3825, -0.2
3826, 0.1
3827, -0.3
3828, 0.1
3829, -0.2
3830, -0.5
3831, -0.6
3832, -0.3
3833, -0.3
3834, 0.2
3835, 0.0
3836, -0.4
3837, -0.3
3838, -0.1
3839, 0.0
3840, -0.1
3841, -0.2
3842, -0.3
3843, -0.1
3844, -0.1
3845, 0.1
3846, 0.0
3847, 0.0
3848, -0.2
3849, 0.2
3850, -0.2
3851, -0.5
3852, 0.3
3853, 0.1
3854, 0.1
3855, -0.1
3856, 0.0
3857, 0.0
3858, -0.6
3859, 0.1
3860, -0.3
3861, 0.4
3862, 0.0
3863, -0.1
3864, 0.1
3865, 0.2
3866, 0.3
3867, 0.1
3868, 0.0
3869, 0.0
3870, -0.1
3871, -0.2
3872, 0.0
3873, 0.0
3874, -0.4
3875, 0.2
3876, -0.1
3877, 0.1
3878, 0.3
3879, 0.2
3880, -0.1
3881, 0.3
3882, 0.0
3883, 0.3
3884, -0.1
3885, 0.1
3886, 0.3
3887, 0.3
3888, -0.2
3889, 0.5
3890, 0.2
3891, 0.0
3892, -0.2
3893, -0.3
3894, -0.2
3895, -0.1
3896, -0.3
3897, 0.3
3898, 0.2
3899, 0.0
3900, 0.1
3901, 0.0
3902, -0.3
3903, 0.3
3904, 0.0
3905, 0.1
3906, -0.2
3907, -0.3
3908, -0.1
3909, -0.2
3910, -0.1
3911, -0.1
3912, 0.2
3913, -0.3
3914, 0.3
3915, -0.2
3916, 0.4
3917, -0.1
3918, 0.1
3919, -0.3
3920, 0.1
3921, -0.1
3922, 0.1
3923, 0.2
3924, -0.3
3925, -0.1
3926, 0.4
3927, -0.1
3928, 0.0
3929, 0.0
3930, -0.3
3931, 0.2
3932, 0.2
3933, 0.1
3934, 0.3
3935, 0.3
3936, 0.5
3937, -0.1
3938, -0.3
3939, 0.3
3940, -0.4
3941, 0.0
3942, -0.1
3943, 0.3
3944, 0.2
3945, -0.3
3946, 0.2
3947, 0.3
3948, -0.1
3949, -0.1
3950, 0.1
3951, 0.0
3952, -0.2
3953, 0.0
3954, 0.2
3955, -0.1
3956, 0.2
3957, 0.2
3958, -0.2
3959, 0.5
3960, 0.0
3961, 0.1
3962, -0.2
3963, -0.1
3964, 0.2
3965, 0.1
3966, 0.4
3967, 0.2
3968, 0.3
3969, -0.2
3970, 0.2
3971, 0.3
3972, 0.2
3973, 0.2
3974, 0.3
3975, 0.1
3976, 0.0
3977, 0.0
3978, -0.3
3979, 0.1
3980, -0.2
3981, 0.4
3982, -0.1
3983, -0.3
3984, -0.1
3985, -0.2
3986, -0.3
3987, 0.2
3988, -0.1
3989, -0.3
3990, -0.3
3991, 0.2
3992, 0.5
3993, -0.1
3994, 0.0
3995, -0.1
3996, 0.0
3997, 0.2
3998, 0.1
3999, -0.6
