0, -0.1
1, -0.1
2, 0.0
3, 0.1
4, -0.2
5, 0.0
6, 0.3
7, 0.1
8, -0.2
9, -0.1
10, 0.6
11, 0.5
12, 0.0
13, -0.4
14, 0.1
15, -0.2
16, 0.3
17, -0.1
18, 0.6
19, 0.6
20, 0.3
21, 0.3
22, -0.4
23, -0.4
24, -0.1
25, 0.1
26, -0.1
27, -0.2
28, 0.0
29, 0.1
30, 0.4
31, -0.1
32, 0.1
33, -0.1
34, 0.3
35, -0.3
36, -0.1
37, -0.4
38, -0.3
39, 0.1
40, 0.3
41, 0.1
42, -0.1
43, 0.1
44, -0.3
45, 0.1
46, -0.2
47, -0.2
48, -0.1
49, -0.1
50, 0.0
51, 0.1
52, -0.1
53, -0.1
54, 0.1
55, -0.3
56, 0.0
57, 0.0
58, 0.3
59, -0.1
60, 0.0
61, -0.2
62, -0.2
63, -0.3
64, 0.5
65, -0.6
66, 0.1
67, 0.1
68, -0.4
69, 0.2
70, -0.2
71, 0.0
72, -0.4
73, -0.2
74, -0.1
75, 0.0
76, 0.3
77, -0.3
78, 0.1
79, -0.1
80, 0.4
81, 0.3
82, 0.2
83, 0.0
84, -0.3
85, -0.1
86, -0.3
87, -0.2
88, 0.0
89, 0.2
90, -0.1
91, 0.4
92, 0.0
93, 0.2
94, 0.1
95, 0.2
96, 0.3
97, -0.2
98, 0.0
99, 0.1
100, 0.1
101, -0.3
102, -0.1
103, 0.4
104, 0.0
105, -0.2
106, -0.1
107, 0.2
108, 0.0
109, -0.2
110, 0.4
111, -0.2
112, 0.0
113, 0.1
114, -0.1
115, 0.1
116, 0.1
117, 0.3
118, -0.2
119, 0.2
120, -0.6
121, 0.2
122, -0.1
123, 0.5
124, -0.2
125, -0.3
126, -0.3
127, 0.2
128, -0.1
129, -0.4
130, -0.1
131, 0.3
132, 0.1
133, -0.4
134, 0.2
135, 0.3
136, -0.4
137, -0.2
138, -0.1
139, 0.1
140, 0.0
141, 0.2
142, 0.3
143, 0.1
144, 0.3
145, -0.2
146, -0.2
147, 0.3
148, 0.2
149, 0.0
150, 0.2
151, -0.2
152, 0.2
153, -0.3
154, -0.4
155, -0.2
156, 0.3
157, -0.1
158, -0.1
159, 0.1
160, -0.3
161, 0.1
162, 0.2
163, 0.2
164, 0.0
165, 0.1
166, 0.1
167, 0.1
168, 0.4
169, 0.2
170, 0.0
171, 0.2
172, 0.0
173, 0.3
174, 0.0
175, 0.1
176, 0.3
177, 0.0
178, 0.2
179, 0.4
180, 0.2
181, -0.3
182, 0.3
183, 0.3
184, 0.0
185, 0.1
186, 0.0
187, -0.2
188, 0.2
189, 0.2
190, 0.2
191, 0.1
192, 0.1
193, -0.6
194, -0.3
195, 0.3
196, 0.4
197, 0.1
198, -0.1
199, 0.1
200, 0.0
201, 0.1
202, 0.1
203, 0.5
204, -0.1
205, -0.1
206, 0.1
207, 0.0
208, -0.1
209, 0.0
210, -0.1
211, -0.3
212, 0.2
213, 0.3
214, 0.0
215, -0.1
216, 0.2
217, -0.1
218, -0.1
219, 0.0
220, 0.3
221, -0.4
222, -0.1
223, 0.4
224, 0.3
225, -0.4
226, 0.1
227, -0.2
228, 0.2
229, -0.2
230, -0.4
231, 0.0
232, 0.2
233, -0.3
234, 0.0
235, 0.0
236, 0.2
237, -0.2
238, -0.2
239, 0.4
240, -0.1
241, -0.3
242, -0.2
243, 0.0
244, -0.2
245, -0.2
246, 0.0
247, 0.1
248, -0.5
249, 0.2
250, 0.0
251, 0.1
252, -0.2
253, 0.2
254, -0.3
255, -0.1
256, 0.2
257, 0.2
258, 0.2
259, 0.0
260, 0.1
261, -0.1
262, -0.6
263, 0.0
264, -0.1
265, 0.0
266, 0.2
267, 0.3
268, -0.2
269, -0.1
270, -0.1
271, -0.1
272, 0.2
273, 0.2
274, -0.1
275, -0.1
276, -0.1
277, -0.3
278, 0.4
279, 0.1
280, 0.3
281, 0.0
282, 0.0
283, -0.2
284, 0.1
285, 0.1
286, 0.2
287, -0.1
288, 0.3
289, -0.1
290, 0.0
291, 0.3
292, -0.1
293, 0.0
294, 0.2
295, 0.2
296, 0.0
297, 0.2
298, 0.0
299, -0.1
300, 0.3
301, -0.2
302, 0.5
303, 0.0
304, 0.3
305, 0.0
306, 0.1
307, 0.4
308, -0.3
309, -0.4
310, -0.2
311, 0.0
312, 0.1
313, 0.3
314, -0.1
315, -0.1
316, 0.2
317, -0.1
318, 0.1
319, 0.1
320, 0.0
321, -0.3
322, 0.2
323, 0.2
324, 0.1
325, -0.4
326, -0.2
327, 0.0
328, 0.2
329, 0.4
330, 0.1
331, 0.2
332, 0.1
333, 0.3
334, 0.2
335, 0.4
336, -0.1
337, -0.3
338, 0.3
339, -0.2
340, 0.0
341, 0.1
342, 0.3
343, -0.1
344, 0.3
345, -0.2
346, 0.2
347, 0.2
348, 0.0
349, 0.0
350, -0.2
351, -0.1
352, 0.0
353, -0.3
354, -0.3
355, -0.2
356, -0.2
357, -0.3
358, 0.0
359, 0.2
360, -0.2
361, 0.0
362, -0.3
363, -0.2
364, 0.0
365, 0.2
366, -0.3
367, 0.0
368, 0.0
369, -0.3
370, 0.0
371, 0.1
372, -0.1
373, -0.5
374, 0.3
375, 0.0
376, 0.0
377, 0.3
378, 0.0
379, 0.1
380, -0.1
381, 0.2
382, 0.1
383, 0.2
384, 0.4
385, 0.2
386, -0.3
387, -0.4
388, 0.1
389, 0.0
390, -0.2
391, 0.1
392, 0.1
393, 0.1
394, -0.3
395, 0.0
396, 0.2
397, 0.3
398, 0.3
399, 0.1
400, 0.0
401, 0.0
402, 0.2
403, 0.1
404, 0.0
405, 0.1
406, -0.2
407, 0.3
408, 0.4
409, -0.2
410, -0.3
411, -0.2
412, -0.1
413, -0.1
414, 0.0
415, -0.4
416, 0.0
417, 0.1
418, -0.5
419, -0.2
420, -0.1
421, 0.0
422, -0.3
423, 0.0
424, -0.4
425, 0.1
426, -0.2
427, 0.0
428, -0.4
429, 0.1
430, 0.1
431, 0.0
432, 0.3
433, -0.1
434, 0.0
435, -0.1
436, 0.2
437, -0.3
438, -0.3
439, 0.0
440, 0.4
441, -0.2
442, 0.1
443, -0.1
444, -0.3
445, 0.1
446, 0.1
447, -0.1
448, 0.0
449, 0.1
450, 0.1
451, 0.1
452, 0.2
453, 0.1
454, 0.0
455, 0.0
456, 0.2
457, -0.4
458, 0.4
459, 0.1
460, -0.3
461, 0.1
462, 0.3
463, 0.0
464, 0.0
465, 0.0
466, -0.1
467, 0.1
468, 0.4
469, -0.6
470, 0.2
471, 0.2
472, 0.0
473, 0.0
474, 0.3
475, 0.0
476, 0.3
477, -0.2
478, 0.0
479, 0.0
480, 0.3
481, -0.1
482, 0.0
483, 0.2
484, 0.2
485, -0.1
486, 0.0
487, 0.1
488, 0.0
489, 0.1
490, 0.5
491, -0.3
492, 0.1
493, 0.1
494, 0.3
495, 0.0
496, 0.1
497, 0.2
498, -0.4
499, 0.3
500, 0.0
501, -0.1
502, 0.1
503, -0.1
504, 0.3
505, 0.0
506, 0.1
507, 0.3
508, 0.0
509, 0.0
510, -0.1
511, 0.1
512, 0.5
513, -0.1
514, 0.3
515, 0.0
516, 0.2
517, 0.3
518, 0.2
519, 0.3
520, 0.2
521, 0.2
522, -0.1
523, 0.1
524, -0.1
525, 0.1
526, 0.2
527, 0.2
528, 0.0
529, -0.3
530, 0.0
531, -0.3
532, 0.1
533, -0.2
534, -0.3
535, 0.1
536, 0.0
537, 0.3
538, 0.1
539, 0.2
540, 0.0
541, -0.1
542, -0.1
543, -0.4
544, -0.1
545, 0.2
546, -0.4
547, -0.1
548, 0.1
549, 0.0
550, 0.3
551, -0.2
552, 0.2
553, 0.0
554, 0.0
555, 0.4
556, -0.2
557, -0.3
558, -0.7
559, -0.5
560, -0.3
561, -0.2
562, 0.0
563, 0.1
564, 0.1
565, 0.2
566, -0.2
567, -0.1
568, -0.1
569, 0.3
570, -0.1
571, -0.3
572, 0.0
573, 0.0
574, -0.4
575, -0.1
576, 0.2
577, -0.2
578, -0.2
579, 0.0
580, -0.5
581, -0.1
582, 0.1
583, 0.0
584, 0.1
585, 0.1
586, -0.2
587, -0.1
588, -0.3
589, 0.1
590, -0.1
591, 0.2
592, 0.0
593, 0.1
594, 0.0
595, -0.1
596, 0.0
597, 0.1
598, 0.0
599, 0.2
600, 0.1
601, -0.1
602, 0.3
603, 0.1
604, -0.3
605, -0.1
606, 0.2
607, 0.1
608, 0.3
609, 0.2
610, 0.1
611, -0.1
612, -0.1
613, 0.0
614, 0.2
615, -0.1
616, 0.2
617, 0.2
618, -0.4
619, 0.3
620, 0.2
621, 0.1
622, 0.1
623, 0.0
624, -0.1
625, 0.2
626, 0.1
627, 0.0
628, 0.1
629, 0.2
630, -0.3
631, -0.1
632, -0.1
633, -0.5
634, 0.3
635, -0.3
636, -0.1
637, 0.4
638, -0.1
639, 0.3
640, 0.1
641, -0.3
642, 0.0
643, -0.1
644, 0.1
645, -0.1
646, 0.1
647, 0.1
648, 0.1
649, 0.1
650, 0.2
651, 0.3
652, -0.7
653, 0.3
654, 0.1
655, 0.3
656, -0.5
657, -0.5
658, 0.1
659, -0.1
660, -0.2
661, 0.3
662, 0.0
663, -0.4
664, 0.1
665, 0.3
666, 0.3
667, 0.2
668, 0.1
669, -0.1
670, 0.1
671, 0.1
672, -0.2
673, -0.2
674, 0.0
675, -0.1
676, 0.2
677, -0.3
678, -0.1
679, -0.1
680, 0.4
681, -0.2
682, 0.2
683, 0.3
684, 0.3
685, 0.1
686, 0.2
687, -0.3
688, -0.2
689, -0.5
690, 0.2
691, -0.1
692, 0.3
693, -0.3
694, -0.2
695, 0.3
696, 0.0
697, 0.2
698, -0.1
699, -0.1
700, 0.0
701, -0.2
702, -0.1
703, 0.1
704, -0.2
705, -0.4
706, 0.3
707, 0.0
708, 0.0
709, -0.1
710, 0.3
711, -0.2
712, -0.1
713, 0.3
714, -0.1
715, 0.0
716, 0.3
717, -0.1
718, 0.3
719, 0.4
720, -0.2
721, -0.1
722, 0.2
723, 0.3
724, -0.4
725, 0.0
726, -0.3
727, -0.4
728, 0.0
729, -0.2
730, -0.4
731, 0.0
732, 0.0
733, -0.4
734, 0.1
735, -0.3
736, -0.3
737, -0.1
738, 0.0
739, -0.2
740, 0.2
741, 0.0
742, 0.2
743, 0.2
744, 0.1
745, -0.2
746, -0.1
747, -0.3
748, -0.1
749, -0.1
750, -0.3
751, -0.1
752, 0.0
753, 0.0
754, 0.0
755, 0.3
756, 0.1
757, -0.2
758, 0.2
759, 0.0
760, -0.3
761, 0.3
762, 0.1
763, -0.4
764, 0.0
765, -0.1
766, 0.5
767, 0.1
768, 0.2
769, 0.5
770, -0.3
771, 0.3
772, 0.1
773, -0.1
774, -0.1
775, -0.3
776, -0.1
777, 0.1
778, 0.1
779, -0.4
780, 0.2
781, 0.0
782, 0.0
783, 0.3
784, -0.3
785, 0.1
786, -0.1
787, -0.1
788, -0.2
789, 0.0
790, 0.3
791, 0.3
792, -0.1
793, -0.2
794, 0.1
795, -0.2
796, 0.2
797, -0.5
798, 0.1
799, 0.1
800, 0.0
801, 0.2
802, 0.3
803, -0.2
804, 0.1
805, 0.3
806, -0.2
807, 0.1
808, 0.2
809, 0.3
810, 0.1
811, 0.2
812, -0.2
813, -0.3
814, -0.4
815, -0.1
816, -0.1
817, 0.4
818, 0.1
819, -0.2
820, -0.4
821, -0.4
822, 0.0
823, -0.1
824, 0.3
825, 0.1
826, -0.1
827, -0.2
828, 0.3
829, 0.2
830, 0.2
831, 0.0
832, 0.5
833, 0.2
834, -0.6
835, 0.3
836, -0.1
837, -0.1
838, -0.2
839, -0.2
840, 0.2
841, 0.2
842, 0.0
843, -0.3
844, 0.1
845, 0.3
846, 0.0
847, -0.3
848, -0.1
849, -0.1
850, -0.1
851, -0.2
852, -0.2
853, -0.1
854, -0.2
855, -0.3
856, -0.1
857, -0.2
858, -0.5
859, 0.2
860, 0.2
861, -0.2
862, 0.4
863, -0.3
864, 0.0
865, 0.0
866, 0.0
867, 0.3
868, -0.1
869, -0.1
870, -0.4
871, -0.2
872, -0.1
873, 0.3
874, -0.2
875, -0.1
876, -0.2
877, 0.3
878, -0.4
879, 0.0
880, -0.1
881, 0.2
882, 0.1
883, -0.2
884, -0.2
885, 0.1
886, 0.2
887, 0.3
888, -0.2
889, 0.3
890, 0.0
891, -0.5
892, 0.1
893, 0.2
894, 0.2
895, 0.0
896, -0.2
897, 0.3
898, -0.1
899, 0.0
900, -0.4
901, -0.1
902, -0.2
903, 0.1
904, 0.1
905, -0.3
906, 0.2
907, 0.3
908, 0.5
909, -0.1
910, 0.0
911, 0.1
912, 0.0
913, 0.2
914, 0.2
915, 0.4
916, 0.3
917, -0.2
918, -0.1
919, -0.1
920, 0.1
921, 0.1
922, 0.0
923, 0.4
924, -0.1
925, 0.2
926, 0.0
927, 0.5
928, 0.3
929, 0.0
930, 0.2
931, 0.0
932, -0.3
933, 0.2
934, 0.0
935, 0.1
936, 0.3
937, -0.5
938, 0.2
939, -0.2
940, 0.2
941, -0.1
942, 0.0
943, 0.2
944, 0.0
945, -0.1
946, 0.2
947, -0.2
948, 0.0
949, -0.4
950, -0.1
951, 0.1
952, 0.0
953, 0.2
954, 0.2
955, -0.3
956, -0.3
957, -0.4
958, -0.1
959, 0.1
960, 0.1
961, 0.1
962, 0.1
963, 0.3
964, 0.1
965, -0.3
966, -0.1
967, 0.3
968, -0.3
969, 0.1
970, -0.1
971, -0.2
972, 0.1
973, 0.2
974, 0.1
975, 0.3
976, 0.0
977, 0.4
978, 0.2
979, -0.1
980, 0.1
981, 0.2
982, -0.6
983, 0.1
984, 0.1
985, 0.0
986, 0.0
987, 0.3
988, -0.3
989, -0.3
990, -0.2
991, -0.1
992, 0.2
993, 0.3
994, 0.3
995, 0.0
996, 0.1
997, 0.2
998, 0.3
999, 0.1
1000, 0.3
1001, 0.0
1002, -0.1
1003, -0.3
1004, 0.2
1005, 0.1
1006, -0.1
1007, 0.0
1008, 0.3
1009, -0.2
1010, 0.2
1011, -0.1
1012, 0.0
1013, 0.1
1014, -0.2
1015, 0.0
1016, 0.4
1017, -0.1
1018, 0.0
1019, 0.1
1020, 0.3
1021, -0.4
1022, -0.1
1023, 0.1
1024, 0.0
1025, -0.2
1026, -0.1
1027, 0.5
1028, 0.0
1029, -0.4
1030, 0.1
1031, 0.4
1032, -0.1
1033, -0.5
1034, -0.3
1035, 0.1
1036, -0.2
1037, -0.3
1038, 0.2
1039, 0.0
1040, 0.0
1041, -0.6
1042, -0.1
1043, -0.1
1044, 0.2
1045, -0.2
1046, 0.1
1047, -0.2
1048, 0.2
1049, 0.3
1050, 0.0
1051, -0.2
1052, 0.3
1053, 0.0
1054, -0.5
1055, -0.1
1056, 0.0
1057, 0.2
1058, -0.1
1059, -0.2
1060, 0.4
1061, 0.0
1062, 0.0
1063, -0.1
1064, 0.4
1065, 0.3
1066, 0.3
1067, 0.1
1068, -0.5
1069, 0.2
1070, 0.2
1071, 0.1
1072, 0.1
1073, 0.1
1074, 0.3
1075, 0.2
1076, 0.0
1077, -0.3
1078, 0.0
1079, 0.2
1080, 0.2
1081, -0.1
1082, -0.5
1083, 0.3
1084, 0.2
1085, -0.6
1086, -0.4
1087, -0.3
1088, 0.3
1089, 0.2
1090, 0.3
1091, 0.3
1092, 0.0
1093, -0.2
1094, 0.2
1095, -0.3
1096, 0.1
1097, 0.0
1098, 0.1
1099, -0.2
1100, 0.2
1101, 0.2
1102, 0.2
1103, -0.1
1104, -0.4
1105, 0.1
1106, 0.1
1107, -0.2
1108, -0.1
1109, -0.1
1110, -0.3
1111, 0.3
1112, 0.0
1113, 0.2
1114, -0.3
1115, 0.2
1116, 0.2
1117, 0.0
1118, 0.0
1119, 0.2
1120, 0.0
1121, 0.0
1122, 0.1
1123, 0.2
1124, 0.3
1125, -0.1
1126, 0.1
1127, -0.4
1128, 0.1
1129, 0.2
1130, 0.0
1131, -0.3
1132, -0.2
1133, 0.2
1134, -0.1
1135, 0.0
1136, 0.2
1137, -0.2
1138, 0.0
1139, 0.2
1140, 0.1
1141, 0.1
1142, -0.2
1143, 0.3
1144, 0.2
1145, 0.1
1146, 0.3
1147, -0.3
1148, -0.1
1149, -0.2
1150, 0.0
1151, 0.1
1152, 0.4
1153, -0.4
1154, 0.4
1155, 0.3
1156, 0.3
1157, 0.1
1158, 0.0
1159, -0.2
1160, 0.2
1161, -0.3
1162, 0.4
1163, 0.1
1164, 0.1
1165, -0.3
1166, 0.2
1167, 0.0
1168, 0.0
1169, -0.1
1170, -0.3
1171, -0.1
1172, 0.1
1173, 0.1
1174, 0.1
1175, 0.2
1176, 0.0
1177, -0.1
1178, -0.1
1179, 0.4
1180, -0.1
1181, 0.1
1182, -0.1
1183, 0.2
1184, 0.4
1185, -0.2
1186, -0.1
1187, 0.0
1188, 0.1
1189, -0.1
1190, -0.2
1191, -0.3
1192, 0.1
1193, 0.5
1194, -0.2
1195, 0.0
1196, 0.0
1197, 0.1
1198, -0.3
1199, 0.1
1200, -0.4
1201, 0.3
1202, 0.0
1203, -0.1
1204, -0.1
1205, -0.2
1206, 0.0
1207, -0.4
1208, 0.0
1209, -0.2
1210, 0.4
1211, 0.1
1212, 0.2
1213, 0.2
1214, -0.1
1215, -0.2
1216, -0.4
1217, -0.2
1218, 0.0
1219, -0.2
1220, 0.2
1221, -0.1
1222, -0.2
1223, 0.1
1224, 0.0
1225, 0.3
1226, 0.2
1227, -0.1
1228, -0.2
1229, -0.3
1230, 0.2
1231, 0.0
1232, 0.3
1233, 0.1
1234, 0.2
1235, -0.1
1236, -0.4
1237, -0.2
1238, -0.5
1239, 0.0
1240, -0.2
1241, -0.1
1242, 0.2
1243, 0.3
1244, 0.0
1245, 0.4
1246, 0.3
1247, 0.0
1248, 0.3
1249, -0.3
1250, -0.2
1251, 0.1
1252, -0.3
1253, -0.2
1254, 0.2
1255, 0.5
1256, -0.2
1257, 0.3
1258, -0.1
1259, 0.3
1260, 0.0
1261, 0.2
1262, 0.3
1263, 0.0
1264, 0.1
1265, 0.0
1266, -0.3
1267, -0.5
1268, -0.1
1269, 0.1
1270, 0.0
1271, 0.4
1272, 0.1
1273, 0.3
1274, -0.3
1275, 0.0
1276, 0.0
1277, 0.2
1278, -0.1
1279, 0.0
1280, 0.0
1281, -0.3
1282, 0.1
1283, -0.3
1284, -0.1
1285, -0.3
1286, 0.0
1287, -0.4
1288, 0.3
1289, -0.1
1290, -0.1
1291, -0.5
1292, -0.3
1293, 0.0
1294, 0.0
1295, 0.2
1296, 0.4
1297, -0.1
1298, -0.2
1299, -0.4
1300, 0.1
1301, 0.0
1302, 0.2
1303, 0.3
1304, -0.4
1305, -0.1
1306, -0.3
1307, -0.2
1308, 0.3
1309, -0.2
1310, -0.2
1311, 0.0
1312, 0.0
1313, 0.1
1314, 0.1
1315, -0.1
1316, 0.0
1317, 0.1
1318, 0.0
1319, -0.1
1320, -0.3
1321, 0.2
1322, 0.0
1323, -0.4
1324, 0.1
1325, -0.1
1326, -0.3
1327, 0.0
1328, -0.2
1329, 0.1
1330, 0.0
1331, 0.2
1332, 0.0
1333, 0.1
1334, 0.1
1335, 0.0
1336, -0.3
1337, 0.0
1338, 0.0
1339, 0.1
1340, 0.0
1341, -0.1
1342, -0.2
1343, 0.0
1344, -0.6
1345, -0.4
1346, 0.3
1347, 0.0
1348, 0.0
1349, 0.0
1350, -0.1
1351, -0.4
1352, -0.2
1353, 0.3
1354, -0.2
1355, -0.1
1356, -0.3
1357, -0.1
1358, -0.1
1359, 0.0
1360, -0.1
1361, 0.0
1362, 0.0
1363, 0.4
1364, 0.2
1365, -0.2
1366, 0.1
1367, 0.1
1368, 0.3
1369, 0.2
1370, 0.2
1371, -0.1
1372, 0.4
1373, 0.3
1374, 0.1
1375, 0.3
1376, 0.2
1377, 0.0
1378, 0.0
1379, -0.3
1380, 0.3
1381, 0.0
1382, 0.2
1383, 0.3
1384, -0.1
1385, 0.0
1386, 0.2
1387, -0.3
1388, -0.1
1389, 0.1
1390, 0.0
1391, 0.1
1392, 0.1
1393, 0.3
1394, -0.2
1395, 0.3
1396, 0.0
1397, 0.3
1398, -0.5
1399, 0.0
1400, 0.2
1401, 0.1
1402, 0.3
1403, 0.1
1404, 0.1
1405, -0.1
1406, -0.4
1407, -0.1
1408, -0.2
1409, -0.1
1410, 0.4
1411, 0.2
1412, 0.2
1413, -0.1
1414, -0.2
1415, -0.1
1416, 0.0
1417, -0.5
1418, 0.3
1419, 0.0
1420, -0.2
1421, -0.2
1422, -0.4
1423, -0.3
1424, 0.0
1425, -0.1
1426, -0.1
1427, 0.1
1428, -0.1
1429, -0.3
1430, 0.1
1431, 0.0
1432, -0.1
1433, -0.2
1434, -0.3
1435, 0.1
1436, 0.1
1437, 0.1
1438, -0.1
1439, -0.1
1440, -0.2
1441, -0.2
1442, 0.3
1443, -0.1
1444, 0.2
1445, -0.4
1446, 0.2
1447, 0.0
1448, 0.2
1449, 0.2
1450, -0.1
1451, 0.3
1452, 0.2
1453, 0.3
1454, 0.1
1455, 0.3
1456, 0.2
1457, 0.2
1458, 0.1
1459, -0.1
1460, -0.1
1461, 0.0
1462, 0.0
1463, 0.2
1464, -0.3
1465, 0.0
1466, 0.2
1467, 0.2
1468, -0.3
1469, -0.1
1470, 0.2
1471, 0.0
1472, -0.2
1473, -0.1
1474, -0.3
1475, 0.1
1476, 0.0
1477, -0.3
1478, 0.2
1479, 0.1
1480, -0.2
1481, 0.2
1482, -0.3
1483, 0.1
1484, -0.2
1485, 0.0
1486, -0.1
1487, 0.1
1488, 0.2
1489, -0.2
1490, -0.2
1491, -0.4
1492, 0.0
1493, 0.4
1494, -0.4
1495, 0.0
1496, -0.1
1497, 0.1
1498, -0.1
1499, -0.5
1500, -0.1
1501, 0.2
1502, 0.3
1503, -0.1
1504, 0.2
1505, -0.3
1506, -0.1
1507, 0.1
1508, 0.0
1509, -0.3
1510, -0.5
1511, -0.2
1512, 0.1
1513, 0.0
1514, -0.2
1515, 0.0
1516, 0.0
1517, 0.2
1518, 0.3
1519, -0.1
1520, 0.3
1521, -0.4
1522, -0.1
1523, 0.3
1524, 0.2
1525, -0.1
1526, 0.3
1527, 0.3
1528, 0.4
1529, 0.0
1530, -0.4
1531, 0.1
1532, -0.8
1533, 0.1
1534, 0.3
1535, 0.3
1536, 0.0
1537, 0.0
1538, 0.1
1539, 0.4
1540, -0.3
1541, -0.1
1542, 0.1
1543, 0.3
1544, -0.2
1545, 0.0
1546, 0.3
1547, -0.1
1548, -0.1
1549, -0.2
1550, 0.2
1551, -0.4
1552, 0.3
1553, -0.2
1554, -0.4
1555, 0.2
1556, 0.2
1557, 0.1
1558, 0.3
1559, -0.2
1560, 0.3
1561, -0.2
1562, 0.1
1563, 0.1
1564, -0.1
1565, 0.3
1566, 0.0
1567, -0.1
1568, -0.2
1569, -0.2
1570, 0.1
1571, 0.0
1572, 0.2
1573, 0.3
1574, 0.0
1575, -0.1
1576, 0.3
1577, -0.3
1578, 0.1
1579, 0.1
1580, -0.3
1581, 0.0
1582, -0.1
1583, -0.1
1584, 0.5
1585, -0.1
1586, 0.1
1587, -0.3
1588, 0.2
1589, -0.1
1590, 0.1
1591, -0.2
1592, 0.1
1593, 0.5
1594, -0.1
1595, -0.1
1596, -0.2
1597, 0.3
1598, 0.1
1599, 0.1
1600, -0.2
1601, 0.2
1602, 0.0
1603, 0.0
1604, 0.1
1605, -0.2
1606, -0.1
1607, 0.0
1608, -0.3
1609, -0.1
1610, 0.0
1611, -0.4
1612, 0.2
1613, 0.2
1614, 0.3
1615, 0.0
1616, -0.2
1617, -0.1
1618, -0.1
1619, 0.5
1620, 0.0
1621, 0.0
1622, -0.2
1623, 0.1
1624, -0.1
1625, 0.2
1626, 0.3
1627, 0.3
1628, -0.1
1629, 0.2
1630, 0.1
1631, -0.2
1632, 0.1
1633, -0.3
1634, 0.0
1635, 0.1
1636, -0.1
1637, 0.3
1638, -0.1
1639, 0.0
1640, -0.1
1641, 0.1
1642, -0.1
1643, 0.2
1644, -0.1
1645, 0.3
1646, 0.1
1647, 0.1
1648, -0.2
1649, -0.2
1650, -0.1
1651, -0.3
1652, 0.0
1653, -0.6
1654, 0.0
1655, 0.2
1656, -0.3
1657, 0.0
1658, -0.1
1659, -0.4
1660, 0.3
1661, 0.1
1662, 0.1
1663, -0.4
1664, 0.0
1665, 0.2
1666, -0.5
1667, 0.1
1668, 0.1
1669, -0.3
1670, -0.1
1671, 0.4
1672, -0.2
1673, 0.0
1674, 0.2
1675, -0.1
1676, 0.2
1677, 0.2
1678, 0.1
1679, 0.1
1680, 0.2
1681, -0.1
1682, 0.2
1683, -0.3
1684, -0.1
1685, 0.1
1686, 0.1
1687, 0.2
1688, 0.2
1689, -0.3
1690, -0.2
1691, 0.2
1692, -0.1
1693, -0.1
1694, 0.3
1695, -0.2
1696, 0.3
1697, 0.0
1698, -0.1
1699, 0.2
1700, 0.1
1701, 0.0
1702, 0.2
1703, -0.1
1704, 0.1
1705, 0.0
1706, 0.2
1707, 0.1
1708, -0.3
1709, -0.2
1710, 0.0
1711, -0.5
1712, 0.5
1713, 0.0
1714, -0.1
1715, -0.1
1716, 0.1
1717, 0.1
1718, 0.0
1719, 0.1
1720, 0.3
1721, 0.1
1722, -0.1
1723, 0.1
1724, 0.0
1725, 0.1
1726, 0.2
1727, 0.0
1728, 0.2
1729, 0.1
1730, -0.3
1731, -0.2
1732, 0.1
1733, 0.2
1734, 0.2
1735, -0.4
1736, 0.3
1737, 0.2
1738, 0.0
1739, -0.4
1740, 0.5
1741, -0.1
1742, 0.0
1743, -0.2
1744, 0.0
1745, 0.2
1746, 0.3
1747, -0.1
1748, 0.1
1749, 0.0
1750, -0.1
1751, 0.1
1752, -0.1
1753, -0.1
1754, 0.0
1755, -0.1
1756, 0.1
1757, -0.1
1758, 0.1
1759, 0.1
1760, 0.2
1761, -0.2
1762, 0.2
1763, 0.2
1764, -0.1
1765, -0.3
1766, -0.3
1767, -0.1
1768, 0.0
1769, -0.4
1770, -0.1
1771, 0.0
1772, -0.4
1773, -0.3
1774, 0.0
1775, -0.2
1776, -0.1
1777, 0.1
1778, 0.0
1779, -0.2
1780, 0.1
1781, -0.3
1782, 0.0
1783, -0.1
1784, 0.2
1785, 0.0
1786, 0.0
1787, 0.0
1788, 0.3
1789, -0.3
1790, -0.1
1791, -0.7
1792, 0.1
1793, -0.3
1794, 0.3
1795, -0.3
1796, -0.1
1797, -0.5
1798, 0.3
1799, -0.4
1800, -0.1
1801, -0.7
1802, -0.1
1803, 0.2
1804, 0.0
1805, 0.2
1806, 0.3
1807, -0.2
1808, -0.2
1809, 0.3
1810, 0.0
1811, -0.4
1812, 0.3
1813, -0.1
1814, 0.4
1815, -0.3
1816, 0.0
1817, 0.3
1818, 0.4
1819, 0.0
1820, -0.5
1821, 0.0
1822, 0.2
1823, 0.0
1824, 0.0
1825, -0.4
1826, 0.4
1827, 0.0
1828, -0.2
1829, 0.2
1830, -0.6
1831, 0.1
1832, -0.1
1833, -0.3
1834, -0.5
1835, 0.1
1836, 0.4
1837, 0.0
1838, 0.0
1839, 0.1
1840, 0.2
1841, 0.0
1842, -0.2
1843, 0.5
1844, 0.2
1845, 0.2
1846, 0.2
1847, -0.2
1848, 0.3
1849, 0.0
1850, -0.1
1851, 0.3
1852, -0.1
1853, 0.0
1854, -0.3
1855, 0.3
1856, 0.1
1857, 0.0
1858, 0.2
1859, -0.5
1860, -0.1
1861, 0.1
1862, 0.1
1863, 0.4
1864, 0.2
1865, -0.4
1866, -0.1
1867, 0.1
1868, -0.2
1869, 0.3
1870, 0.1
1871, 0.0
1872, 0.1
1873, 0.2
1874, 0.1
1875, 0.1
1876, -0.2
1877, 0.2
1878, 0.1
1879, -0.2
1880, 0.1
1881, 0.1
1882, 0.0
1883, -0.3
1884, 0.0
1885, -0.1
1886, 0.0
1887, 0.2
1888, 0.0
1889, -0.2
1890, -0.3
1891, -0.2
1892, 0.2
1893, -0.1
1894, 0.3
1895, -0.6
1896, -0.2
1897, -0.4
1898, 0.1
1899, 0.3
1900, 0.2
1901, -0.1
1902, -0.3
1903, -0.1
1904, 0.1
1905, -0.1
1906, -0.3
1907, -0.1
1908, -0.4
1909, 0.0
1910, -0.5
1911, -0.1
1912, 0.2
1913, 0.0
1914, -0.2
1915, 0.1
1916, 0.3
1917, 0.1
1918, 0.3
1919, 0.0
1920, -0.1
1921, 0.4
1922, 0.3
1923, -0.2
1924, 0.0
1925, -0.6
1926, 0.1
1927, 0.2
1928, 0.1
1929, -0.2
1930, 0.2
1931, 0.3
1932, -0.3
1933, -0.2
1934, -0.2
1935, -0.1
1936, -0.2
1937, -0.2
1938, 0.2
1939, 0.1
1940, 0.3
1941, -0.3
1942, -0.2
1943, 0.0
1944, -0.1
1945, 0.2
1946, -0.1
1947, 0.1
1948, 0.1
1949, 0.0
1950, 0.1
1951, 0.1
1952, -0.1
1953, 0.1
1954, 0.2
1955, 0.0
1956, 0.2
1957, 0.0
1958, -0.2
1959, 0.2
1960, 0.1
1961, -0.6
1962, 0.2
1963, 0.0
1964, -0.1
1965, 0.0
1966, 0.1
1967, 0.1
1968, -0.1
1969, 0.3
1970, -0.1
1971, 0.3
1972, -0.3
1973, 0.0
1974, 0.0
1975, 0.0
1976, -0.2
1977, 0.0
1978, 0.2
1979, 0.2
1980, 0.1
1981, 0.1
1982, -0.1
1983, 0.1
1984, 0.0
1985, 0.2
1986, -0.1
1987, 0.2
1988, -0.4
1989, -0.1
1990, -0.1
1991, -0.1
1992, 0.0
1993, 0.1
1994, 0.0
1995, 0.2
1996, -0.2
1997, 0.0
1998, 0.1
1999, 0.0
2000, 0.2
2001, 0.2
2002, 0.1
2003, 0.1
2004, -0.1
2005, 0.1
2006, -0.2
2007, 0.1
2008, 0.1
2009, -0.1
2010, 0.4
2011, 0.1
2012, 0.3
2013, -0.3
2014, 0.2
2015, 0.3
2016, -0.2
2017, -0.5
2018, 0.0
2019, 0.3
2020, -0.5
2021, 0.5
2022, 0.2
2023, 0.3
2024, 0.5
2025, -0.1
2026, 0.2
2027, 0.2
2028, -0.1
2029, -0.1
2030, 0.1
2031, -0.4
2032, -0.2
2033, 0.1
2034, 0.3
2035, 0.1
2036, -0.2
2037, 0.1
2038, -0.2
2039, 0.0
2040, -0.1
2041, 0.0
2042, -0.2
2043, 0.1
2044, -0.3
2045, 0.2
2046, -0.2
2047, 0.1
2048, 0.2
2049, -0.2
2050, 0.0
2051, 0.0
2052, 0.0
2053, 0.3
2054, -0.2
2055, -0.2
2056, -0.2
2057, -0.2
2058, -0.2
2059, 0.1
2060, 0.1
2061, 0.2
2062, 0.3
2063, -0.1
2064, -0.1
2065, 0.4
2066, -0.5
2067, 0.2
2068, -0.1
2069, 0.2
2070, -0.1
2071, -0.4
2072, -0.3
2073, -0.1
2074, 0.1
2075, 0.3
2076, 0.2
2077, -0.1
2078, 0.3
2079, -0.1
2080, 0.4
2081, 0.4
2082, -0.3
2083, -0.2
2084, 0.2
2085, 0.0
2086, 0.0
2087, -0.2
2088, -0.1
2089, -0.4
2090, 0.2
2091, 0.3
2092, -0.3
2093, -0.1
2094, 0.2
2095, 0.1
2096, 0.1
2097, 0.1
2098, 0.1
2099, -0.5
2100, 0.4
2101, 0.0
2102, -0.7
2103, 0.4
2104, -0.1
2105, -0.4
2106, 0.0
2107, -0.1
2108, 0.4
2109, -0.6
2110, -0.1
2111, 0.2
2112, 0.1
2113, -0.1
2114, 0.3
2115, 0.0
2116, -0.4
2117, -0.4
2118, 0.0
2119, 0.1
2120, -0.2
2121, 0.2
2122, -0.1
2123, 0.1
2124, 0.0
2125, -0.1
2126, 0.3
2127, 0.0
2128, -0.2
2129, -0.1
2130, 0.4
2131, -0.1
2132, -0.2
2133, -0.2
2134, -0.2
2135, -0.1
2136, 0.0
2137, -0.1
2138, 0.0
2139, 0.0
2140, 0.2
2141, 0.0
2142, 0.1
2143, 0.4
2144, 0.0
2145, 0.3
2146, -0.2
2147, 0.1
2148, -0.4
2149, 0.2
2150, 0.5
2151, -0.1
2152, 0.3
2153, 0.2
2154, 0.2
2155, 0.0
2156, 0.0
2157, 0.3
2158, -0.3
2159, -0.2
2160, -0.1
2161, 0.0
2162, 0.3
2163, 0.2
2164, -0.3
2165, -0.1
2166, -0.2
2167, 0.4
2168, -0.2
2169, 0.2
2170, -0.2
2171, 0.1
2172, 0.2
2173, -0.3
2174, 0.0
2175, 0.1
2176, 0.4
2177, -0.1
2178, 0.0
2179, -0.1
2180, 0.1
2181, -0.1
2182, 0.0
2183, 0.0
2184, 0.3
2185, -0.1
2186, -0.1
2187, -0.2
2188, 0.0
2189, 0.1
2190, 0.4
2191, 0.0
2192, 0.1
2193, 0.3
2194, -0.4
2195, 0.5
2196, 0.0
2197, -0.3
2198, -0.1
2199, -0.1
2200, 0.0
2201, -0.1
2202, -0.1
2203, 0.2
2204, -0.3
2205, 0.2
2206, -0.3
2207, 0.1
2208, -0.1
2209, -0.1
2210, 0.3
2211, 0.2
2212, 0.5
2213, 0.0
2214, -0.1
2215, 0.2
2216, 0.1
2217, 0.1
2218, 0.2
2219, 0.0
2220, 0.0
2221, 0.0
2222, 0.4
2223, -0.1
2224, -0.2
2225, 0.3
2226, -0.1
2227, -0.5
2228, 0.0
2229, -0.2
2230, -0.1
2231, 0.2
2232, 0.1
2233, 0.1
2234, -0.1
2235, 0.1
2236, 0.3
2237, -0.1
2238, 0.1
2239, -0.1
2240, 0.3
2241, 0.0
2242, 0.0
2243, -0.5
2244, 0.1
2245, -0.1
2246, -0.3
2247, 0.0
2248, 0.4
2249, 0.2
2250, -0.4
2251, 0.1
2252, 0.4
2253, -0.1
2254, 0.3
2255, 0.2
2256, -0.3
2257, 0.1
2258, 0.0
2259, 0.3
2260, 0.0
2261, 0.1
2262, -0.3
2263, 0.3
2264, -0.1
2265, 0.2
2266, 0.2
2267, -0.5
2268, -0.4
2269, 0.0
2270, -0.2
2271, 0.1
2272, 0.1
2273, 0.0
2274, 0.1
2275, 0.2
2276, 0.4
2277, -0.1
2278, -0.1
2279, 0.1
2280, 0.5
2281, 0.2
2282, -0.1
2283, 0.1
2284, 0.2
2285, -0.3
2286, -0.2
2287, 0.2
2288, 0.2
2289, 0.1
2290, -0.2
2291, -0.1
2292, 0.0
2293, -0.2
2294, -0.3
2295, -0.5
2296, 0.3
2297, -0.1
2298, 0.0
2299, 0.0
2300, -0.1
2301, 0.0
2302, -0.3
2303, 0.0
2304, -0.1
2305, -0.1
2306, -0.4
2307, 0.2
2308, 0.1
2309, 0.2
2310, 0.0
2311, 0.3
2312, 0.0
2313, 0.1
2314, 0.0
2315, 0.3
2316, -0.1
2317, -0.1
2318, -0.1
2319, 0.1
2320, -0.1
2321, 0.1
2322, 0.0
2323, -0.2
2324, 0.0
2325, -0.3
2326, 0.4
2327, -0.5
2328, -0.2
2329, 0.1
2330, -0.4
2331, -0.1
2332, 0.1
2333, -0.1
2334, -0.1
2335, -0.3
2336, 0.0
2337, -0.1
2338, -0.1
2339, 0.0
2340, -0.5
2341, 0.0
2342, -0.1
2343, -0.2
2344, -0.5
2345, -0.2
2346, 0.1
2347, -0.3
2348, 0.2
2349, -0.1
2350, -0.3
2351, -0.1
2352, -0.4
2353, 0.1
2354, 0.2
2355, 0.2
2356, 0.2
2357, -0.4
2358, 0.1
2359, 0.2
2360, 0.1
2361, 0.0
2362, 0.2
2363, -0.1
2364, 0.1
2365, -0.3
2366, -0.1
2367, 0.3
2368, 0.3
2369, 0.1
2370, 0.2
2371, 0.1
2372, -0.1
2373, -0.3
2374, -0.7
2375, 0.1
2376, 0.3
2377, 0.1
2378, -0.2
2379, 0.1
2380, 0.0
2381, 0.0
2382, -0.2
2383, 0.2
2384, 0.3
2385, 0.0
2386, -0.1
2387, 0.1
2388, 0.2
2389, 0.0
2390, -0.2
2391, 0.1
2392, -0.6
2393, 0.4
2394, 0.0
2395, -0.2
2396, 0.0
2397, -0.1
2398, 0.1
2399, 0.0
2400, 0.1
2401, -0.3
2402, -0.4
2403, -0.1
2404, 0.0
2405, 0.3
2406, 0.0
2407, 0.0
2408, 0.1
2409, 0.2
2410, 0.1
2411, 0.2
2412, 0.4
2413, 0.4
2414, -0.2
2415, -0.5
2416, 0.1
2417, 0.2
2418, -0.2
2419, -0.3
2420, -0.4
2421, -0.2
2422, 0.0
2423, 0.0
2424, 0.0
2425, -0.4
2426, 0.2
2427, 0.1
2428, 0.2
2429, -0.1
2430, 0.2
2431, -0.1
2432, 0.0
2433, 0.0
2434, 0.3
2435, 0.1
2436, 0.4
2437, 0.2
2438, 0.0
2439, 0.3
2440, -0.4
2441, -0.2
2442, 0.1
2443, 0.0
2444, 0.2
2445, -0.1
2446, -0.4
2447, 0.0
2448, -0.2
2449, 0.1
2450, -0.2
2451, 0.3
2452, -0.2
2453, -0.1
2454, -0.1
2455, -0.2
2456, 0.1
2457, 0.0
2458, 0.2
2459, 0.4
2460, -0.2
2461, 0.3
2462, 0.2
2463, -0.3
2464, 0.1
2465, -0.3
2466, 0.0
2467, -0.3
2468, -0.1
2469, 0.1
2470, -0.1
2471, -0.1
2472, 0.1
2473, -0.4
2474, -0.3
2475, 0.3
2476, 0.0
2477, 0.0
2478, 0.0
2479, 0.1
2480, -0.1
2481, 0.0
2482, -0.3
2483, 0.2
2484, 0.0
2485, 0.0
2486, -0.2
2487, -0.1
2488, 0.0
2489, -0.2
2490, 0.0
2491, 0.0
2492, 0.0
2493, 0.3
2494, -0.1
2495, 0.4
2496, 0.3
2497, -0.3
2498, -0.1
2499, 0.2
2500, -0.3
2501, 0.1
2502, 0.2
2503, -0.2
2504, -0.4
2505, 0.0
2506, -0.1
2507, 0.3
2508, -0.2
2509, 0.1
2510, -0.2
2511, 0.2
2512, -0.3
2513, 0.2
2514, -0.2
2515, 0.2
2516, 0.2
2517, 0.3
2518, 0.1
2519, 0.2
2520, 0.0
2521, 0.1
2522, 0.1
2523, -0.2
2524, 0.1
2525, -0.3
2526, 0.2
2527, 0.1
2528, -0.2
2529, -0.4
2530, 0.4
2531, -0.2
2532, -0.1
2533, 0.3
2534, -0.1
2535, 0.1
2536, 0.0
2537, -0.2
2538, 0.0
2539, -0.1
2540, -0.4
2541, -0.2
2542, -0.2
2543, 0.0
2544, -0.1
2545, 0.0
2546, -0.1
2547, 0.3
2548, 0.3
2549, -0.3
2550, 0.1
2551, 0.4
2552, 0.3
2553, 0.0
2554, -0.1
2555, -0.1
2556, 0.1
2557, -0.1
2558, 0.4
2559, -0.1
2560, -0.3
2561, 0.2
2562, 0.1
2563, 0.1
2564, 0.2
2565, -0.1
2566, -0.2
2567, -0.1
2568, -0.4
2569, -0.1
2570, -0.2
2571, -0.1
2572, 0.2
2573, 0.2
2574, 0.0
2575, 0.1
2576, -0.1
2577, -0.1
2578, 0.2
2579, -0.7
2580, 0.0
2581, 0.2
2582, 0.2
2583, 0.2
2584, 0.1
2585, -0.4
2586, 0.2
2587, -0.1
2588, 0.2
2589, 0.2
2590, -0.2
2591, -0.1
2592, 0.0
2593, 0.0
2594, 0.0
2595, 0.4
2596, -0.1
2597, 0.4
2598, 0.1
2599, -0.2
2600, 0.2
2601, 0.2
2602, -0.4
2603, -0.2
2604, 0.5
2605, 0.2
2606, 0.3
2607, 0.1
2608, 0.1
2609, -0.3
2610, -0.1
2611, 0.0
2612, 0.4
2613, -0.3
2614, -0.3
2615, 0.1
2616, 0.3
2617, -0.1
2618, 0.1
2619, 0.2
2620, -0.2
2621, 0.1
2622, 0.1
2623, -0.1
2624, 0.3
2625, -0.3
2626, -0.4
2627, -0.4
2628, -0.4
2629, -0.3
2630, 0.0
2631, 0.1
2632, -0.2
2633, -0.8
2634, 0.2
2635, 0.3
2636, 0.2
2637, 0.0
2638, 0.0
2639, -0.2
2640, 0.2
2641, 0.1
2642, 0.0
2643, 0.2
2644, -0.3
2645, -0.3
2646, 0.0
2647, 0.1
2648, -0.3
2649, -0.1
2650, 0.3
2651, 0.0
2652, -0.2
2653, 0.0
2654, 0.0
2655, 0.2
2656, -0.1
2657, 0.0
2658, 0.1
2659, 0.3
2660, 0.4
2661, 0.0
2662, 0.1
2663, 0.1
2664, -0.2
2665, 0.3
2666, -0.2
2667, -0.4
2668, -0.5
2669, 0.2
2670, -0.4
2671, -0.3
2672, -0.3
2673, 0.2
2674, 0.5
2675, 0.2
2676, -0.4
2677, 0.1
2678, -0.1
2679, 0.1
2680, -0.2
2681, 0.0
2682, -0.2
2683, 0.2
2684, 0.1
2685, -0.4
2686, 0.1
2687, 0.0
2688, 0.3
2689, 0.2
2690, 0.0
2691, 0.0
2692, 0.1
2693, 0.1
2694, 0.0
2695, 0.1
2696, 0.0
2697, 0.2
2698, 0.1
2699, -0.1
2700, -0.2
2701, -0.5
2702, 0.2
2703, 0.2
2704, -0.1
2705, 0.2
2706, 0.2
2707, 0.0
2708, -0.1
2709, 0.1
2710, 0.4
2711, -0.4
2712, -0.1
2713, 0.0
2714, 0.0
2715, 0.1
2716, 0.2
2717, -0.1
2718, -0.1
2719, -0.2
2720, -0.2
2721, 0.0
2722, -0.2
2723, -0.1
2724, 0.0
2725, -0.1
2726, 0.1
2727, -0.1
2728, -0.1
2729, 0.4
2730, 0.1
2731, -0.2
2732, 0.1
2733, 0.3
2734, -0.1
2735, 0.0
2736, -0.4
2737, -0.1
2738, -0.1
2739, -0.5
2740, -0.1
2741, 0.1
2742, 0.0
2743, 0.0
2744, 0.3
2745, -0.1
2746, 0.2
2747, 0.2
2748, 0.2
2749, 0.2
2750, -0.3
2751, -0.1
2752, 0.1
2753, 0.0
2754, 0.1
2755, 0.1
2756, 0.5
2757, 0.1
2758, 0.0
2759, -0.3
2760, 0.0
2761, 0.0
2762, 0.0
2763, -0.1
2764, -0.3
2765, 0.2
2766, 0.4
2767, 0.3
2768, -0.1
2769, 0.1
2770, 0.0
2771, -0.1
2772, 0.2
2773, 0.0
2774, -0.3
2775, -0.5
2776, 0.1
2777, 0.1
2778, 0.1
2779, -0.6
2780, 0.2
2781, -0.1
2782, 0.1
2783, -0.3
2784, -0.2
2785, -0.1
2786, -0.1
2787, -0.3
2788, -0.2
2789, -0.1
2790, 0.1
2791, -0.1
2792, 0.0
2793, 0.3
2794, 0.1
2795, -0.3
2796, 0.1
2797, 0.0
2798, 0.4
2799, 0.2
2800, 0.0
2801, -0.1
2802, -0.1
2803, -0.2
2804, -0.3
2805, 0.2
2806, -0.2
2807, -0.1
2808, 0.2
2809, 0.0
2810, 0.2
2811, 0.4
2812, 0.1
2813, 0.0
2814, -0.1
2815, 0.2
2816, -0.1
2817, -0.2
2818, 0.2
2819, 0.2
2820, 0.0
2821, 0.3
2822, 0.1
2823, 0.0
2824, -0.1
2825, -0.2
2826, 0.0
2827, 0.1
2828, 0.3
2829, -0.3
2830, 0.4
2831, 0.0
2832, 0.0
2833, -0.1
2834, 0.3
2835, 0.0
2836, 0.0
2837, 0.0
2838, 0.2
2839, 0.2
2840, -0.1
2841, -0.3
2842, 0.0
2843, 0.0
2844, 0.2
2845, 0.4
2846, 0.1
2847, 0.4
2848, -0.1
2849, 0.1
2850, 0.1
2851, 0.2
2852, -0.2
2853, -0.2
2854, 0.1
2855, 0.2
2856, 0.4
2857, -0.3
2858, 0.2
2859, -0.1
2860, -0.3
2861, 0.0
2862, -0.2
2863, -0.2
2864, 0.2
2865, 0.0
2866, 0.0
2867, 0.3
2868, 0.2
2869, 0.3
2870, 0.0
2871, -0.1
2872, -0.2
2873, 0.0
2874, 0.2
2875, -0.1
2876, 0.2
2877, -0.2
2878, 0.2
2879, 0.2
2880, 0.0
2881, 0.0
2882, 0.0
2883, -0.2
2884, 0.1
2885, 0.1
2886, 0.4
2887, 0.1
2888, -0.3
2889, 0.2
2890, 0.1
2891, 0.2
2892, 0.2
2893, 0.0
2894, 0.1
2895, 0.4
2896, 0.3
2897, -0.2
2898, 0.2
2899, 0.0
2900, -0.3
2901, 0.2
2902, 0.2
2903, -0.4
2904, -0.2
2905, 0.3
2906, -0.2
2907, 0.2
2908, 0.1
2909, -0.1
2910, 0.0
2911, -0.4
2912, -0.2
2913, 0.0
2914, 0.0
2915, 0.0
2916, 0.0
2917, 0.0
2918, -0.2
2919, 0.0
2920, 0.1
2921, -0.4
2922, 0.3
2923, 0.0
2924, 0.0
2925, 0.1
2926, 0.2
2927, -0.1
2928, 0.3
2929, 0.3
2930, -0.2
2931, -0.1
2932, 0.2
2933, 0.1
2934, 0.4
2935, -0.4
2936, 0.1
2937, -0.2
2938, 0.3
2939, 0.0
2940, 0.2
2941, 0.0
2942, 0.1
2943, -0.2
2944, -0.2
2945, 0.1
2946, 0.2
2947, 0.1
2948, -0.5
2949, 0.2
2950, -0.2
2951, 0.0
2952, 0.2
2953, 0.1
2954, 0.4
2955, -0.1
2956, 0.1
2957, 0.0
2958, 0.3
2959, 0.0
2960, -0.1
2961, -0.1
2962, -0.2
2963, 0.1
2964, 0.0
2965, -0.1
2966, 0.1
2967, -0.5
2968, -0.3
2969, 0.2
2970, 0.2
2971, 0.0
2972, -0.2
2973, 0.1
2974, 0.2
2975, -0.1
2976, 0.1
2977, -0.2
2978, 0.0
2979, -0.3
2980, 0.1
2981, 0.1
2982, 0.1
2983, 0.1
2984, 0.0
2985, 0.1
2986, -0.2
2987, 0.2
2988, -0.4
2989, 0.3
2990, 0.4
2991, 0.3
2992, 0.1
2993, -0.2
2994, -0.1
2995, 0.2
2996, 0.1
2997, -0.4
2998, 0.3
2999, 0.0
3000, 0.1
3001, 0.0
3002, 0.1
3003, 0.3
3004, -0.1
3005, 0.2
3006, -0.1
3007, 0.1
3008, 0.5
3009, -0.3
3010, 0.0
3011, 0.2
3012, 0.0
3013, -0.3
3014, -0.1
3015, 0.2
3016, -0.3
3017, -0.1
3018, 0.2
3019, 0.0
3020, 0.2
3021, -0.3
3022, -0.1
3023, -0.1
3024, 0.0
3025, 0.2
3026, -0.2
3027, -0.2
3028, -0.2
3029, 0.4
3030, 0.0
3031, 0.3
3032, 0.0
3033, 0.1
3034, -0.3
3035, -0.4
3036, 0.0
3037, -0.2
3038, -0.3
3039, -0.2
3040, 0.0
3041, 0.1
3042, 0.2
3043, 0.5
3044, -0.1
3045, -0.2
3046, -0.2
3047, 0.2
3048, -0.5
3049, 0.2
3050, -0.3
3051, -0.1
3052, 0.0
3053, -0.2
3054, -0.1
3055, -0.1
3056, -0.5
3057, 0.0
3058, 0.0
3059, -0.3
3060, -0.2
3061, 0.1
3062, 0.1
3063, -0.1
3064, -0.2
3065, 0.1
3066, 0.0
3067, 0.2
3068, -0.2
3069, -0.1
3070, 0.1
3071, -0.2
3072, 0.1
3073, 0.2
3074, 0.1
3075, 0.3
3076, 0.3
3077, -0.2
3078, -0.5
3079, 0.3
3080, 0.2
3081, 0.1
3082, 0.0
3083, -0.2
3084, 0.3
3085, 0.1
3086, 0.1
3087, 0.3
3088, -0.5
3089, 0.2
3090, 0.2
3091, 0.0
3092, -0.1
3093, 0.0
3094, 0.2
3095, -0.3
3096, 0.2
3097, 0.2
3098, -0.1
3099, 0.3
3100, -0.4
3101, -0.1
3102, 0.1
3103, 0.4
3104, 0.1
3105, 0.0
3106, 0.2
3107, 0.1
3108, 0.2
3109, -0.1
3110, 0.1
3111, 0.0
3112, -0.7
3113, -0.1
3114, 0.1
3115, 0.0
3116, 0.1
3117, -0.1
3118, -0.1
3119, 0.1
3120, 0.1
3121, 0.0
3122, 0.4
3123, 0.0
3124, 0.0
3125, 0.1
3126, 0.1
3127, -0.4
3128, 0.1
3129, -0.1
3130, 0.4
3131, 0.3
3132, -0.1
3133, 0.0
3134, 0.0
3135, -0.3
3136, 0.1
3137, 0.2
3138, -0.1
3139, -0.2
3140, 0.3
3141, 0.4
3142, 0.0
3143, -0.2
3144, -0.4
3145, 0.3
3146, -0.3
3147, 0.1
3148, 0.4
3149, 0.1
3150, 0.2
3151, 0.1
3152, -0.1
3153, -0.4
3154, 0.1
3155, -0.1
3156, -0.2
3157, -0.1
3158, 0.1
3159, -0.4
3160, -0.3
3161, 0.2
3162, -0.3
3163, 0.1
3164, -0.2
3165, 0.2
3166, 0.0
3167, -0.5
3168, -0.1
3169, 0.1
3170, -0.2
3171, -0.1
3172, -0.1
3173, 0.0
3174, -0.2
3175, 0.1
3176, 0.0
3177, -0.1
3178, 0.0
3179, 0.0
3180, -0.1
3181, 0.1
3182, 0.1
3183, 0.1
3184, 0.2
3185, -0.2
3186, 0.2
3187, -0.2
3188, 0.1
3189, 0.2
3190, -0.2
3191, -0.4
3192, 0.3
3193, -0.1
3194, 0.2
3195, -0.1
3196, -0.2
3197, 0.1
3198, 0.2
3199, -0.2
3200, -0.1
3201, 0.0
3202, 0.5
3203, 0.2
3204, -0.3
3205, -0.3
3206, 0.2
3207, 0.2
3208, -0.1
3209, -0.2
3210, 0.2
3211, 0.2
3212, 0.3
3213, -0.1
3214, -0.2
3215, 0.1
3216, 0.0
3217, -0.6
3218, 0.4
3219, -0.6
3220, 0.0
3221, -0.2
3222, -0.4
3223, -0.3
3224, 0.1
3225, 0.0
3226, 0.3
3227, 0.0
3228, -0.2
3229, 0.1
3230, 0.1
3231, -0.2
3232, -0.4
3233, 0.1
3234, -0.2
3235, 0.0
3236, 0.2
3237, -0.2
3238, -0.4
3239, 0.1
3240, 0.0
3241, -0.1
3242, 0.1
3243, 0.2
3244, 0.2
3245, 0.3
3246, 0.1
3247, -0.1
3248, 0.1
3249, 0.0
3250, -0.4
3251, 0.3
3252, 0.3
3253, 0.5
3254, -0.2
3255, -0.1
3256, 0.5
3257, 0.0
3258, -0.3
3259, -0.3
3260, 0.3
3261, 0.0
3262, -0.5
3263, 0.1
3264, 0.0
3265, 0.0
3266, 0.2
3267, -0.1
3268, -0.3
3269, 0.0
3270, 0.1
3271, -0.2
3272, 0.0
3273, -0.4
3274, 0.0
3275, 0.1
3276, 0.0
3277, 0.2
3278, -0.2
3279, -0.2
3280, 0.2
3281, 0.3
3282, -0.3
3283, 0.2
3284, 0.2
3285, 0.0
3286, -0.3
3287, -0.2
3288, -0.2
3289, 0.0
3290, -0.1
3291, 0.2
3292, 0.0
3293, -0.3
3294, 0.2
3295, 0.0
3296, 0.3
3297, -0.1
3298, 0.2
3299, 0.0
3300, 0.1
3301, -0.1
3302, 0.2
3303, -0.2
3304, 0.3
3305, 0.1
3306, 0.3
3307, 0.0
3308, 0.0
3309, 0.1
3310, 0.2
3311, -0.2
3312, -0.2
3313, -0.6
3314, 0.0
3315, 0.3
3316, -0.1
3317, 0.0
3318, -0.1
3319, 0.0
3320, -0.1
3321, 0.2
3322, -0.2
3323, 0.1
3324, -0.5
3325, 0.0
3326, 0.1
3327, -0.2
3328, 0.0
3329, 0.1
3330, 0.4
3331, 0.1
3332, -0.2
3333, -0.2
3334, 0.3
3335, -0.1
3336, 0.3
3337, -0.3
3338, -0.2
3339, -0.1
3340, 0.0
3341, 0.1
3342, -0.2
3343, -0.1
3344, -0.1
3345, 0.1
3346, 0.3
3347, 0.2
3348, 0.1
3349, 0.3
3350, 0.0
3351, 0.2
3352, 0.1
3353, -0.1
3354, 0.0
3355, 0.2
3356, 0.1
3357, -0.1
3358, -0.1
3359, -0.3
3360, -0.1
3361, 0.2
3362, 0.3
3363, 0.0
3364, 0.4
3365, -0.3
3366, 0.1
3367, -0.2
3368, 0.3
3369, 0.2
3370, 0.1
3371, -0.2
3372, 0.2
3373, 0.1
3374, 0.0
3375, 0.3
3376, 0.0
3377, 0.2
3378, -0.1
3379, 0.2
3380, -0.1
3381, 0.0
3382, -0.1
3383, 0.5
3384, -0.2
3385, -0.1
3386, 0.3
3387, 0.0
3388, -0.1
3389, 0.0
3390, -0.5
3391, -0.2
3392, 0.0
3393, -0.5
3394, 0.2
3395, 0.2
3396, 0.3
3397, 0.3
3398, 0.0
3399, 0.2
3400, 0.0
3401, -0.4
3402, -0.4
3403, -0.3
3404, -0.1
3405, 0.0
3406, -0.3
3407, -0.3
3408, 0.1
3409, 0.0
3410, 0.1
3411, 0.3
3412, -0.1
3413, -0.2
3414, -0.2
3415, -0.1
3416, -0.1
3417, 0.4
3418, 0.2
3419, 0.2
3420, -0.3
3421, -0.1
3422, 0.3
3423, 0.1
3424, 0.4
3425, -0.2
3426, 0.4
3427, 0.0
3428, 0.2
3429, 0.1
3430, 0.2
3431, -0.1
3432, -0.1
3433, 0.0
3434, 0.2
3435, -0.2
3436, 0.0
3437, -0.3
3438, 0.1
3439, -0.1
3440, 0.1
3441, -0.1
3442, 0.0
3443, 0.4
3444, 0.3
3445, 0.3
3446, 0.3
3447, 0.1
3448, 0.3
3449, 0.3
3450, 0.0
3451, 0.2
3452, 0.0
3453, -0.2
3454, 0.2
3455, -0.2
3456, -0.4
3457, -0.1
3458, -0.2
3459, -0.1
3460, 0.1
3461, 0.0
3462, 0.3
3463, 0.2
3464, 0.0
3465, 0.0
3466, -0.4
3467, -0.3
3468, 0.2
3469, 0.2
3470, -0.1
3471, 0.2
3472, -0.4
3473, -0.2
3474, 0.0
3475, -0.5
3476, -0.1
3477, -0.2
3478, 0.2
3479, 0.1
3480, -0.2
3481, 0.4
3482, 0.3
3483, 0.2
3484, 0.1
3485, 0.2
3486, 0.1
3487, 0.4
3488, 0.0
3489, -0.2
3490, 0.2
3491, 0.0
3492, -0.3
3493, 0.3
3494, 0.0
3495, 0.2
3496, -0.1
3497, 0.0
3498, -0.2
3499, 0.1
3500, -0.3
3501, 0.1
3502, -0.3
3503, 0.1
3504, 0.0
3505, 0.3
3506, 0.2
3507, 0.0
3508, 0.0
3509, 0.3
3510, -0.2
3511, -0.2
3512, 0.0
3513, 0.2
3514, 0.2
3515, 0.5
3516, 0.0
3517, 0.0
3518, -0.3
3519, 0.1
3520, 0.0
3521, -0.4
3522, -0.2
3523, -0.2
3524, 0.0
3525, -0.3
3526, 0.0
3527, 0.2
3528, 0.0
3529, 0.5
3530, 0.0
3531, 0.4
3532, 0.0
3533, -0.2
3534, -0.1
3535, 0.5
3536, 0.1
3537, 0.3
3538, -0.1
3539, 0.4
3540, 0.1
3541, 0.0
3542, -0.1
3543, 0.1
3544, 0.0
3545, -0.4
3546, 0.3
3547, 0.2
3548, 0.0
3549, 0.3
3550, 0.1
3551, 0.2
3552, -0.1
3553, -0.2
3554, -0.1
3555, 0.1
3556, 0.0
3557, 0.3
3558, -0.3
3559, -0.6
3560, 0.3
3561, 0.2
3562, 0.1
3563, -0.2
3564, -0.1
3565, -0.2
3566, 0.0
3567, 0.0
3568, 0.0
3569, 0.2
3570, -0.4
3571, 0.3
3572, 0.0
3573, 0.3
3574, -0.1
3575, 0.0
3576, 0.3
3577, -0.1
3578, -0.2
3579, 0.0
3580, 0.1
3581, -0.1
3582, -0.3
3583, 0.1
3584, 0.0
3585, -0.1
3586, 0.1
3587, -0.3
3588, 0.0
3589, 0.3
3590, -0.3
3591, 0.0
3592, -0.3
3593, 0.2
3594, -0.1
3595, 0.3
3596, 0.3
3597, 0.1
3598, 0.0
3599, -0.3
3600, -0.2
3601, 0.0
3602, 0.2
3603, 0.1
3604, 0.1
3605, 0.0
3606, 0.0
3607, 0.3
3608, 0.2
3609, 0.3
3610, -0.1
3611, 0.0
3612, 0.3
3613, 0.5
3614, -0.1
3615, -0.2
3616, 0.2
3617, 0.2
3618, 0.1
3619, -0.1
3620, 0.0
3621, -0.1
3622, -0.2
3623, 0.1
3624, -0.1
3625, 0.1
3626, 0.1
3627, -0.2
3628, -0.1
3629, 0.2
3630, 0.4
3631, -0.1
3632, 0.1
3633, 0.1
3634, 0.0
3635, 0.0
3636, 0.1
3637, 0.1
3638, 0.1
3639, -0.3
3640, 0.1
3641, -0.4
3642, 0.1
3643, -0.2
3644, -0.3
3645, 0.3
3646, -0.2
3647, 0.1
3648, -0.1
3649, -0.3
3650, 0.1
3651, 0.3
3652, 0.3
3653, -0.4
3654, 0.4
3655, 0.0
3656, 0.3
3657, 0.0
3658, -0.3
3659, 0.1
3660, 0.0
3661, 0.0
3662, -0.4
3663, -0.1
3664, 0.0
3665, -0.2
3666, -0.1
3667, -0.2
3668, 0.4
3669, 0.0
3670, 0.2
3671, 0.3
3672, -0.2
3673, -0.1
3674, 0.0
3675, -0.3
3676, -0.3
3677, 0.1
3678, 0.2
3679, -0.5
3680, -0.5
3681, -0.1
3682, 0.0
3683, 0.1
3684, 0.1
3685, -0.4
3686, -0.3
3687, 0.2
3688, -0.1
3689, -0.2
3690, -0.5
3691, 0.1
3692, 0.1
3693, 0.0
3694, 0.3
3695, 0.3
3696, -0.1
3697, 0.2
3698, -0.1
3699, -0.6
3700, 0.1
3701, 0.2
3702, 0.0
3703, 0.1
3704, -0.3
3705, -0.4
3706, -0.2
3707, -0.3
3708, 0.4
3709, -0.1
3710, -0.1
3711, 0.3
3712, -0.3
3713, 0.0
3714, -0.3
3715, -0.3
3716, -0.2
3717, 0.1
3718, -0.3
3719, 0.2
3720, 0.1
3721, 0.2
3722, 0.0
3723, 0.2
3724, 0.0
3725, 0.4
3726, -0.1
3727, -0.1
3728, 0.0
3729, 0.1
3730, 0.1
3731, 0.1
3732, -0.5
3733, 0.1
3734, -0.1
3735, -0.4
3736, -0.2
3737, 0.4
3738, 0.0
3739, -0.2
3740, 0.2
3741, 0.2
3742, 0.2
3743, -0.1
3744, 0.2
3745, 0.2
3746, -0.1
3747, -0.1
3748, 0.5
3749, 0.0
3750, 0.0
3751, 0.2
3752, 0.3
3753, -0.2
3754, 0.0
3755, 0.0
3756, -0.3
3757, 0.1
3758, 0.0
3759, 0.0
3760, 0.1
3761, -0.4
3762, -0.2
3763, 0.3
3764, -0.1
3765, -0.2
3766, 0.1
3767, 0.1
3768, -0.2
3769, 0.4
3770, 0.1
3771, -0.1
3772, -0.2
3773, 0.1
3774, 0.3
3775, 0.5
3776, 0.3
3777, -0.2
3778, -0.2
3779, 0.2
3780, 0.0
3781, -0.3
3782, 0.5
3783, 0.2
3784, 0.0
3785, 0.3
3786, -0.5
3787, 0.1
3788, -0.1
3789, -0.3
3790, 0.3
3791, 0.3
3792, 0.2
3793, 0.2
3794, 0.0
3795, 0.2
3796, -0.1
3797, 0.4
3798, 0.1
3799, -0.1
3800, 0.2
3801, -0.4
3802, 0.4
3803, -0.2
3804, 0.2
3805, -0.2
3806, 0.0
3807, 0.2
3808, 0.1
3809, 0.1
3810, -0.1
3811, 0.3
3812, 0.0
3813, 0.2
3814, 0.1
3815, -0.2
3816, 0.0
3817, -0.1
3818, 0.0
3819, 0.2
3820, -0.3
3821, 0.4
3822, -0.2
3823, 0.0
3824, 0.1
3825, 0.0
3826, -0.1
3827, 0.0
3828, -0.2
3829, -0.1
3830, 0.1
3831, 0.1
3832, -0.1
3833, -0.1
3834, 0.1
3835, 0.2
3836, 0.1
3837, 0.1
3838, 0.1
3839, 0.0
3840, 0.2
3841, 0.4
3842, 0.2
3843, -0.4
3844, -0.3
3845, 0.0
3846, 0.1
3847, 0.2
3848, 0.2
3849, 0.0
3850, 0.1
3851, -0.1
3852, -0.3
3853, 0.3
3854, 0.0
3855, 0.1
3856, 0.3
3857, 0.1
3858, 0.0
3859, 0.2
3860, -0.2
3861, 0.3
3862, 0.1
3863, -0.3
3864, 0.1
3865, 0.0
3866, 0.3
3867, -0.2
3868, -0.2
3869, 0.0
3870, 0.3
3871, 0.0
3872, 0.1
3873, 0.0
3874, 0.0
3875, 0.3
3876, -0.1
3877, 0.0
3878, 0.2
3879, -0.1
3880, 0.3
3881, 0.1
3882, -0.4
3883, 0.1
3884, -0.3
3885, -0.1
3886, -0.2
3887, 0.5
3888, 0.0
3889, 0.5
3890, 0.0
3891, -0.3
3892, 0.0
3893, 0.3
3894, 0.3
3895, -0.3
3896, -0.2
3897, 0.0
3898, 0.0
3899, -0.3
3900, 0.0
3901, 0.1
3902, 0.0
3903, -0.1
3904, 0.5
3905, 0.2
3906, 0.1
3907, -0.1
3908, 0.1
3909, 0.0
3910, -0.1
3911, -0.4
3912, 0.2
3913, 0.1
3914, 0.0
3915, 0.0
3916, 0.0
3917, 0.1
3918, -0.1
3919, 0.2
3920, 0.0
3921, -0.2
3922, -0.2
3923, 0.3
3924, -0.2
3925, -0.3
3926, 0.2
3927, 0.3
3928, -0.3
3929, 0.3
3930, 0.1
3931, -0.3
3932, 0.2
3933, 0.3
3934, 0.2
3935, -0.4
3936, 0.4
3937, 0.1
3938, 0.0
3939, -0.3
3940, -0.2
3941, 0.0
3942, 0.2
3943, -0.1
3944, 0.1
3945, -0.3
3946, 0.0
3947, 0.0
3948, -0.3
3949, 0.3
3950, -0.4
3951, 0.1
3952, -0.2
3953, 0.1
3954, -0.3
3955, 0.3
3956, -0.6
3957, -0.1
3958, -0.2
3959, -0.2
3960, 0.1
3961, -0.2
3962, -0.1
3963, 0.0
3964, -0.3
3965, -0.1
3966, -0.2
3967, -0.2
3968, 0.3
3969, 0.2
3970, 0.0
3971, -0.3
3972, 0.0
3973, -0.4
3974, 0.2
3975, 0.1
3976, 0.1
3977, 0.1
3978, 0.2
3979, -0.2
3980, -0.2
3981, 0.2
3982, 0.1
3983, 0.0
3984, -0.2
3985, -0.1
3986, 0.1
3987, 0.0
3988, 0.1
3989, -0.1
3990, 0.3
3991, 0.0
3992, 0.3
3993, 0.2
3994, 0.0
3995, 0.0
3996, 0.1
3997, 0.0
3998, -0.2
3999, -0.2
