0, 0.6
1, 0.0
2, -0.4
3, 0.5
4, 0.5
5, 0.1
6, -0.2
7, 0.2
8, 0.3
9, -0.2
10, 0.3
11, -0.3
12, 0.1
13, -0.3
14, -0.4
15, 0.2
16, -0.2
17, 0.0
18, 0.5
19, 0.2
20, -0.1
21, 0.0
22, 0.0
23, 0.4
24, 0.0
25, -0.3
26, 0.1
27, -0.3
28, 0.1
29, 0.5
30, -0.1
31, 0.1
32, 0.1
33, -0.1
34, 0.1
35, -0.3
36, 0.0
37, -0.4
38, -0.3
39, 0.1
40, 0.3
41, 0.0
42, 0.3
43, -0.1
44, -0.5
45, 0.0
46, 0.0
47, 0.0
48, -0.6
49, -0.2
50, 0.0
51, 0.1
52, 0.0
53, 0.1
54, -0.4
55, 0.3
56, -0.2
57, 0.2
58, 0.0
59, -0.1
60, 0.1
61, 0.0
62, -0.1
63, -0.3
64, 0.2
65, -0.2
66, 0.1
67, 0.0
68, 0.1
69, 0.3
70, 0.0
71, -0.4
72, -0.1
73, 0.0
74, -0.1
75, -0.3
76, -0.1
77, 0.3
78, 0.0
79, -0.2
80, 0.3
81, 0.0
82, 0.0
83, 0.2
84, 0.0
85, 0.1
86, 0.1
87, 0.0
88, 0.1
89, -0.1
90, -0.3
91, 0.2
92, -0.1
93, -0.1
94, -0.2
95, -0.2
96, 0.3
97, -0.2
98, -0.3
99, -0.1
100, -0.2
101, -0.4
102, -0.1
103, 0.1
104, 0.4
105, -0.1
106, 0.0
107, 0.1
108, -0.1
109, -0.2
110, 0.2
111, 0.1
112, 0.2
113, 0.6
114, 0.2
115, -0.2
116, -0.1
117, 0.3
118, 0.1
119, -0.3
120, -0.4
121, 0.0
122, 0.1
123, 0.1
124, -0.2
125, 0.2
126, -0.2
127, 0.3
128, 0.5
129, 0.3
130, -0.2
131, 0.0
132, 0.2
133, 0.1
134, 0.2
135, 0.4
136, 0.3
137, -0.1
138, -0.1
139, -0.1
140, 0.2
141, -0.4
142, 0.0
143, 0.3
144, 0.1
145, -0.1
146, 0.0
147, -0.1
148, -0.3
149, -0.1
150, -0.2
151, 0.1
152, 0.0
153, 0.2
154, 0.0
155, 0.0
156, -0.3
157, -0.2
158, -0.3
159, -0.2
160, -0.3
161, 0.0
162, 0.0
163, -0.3
164, 0.1
165, 0.1
166, 0.3
167, 0.0
168, -0.5
169, 0.4
170, -0.2
171, 0.2
172, 0.1
173, 0.2
174, 0.0
175, -0.2
176, 0.3
177, 0.0
178, 0.2
179, -0.1
180, 0.1
181, 0.1
182, -0.1
183, 0.3
184, 0.2
185, 0.1
186, 0.3
187, 0.0
188, 0.3
189, 0.3
190, -0.3
191, -0.3
192, -0.1
193, 0.0
194, -0.3
195, -0.1
196, 0.2
197, 0.1
198, -0.2
199, 0.2
200, 0.2
201, -0.1
202, 0.4
203, 0.0
204, 0.1
205, 0.0
206, 0.1
207, -0.4
208, -0.2
209, -0.4
210, 0.5
211, -0.3
212, -0.4
213, 0.3
214, -0.1
215, 0.3
216, 0.0
217, -0.3
218, 0.3
219, -0.1
220, 0.1
221, 0.3
222, -0.1
223, 0.1
224, -0.3
225, 0.0
226, -0.5
227, 0.1
228, 0.2
229, 0.3
230, 0.0
231, -0.3
232, -0.2
233, 0.0
234, -0.4
235, 0.2
236, 0.2
237, -0.5
238, 0.0
239, -0.3
240, 0.2
241, -0.1
242, -0.2
243, 0.4
244, -0.1
245, -0.1
246, 0.1
247, 0.0
248, -0.2
249, -0.1
250, -0.2
251, -0.3
252, -0.1
253, -0.3
254, 0.3
255, -0.1
256, 0.3
257, -0.4
258, -0.3
259, 0.3
260, 0.2
261, 0.1
262, 0.2
263, 0.2
264, 0.2
265, -0.4
266, 0.3
267, -0.4
268, -0.2
269, 0.3
270, -0.1
271, -0.4
272, -0.5
273, 0.1
274, 0.3
275, 0.1
276, -0.1
277, -0.2
278, 0.3
279, 0.0
280, -0.5
281, -0.3
282, 0.4
283, 0.0
284, 0.3
285, 0.2
286, -0.3
287, 0.1
288, 0.3
289, -0.7
290, -0.2
291, 0.0
292, 0.2
293, -0.3
294, 0.3
295, -0.3
296, 0.1
297, -0.4
298, 0.1
299, -0.1
300, 0.3
301, 0.0
302, -0.2
303, 0.2
304, -0.2
305, 0.1
306, -0.2
307, -0.5
308, -0.2
309, 0.3
310, -0.1
311, 0.4
312, 0.2
313, -0.5
314, 0.0
315, 0.2
316, 0.1
317, 0.4
318, 0.1
319, 0.3
320, 0.1
321, 0.3
322, -0.6
323, -0.5
324, -0.1
325, -0.1
326, -0.1
327, 0.2
328, 0.4
329, 0.1
330, 0.3
331, -0.2
332, 0.1
333, 0.0
334, 0.3
335, 0.3
336, 0.3
337, 0.1
338, 0.1
339, -0.2
340, 0.0
341, 0.0
342, 0.0
343, -0.2
344, 0.2
345, -0.2
346, 0.1
347, 0.0
348, -0.2
349, 0.4
350, -0.2
351, -0.2
352, 0.5
353, 0.0
354, 0.2
355, 0.1
356, -0.2
357, 0.0
358, 0.3
359, 0.1
360, 0.1
361, 0.1
362, -0.3
363, -0.1
364, 0.2
365, 0.0
366, -0.3
367, -0.3
368, -0.1
369, 0.0
370, -0.1
371, -0.2
372, 0.2
373, 0.1
374, 0.4
375, -0.2
376, -0.1
377, -0.2
378, -0.3
379, 0.0
380, 0.0
381, 0.2
382, -0.5
383, 0.2
384, 0.1
385, 0.4
386, 0.2
387, 0.1
388, -0.1
389, -0.3
390, -0.4
391, -0.1
392, -0.1
393, 0.5
394, -0.2
395, -0.3
396, 0.0
397, 0.3
398, -0.4
399, -0.2
400, 0.1
401, 0.1
402, 0.1
403, 0.2
404, 0.4
405, -0.3
406, -0.3
407, -0.1
408, -0.4
409, 0.0
410, -0.1
411, 0.2
412, 0.0
413, 0.4
414, -0.1
415, 0.1
416, 0.0
417, 0.2
418, -0.1
419, 0.2
420, -0.2
421, -0.6
422, 0.0
423, 0.0
424, -0.1
425, 0.1
426, 0.1
427, 0.2
428, 0.1
429, 0.0
430, 0.0
431, -0.1
432, -0.1
433, 0.1
434, 0.3
435, 0.1
436, 0.5
437, 0.0
438, -0.3
439, 0.2
440, 0.1
441, 0.1
442, -0.1
443, 0.0
444, 0.0
445, -0.2
446, 0.1
447, -0.2
448, 0.1
449, 0.1
450, 0.5
451, 0.1
452, 0.0
453, 0.0
454, 0.1
455, -0.2
456, -0.1
457, -0.3
458, -0.2
459, 0.2
460, -0.3
461, -0.1
462, -0.2
463, 0.1
464, -0.3
465, -0.1
466, 0.1
467, 0.0
468, -0.4
469, -0.3
470, -0.2
471, 0.0
472, -0.2
473, 0.1
474, 0.1
475, -0.1
476, 0.1
477, 0.1
478, -0.1
479, -0.2
480, 0.4
481, 0.1
482, -0.3
483, 0.3
484, 0.1
485, 0.0
486, 0.0
487, 0.2
488, -0.1
489, 0.4
490, 0.1
491, 0.3
492, -0.1
493, -0.1
494, -0.2
495, -0.5
496, 0.2
497, -0.2
498, 0.1
499, -0.2
500, -0.1
501, 0.0
502, 0.2
503, -0.1
504, -0.2
505, 0.3
506, -0.1
507, 0.2
508, 0.1
509, 0.3
510, -0.1
511, -0.1
512, -0.1
513, 0.3
514, 0.1
515, 0.2
516, 0.3
517, 0.2
518, 0.4
519, 0.1
520, 0.2
521, 0.0
522, 0.0
523, -0.1
524, -0.1
525, -0.1
526, 0.0
527, -0.2
528, -0.2
529, 0.1
530, -0.2
531, -0.2
532, 0.0
533, 0.3
534, 0.0
535, -0.2
536, 0.3
537, -0.1
538, 0.2
539, 0.1
540, -0.1
541, -0.2
542, -0.3
543, 0.2
544, 0.0
545, 0.2
546, 0.1
547, -0.1
548, -0.2
549, -0.1
550, 0.4
551, 0.1
552, -0.4
553, 0.3
554, -0.1
555, 0.2
556, -0.1
557, 0.0
558, 0.1
559, 0.2
560, 0.0
561, -0.3
562, -0.3
563, 0.2
564, 0.2
565, 0.0
566, 0.3
567, -0.5
568, -0.1
569, 0.4
570, -0.4
571, 0.0
572, -0.2
573, 0.2
574, -0.7
575, -0.4
576, 0.3
577, -0.5
578, 0.4
579, -0.2
580, 0.0
581, -0.1
582, 0.2
583, 0.2
584, -0.2
585, 0.3
586, -0.1
587, -0.2
588, 0.4
589, 0.2
590, -0.3
591, 0.3
592, 0.3
593, 0.1
594, 0.0
595, 0.0
596, -0.3
597, 0.5
598, 0.0
599, -0.1
600, 0.1
601, 0.0
602, -0.1
603, 0.3
604, -0.2
605, 0.0
606, -0.2
607, -0.1
608, -0.3
609, -0.1
610, 0.3
611, -0.2
612, 0.0
613, 0.0
614, 0.1
615, -0.4
616, 0.2
617, 0.1
618, 0.5
619, 0.0
620, 0.3
621, -0.1
622, -0.3
623, 0.2
624, -0.1
625, 0.1
626, -0.2
627, -0.3
628, 0.0
629, 0.2
630, -0.3
631, 0.0
632, -0.3
633, 0.3
634, 0.0
635, 0.2
636, -0.1
637, -0.4
638, -0.1
639, -0.2
640, -0.2
641, 0.1
642, 0.1
643, 0.0
644, 0.2
645, 0.0
646, -0.1
647, 0.0
648, 0.2
649, -0.5
650, 0.4
651, -0.3
652, 0.2
653, -0.1
654, -0.1
655, 0.3
656, -0.1
657, 0.1
658, -0.3
659, -0.5
660, -0.1
661, -0.2
662, 0.2
663, 0.0
664, -0.3
665, 0.2
666, 0.0
667, 0.3
668, -0.1
669, 0.2
670, 0.5
671, 0.1
672, -0.2
673, -0.1
674, 0.0
675, 0.3
676, 0.0
677, 0.1
678, 0.0
679, 0.2
680, 0.1
681, 0.3
682, -0.3
683, -0.3
684, 0.1
685, 0.0
686, 0.2
687, 0.0
688, 0.1
689, 0.0
690, -0.1
691, 0.1
692, 0.1
693, -0.1
694, 0.0
695, 0.1
696, 0.0
697, 0.3
698, -0.3
699, -0.2
700, -0.1
701, 0.2
702, 0.1
703, 0.0
704, 0.1
705, 0.1
706, 0.2
707, -0.2
708, 0.1
709, 0.1
710, 0.0
711, -0.1
712, -0.2
713, 0.0
714, 0.5
715, -0.1
716, 0.1
717, 0.1
718, 0.3
719, 0.3
720, 0.0
721, -0.2
722, -0.4
723, -0.2
724, -0.3
725, -0.2
726, -0.1
727, -0.2
728, 0.3
729, 0.1
730, -0.1
731, 0.0
732, -0.3
733, -0.1
734, -0.1
735, -0.2
736, 0.2
737, 0.3
738, 0.1
739, 0.2
740, 0.2
741, 0.0
742, 0.0
743, -0.5
744, 0.1
745, 0.3
746, -0.1
747, -0.6
748, -0.3
749, 0.1
750, 0.1
751, 0.1
752, 0.2
753, -0.3
754, 0.5
755, 0.1
756, 0.0
757, -0.1
758, 0.0
759, -0.1
760, -0.7
761, -0.1
762, 0.2
763, 0.1
764, -0.3
765, -0.1
766, 0.0
767, 0.1
768, -0.1
769, 0.3
770, 0.1
771, -0.4
772, -0.1
773, -0.3
774, 0.0
775, 0.2
776, 0.0
777, 0.3
778, 0.2
779, 0.0
780, -0.3
781, 0.1
782, -0.1
783, 0.2
784, 0.2
785, 0.3
786, 0.2
787, -0.1
788, 0.3
789, -0.2
790, -0.1
791, -0.1
792, -0.2
793, 0.0
794, -0.1
795, 0.2
796, 0.2
797, -0.1
798, 0.1
799, 0.1
800, -0.5
801, -0.1
802, 0.0
803, 0.0
804, 0.1
805, 0.4
806, 0.0
807, 0.1
808, -0.3
809, -0.5
810, 0.0
811, 0.0
812, -0.1
813, 0.2
814, 0.1
815, -0.2
816, -0.2
817, 0.1
818, 0.1
819, 0.0
820, -0.1
821, -0.1
822, -0.3
823, -0.1
824, 0.3
825, 0.2
826, 0.1
827, -0.1
828, -0.1
829, 0.3
830, -0.2
831, 0.0
832, -0.1
833, 0.1
834, 0.3
835, 0.0
836, -0.5
837, 0.0
838, 0.0
839, 0.2
840, 0.0
841, -0.3
842, 0.0
843, -0.3
844, 0.2
845, 0.1
846, 0.3
847, 0.0
848, 0.0
849, 0.1
850, 0.4
851, 0.0
852, 0.4
853, 0.0
854, 0.3
855, -0.1
856, 0.0
857, 0.2
858, 0.1
859, 0.1
860, -0.1
861, 0.0
862, 0.1
863, 0.2
864, -0.1
865, 0.2
866, 0.3
867, -0.1
868, -0.3
869, 0.0
870, -0.1
871, 0.2
872, -0.1
873, -0.1
874, 0.0
875, 0.0
876, 0.2
877, 0.0
878, 0.0
879, 0.0
880, 0.1
881, -0.2
882, 0.0
883, -0.4
884, 0.1
885, -0.3
886, 0.4
887, 0.0
888, 0.0
889, -0.2
890, 0.4
891, -0.1
892, 0.1
893, 0.1
894, 0.1
895, 0.1
896, 0.1
897, -0.2
898, 0.2
899, -0.2
900, 0.3
901, 0.1
902, -0.2
903, -0.2
904, 0.4
905, 0.0
906, 0.2
907, 0.2
908, 0.3
909, 0.4
910, 0.1
911, 0.0
912, 0.3
913, 0.1
914, 0.1
915, 0.2
916, 0.0
917, -0.2
918, -0.5
919, 0.0
920, 0.0
921, 0.3
922, 0.3
923, 0.2
924, 0.2
925, 0.3
926, 0.0
927, 0.2
928, 0.1
929, 0.4
930, 0.2
931, 0.2
932, 0.1
933, -0.3
934, -0.1
935, 0.3
936, 0.3
937, 0.0
938, -0.1
939, -0.2
940, -0.3
941, -0.2
942, 0.4
943, -0.2
944, 0.1
945, -0.2
946, -0.2
947, 0.5
948, 0.0
949, 0.2
950, -0.2
951, -0.4
952, -0.3
953, 0.1
954, 0.3
955, 0.2
956, -0.3
957, -0.2
958, -0.4
959, 0.0
960, 0.0
961, 0.0
962, -0.3
963, 0.0
964, 0.1
965, 0.2
966, -0.6
967, -0.1
968, -0.3
969, 0.2
970, 0.0
971, 0.1
972, -0.1
973, -0.1
974, -0.2
975, -0.2
976, 0.0
977, 0.0
978, 0.0
979, 0.1
980, 0.0
981, -0.3
982, 0.0
983, 0.4
984, -0.1
985, -0.2
986, -0.2
987, -0.4
988, 0.2
989, 0.2
990, -0.1
991, -0.1
992, 0.2
993, -0.1
994, -0.6
995, 0.1
996, -0.1
997, 0.1
998, 0.0
999, 0.4
1000, 0.1
1001, 0.3
1002, -0.1
1003, -0.2
1004, 0.1
1005, -0.2
1006, 0.3
1007, -0.1
1008, 0.1
1009, -0.4
1010, -0.3
1011, 0.0
1012, -0.1
1013, 0.2
1014, 0.0
1015, 0.1
1016, 0.2
1017, 0.4
1018, -0.1
1019, 0.3
1020, 0.1
1021, 0.1
1022, 0.2
1023, 0.0
1024, -0.2
1025, 0.0
1026, -0.2
1027, -0.5
1028, 0.0
1029, 0.0
1030, -0.1
1031, -0.1
1032, -0.2
1033, 0.2
1034, 0.2
1035, 0.0
1036, 0.1
1037, 0.0
1038, 0.0
1039, 0.1
1040, 0.2
1041, -0.2
1042, 0.2
1043, 0.3
1044, -0.1
1045, -0.2
1046, -0.3
1047, -0.2
1048, -0.1
1049, 0.0
1050, 0.3
1051, -0.1
1052, 0.1
1053, 0.0
1054, -0.3
1055, 0.4
1056, 0.3
1057, -0.2
1058, 0.0
1059, 0.1
1060, 0.0
1061, 0.2
1062, 0.1
1063, 0.2
1064, 0.1
1065, 0.5
1066, 0.1
1067, 0.2
1068, 0.2
1069, 0.2
1070, -0.3
1071, 0.0
1072, -0.1
1073, 0.2
1074, -0.2
1075, 0.1
1076, 0.2
1077, -0.2
1078, -0.1
1079, 0.1
1080, 0.2
1081, 0.4
1082, -0.5
1083, 0.1
1084, 0.1
1085, -0.2
1086, 0.1
1087, -0.2
1088, 0.1
1089, 0.0
1090, -0.1
1091, 0.0
1092, -0.1
1093, 0.1
1094, 0.2
1095, 0.5
1096, 0.1
1097, -0.2
1098, 0.0
1099, -0.3
1100, 0.0
1101, 0.0
1102, 0.5
1103, 0.0
1104, 0.1
1105, -0.1
1106, -0.1
1107, 0.1
1108, 0.1
1109, -0.2
1110, 0.2
1111, -0.1
1112, 0.1
1113, 0.3
1114, 0.3
1115, 0.1
1116, -0.4
1117, 0.0
1118, -0.1
1119, 0.0
1120, -0.2
1121, 0.0
1122, -0.2
1123, 0.1
1124, -0.3
1125, 0.1
1126, 0.0
1127, 0.1
1128, -0.1
1129, 0.0
1130, 0.3
1131, 0.2
1132, 0.0
1133, 0.0
1134, -0.1
1135, 0.4
1136, 0.1
1137, 0.3
1138, 0.3
1139, 0.1
1140, -0.4
1141, 0.0
1142, 0.2
1143, 0.1
1144, 0.1
1145, -0.4
1146, 0.2
1147, -0.1
1148, -0.2
1149, -0.1
1150, 0.0
1151, -0.1
1152, -0.3
1153, 0.0
1154, 0.0
1155, 0.2
1156, 0.0
1157, -0.1
1158, 0.2
1159, -0.2
1160, 0.0
1161, 0.1
1162, -0.2
1163, -0.1
1164, 0.3
1165, 0.2
1166, -0.2
1167, 0.4
1168, -0.4
1169, 0.1
1170, 0.1
1171, -0.1
1172, -0.2
1173, -0.6
1174, -0.1
1175, 0.1
1176, 0.0
1177, 0.3
1178, 0.1
1179, -0.2
1180, 0.0
1181, 0.1
1182, 0.1
1183, 0.0
1184, -0.4
1185, 0.3
1186, 0.0
1187, 0.5
1188, 0.3
1189, -0.1
1190, 0.2
1191, -0.1
1192, 0.2
1193, -0.3
1194, -0.2
1195, -0.3
1196, 0.3
1197, 0.4
1198, 0.0
1199, 0.3
1200, 0.2
1201, -0.3
1202, -0.2
1203, 0.0
1204, 0.3
1205, 0.2
1206, 0.1
1207, -0.2
1208, 0.4
1209, 0.2
1210, 0.2
1211, -0.1
1212, 0.1
1213, 0.0
1214, 0.3
1215, 0.3
1216, 0.1
1217, 0.3
1218, 0.0
1219, 0.3
1220, 0.0
1221, 0.3
1222, 0.0
1223, 0.1
1224, 0.1
1225, 0.2
1226, 0.0
1227, 0.0
1228, 0.2
1229, -0.2
1230, 0.4
1231, -0.1
1232, 0.0
1233, 0.2
1234, -0.3
1235, 0.1
1236, -0.1
1237, 0.1
1238, 0.1
1239, 0.2
1240, 0.0
1241, -0.1
1242, -0.4
1243, 0.0
1244, 0.0
1245, 0.2
1246, 0.3
1247, 0.3
1248, 0.0
1249, 0.1
1250, 0.0
1251, -0.2
1252, -0.5
1253, 0.2
1254, 0.0
1255, -0.2
1256, -0.2
1257, 0.3
1258, 0.2
1259, -0.1
1260, 0.1
1261, -0.1
1262, -0.4
1263, -0.2
1264, -0.4
1265, -0.4
1266, 0.2
1267, 0.3
1268, -0.3
1269, 0.1
1270, 0.0
1271, 0.1
1272, 0.0
1273, -0.1
1274, -0.2
1275, 0.2
1276, -0.2
1277, 0.2
1278, 0.2
1279, -0.4
1280, -0.2
1281, -0.1
1282, -0.3
1283, 0.0
1284, -0.8
1285, -0.5
1286, -0.2
1287, -0.5
1288, 0.2
1289, 0.1
1290, 0.1
1291, 0.1
1292, -0.2
1293, -0.3
1294, -0.2
1295, 0.0
1296, -0.1
1297, -0.4
1298, 0.1
1299, 0.1
1300, -0.2
1301, 0.2
1302, 0.2
1303, 0.0
1304, -0.2
1305, 0.1
1306, 0.0
1307, -0.1
1308, 0.1
1309, -0.2
1310, -0.2
1311, 0.0
1312, 0.3
1313, -0.2
1314, 0.3
1315, -0.1
1316, 0.0
1317, 0.2
1318, 0.2
1319, -0.1
1320, -0.1
1321, 0.3
1322, 0.0
1323, 0.1
1324, 0.1
1325, -0.5
1326, -0.4
1327, -0.1
1328, 0.0
1329, 0.1
1330, 0.0
1331, -0.1
1332, 0.2
1333, -0.2
1334, 0.2
1335, 0.1
1336, 0.0
1337, 0.0
1338, 0.3
1339, 0.1
1340, -0.3
1341, -0.2
1342, -0.3
1343, -0.1
1344, 0.2
1345, 0.3
1346, 0.0
1347, 0.4
1348, -0.1
1349, -0.1
1350, -0.1
1351, 0.2
1352, -0.4
1353, -0.2
1354, -0.5
1355, 0.3
1356, 0.2
1357, -0.2
1358, 0.2
1359, -0.1
1360, 0.3
1361, 0.1
1362, 0.2
1363, -0.2
1364, 0.2
1365, 0.0
1366, -0.3
1367, -0.1
1368, 0.0
1369, 0.4
1370, -0.1
1371, 0.3
1372, -0.4
1373, -0.3
1374, 0.2
1375, -0.3
1376, -0.2
1377, -0.3
1378, -0.2
1379, -0.1
1380, 0.0
1381, -0.4
1382, 0.1
1383, -0.1
1384, 0.2
1385, 0.3
1386, 0.0
1387, 0.2
1388, 0.0
1389, -0.4
1390, -0.2
1391, 0.1
1392, 0.3
1393, -0.2
1394, 0.1
1395, -0.3
1396, 0.1
1397, -0.1
1398, 0.0
1399, -0.4
1400, 0.1
1401, 0.0
1402, 0.4
1403, 0.0
1404, 0.0
1405, 0.3
1406, -0.1
1407, -0.1
1408, 0.1
1409, 0.0
1410, 0.1
1411, 0.0
1412, -0.2
1413, -0.2
1414, -0.1
1415, 0.0
1416, -0.1
1417, 0.2
1418, 0.2
1419, -0.1
1420, -0.2
1421, -0.1
1422, -0.1
1423, 0.5
1424, 0.0
1425, 0.0
1426, -0.3
1427, -0.1
1428, 0.1
1429, 0.0
1430, 0.4
1431, 0.1
1432, 0.0
1433, 0.2
1434, -0.1
1435, 0.3
1436, 0.0
1437, -0.2
1438, 0.5
1439, 0.0
1440, -0.3
1441, 0.2
1442, 0.4
1443, 0.3
1444, -0.2
1445, -0.4
1446, 0.3
1447, 0.3
1448, 0.0
1449, 0.3
1450, 0.2
1451, 0.4
1452, 0.4
1453, -0.2
1454, -0.3
1455, 0.1
1456, 0.2
1457, 0.4
1458, 0.2
1459, -0.3
1460, 0.3
1461, 0.3
1462, 0.0
1463, 0.1
1464, 0.1
1465, -0.5
1466, 0.0
1467, 0.3
1468, -0.2
1469, 0.1
1470, 0.2
1471, 0.3
1472, 0.0
1473, -0.5
1474, 0.0
1475, -0.1
1476, 0.1
1477, -0.5
1478, 0.1
1479, 0.2
1480, -0.3
1481, 0.0
1482, -0.1
1483, 0.0
1484, 0.2
1485, 0.2
1486, -0.1
1487, 0.0
1488, -0.2
1489, 0.1
1490, 0.0
1491, 0.1
1492, -0.4
1493, -0.1
1494, -0.3
1495, 0.3
1496, -0.2
1497, 0.1
1498, -0.3
1499, 0.2
1500, -0.4
1501, -0.1
1502, -0.1
1503, 0.2
1504, 0.2
1505, -0.3
1506, -0.5
1507, -0.1
1508, -0.1
1509, 0.2
1510, 0.1
1511, -0.1
1512, 0.1
1513, 0.0
1514, -0.1
1515, -0.4
1516, -0.4
1517, 0.0
1518, 0.1
1519, 0.4
1520, -0.1
1521, 0.0
1522, -0.1
1523, 0.1
1524, -0.1
1525, 0.1
1526, 0.0
1527, 0.0
1528, -0.1
1529, 0.0
1530, 0.1
1531, 0.0
1532, 0.1
1533, 0.1
1534, 0.1
1535, 0.2
1536, -0.1
1537, 0.4
1538, -0.1
1539, -0.2
1540, -0.3
1541, -0.2
1542, 0.3
1543, 0.0
1544, 0.3
1545, 0.0
1546, 0.2
1547, -0.3
1548, 0.0
1549, -0.1
1550, 0.0
1551, 0.0
1552, -0.4
1553, -0.2
1554, -0.2
1555, 0.2
1556, 0.1
1557, 0.1
1558, -0.1
1559, -0.1
1560, 0.2
1561, 0.5
1562, -0.1
1563, -0.5
1564, -0.1
1565, -0.3
1566, -0.1
1567, 0.1
1568, 0.2
1569, 0.2
1570, 0.2
1571, 0.1
1572, 0.5
1573, -0.5
1574, 0.2
1575, 0.2
1576, -0.4
1577, -0.2
1578, 0.3
1579, 0.1
1580, 0.0
1581, -0.1
1582, 0.0
1583, 0.1
1584, -0.2
1585, 0.2
1586, 0.3
1587, -0.2
1588, 0.1
1589, 0.2
1590, 0.1
1591, 0.2
1592, 0.0
1593, 0.0
1594, -0.1
1595, 0.1
1596, 0.0
1597, 0.2
1598, -0.3
1599, -0.1
1600, 0.1
1601, 0.0
1602, 0.3
1603, -0.1
1604, 0.1
1605, 0.1
1606, 0.1
1607, 0.2
1608, -0.2
1609, 0.2
1610, 0.1
1611, 0.1
1612, 0.2
1613, 0.0
1614, -0.1
1615, -0.2
1616, 0.4
1617, -0.1
1618, 0.1
1619, -0.6
1620, 0.3
1621, -0.3
1622, -0.2
1623, -0.1
1624, 0.3
1625, -0.1
1626, 0.2
1627, -0.2
1628, 0.2
1629, -0.1
1630, -0.3
1631, 0.5
1632, 0.3
1633, -0.2
1634, 0.0
1635, -0.2
1636, -0.1
1637, 0.0
1638, 0.1
1639, -0.3
1640, -0.3
1641, 0.0
1642, 0.2
1643, 0.2
1644, -0.2
1645, 0.1
1646, 0.1
1647, 0.1
1648, 0.0
1649, 0.2
1650, 0.4
1651, 0.2
1652, 0.0
1653, 0.1
1654, 0.4
1655, -0.1
1656, 0.3
1657, 0.0
1658, -0.3
1659, 0.1
1660, 0.5
1661, 0.2
1662, -0.2
1663, 0.0
1664, 0.1
1665, 0.3
1666, 0.0
1667, 0.0
1668, -0.1
1669, 0.0
1670, -0.1
1671, -0.3
1672, -0.2
1673, 0.5
1674, 0.3
1675, 0.1
1676, -0.3
1677, 0.5
1678, 0.2
1679, -0.2
1680, 0.1
1681, 0.1
1682, 0.0
1683, -0.2
1684, 0.1
1685, 0.0
1686, 0.0
1687, 0.3
1688, -0.1
1689, 0.3
1690, 0.0
1691, 0.0
1692, 0.0
1693, 0.1
1694, 0.0
1695, 0.3
1696, -0.1
1697, 0.4
1698, 0.1
1699, 0.1
1700, 0.1
1701, 0.0
1702, 0.1
1703, 0.0
1704, 0.0
1705, 0.3
1706, -0.3
1707, 0.0
1708, 0.3
1709, -0.2
1710, 0.0
1711, 0.2
1712, 0.3
1713, -0.2
1714, 0.2
1715, -0.3
1716, -0.2
1717, -0.2
1718, 0.1
1719, 0.4
1720, 0.3
1721, 0.2
1722, -0.3
1723, 0.3
1724, 0.0
1725, 0.0
1726, 0.4
1727, 0.3
1728, -0.3
1729, -0.2
1730, 0.5
1731, 0.0
1732, 0.2
1733, 0.3
1734, 0.3
1735, -0.2
1736, 0.0
1737, 0.0
1738, -0.2
1739, -0.6
1740, 0.1
1741, -0.3
1742, -0.2
1743, -0.2
1744, 0.1
1745, -0.2
1746, 0.1
1747, -0.2
1748, 0.0
1749, 0.1
1750, -0.2
1751, -0.2
1752, 0.3
1753, 0.0
1754, 0.2
1755, 0.1
1756, 0.0
1757, 0.2
1758, 0.2
1759, 0.0
1760, -0.2
1761, 0.1
1762, 0.0
1763, -0.1
1764, 0.2
1765, -0.1
1766, 0.1
1767, 0.0
1768, 0.5
1769, 0.2
1770, 0.1
1771, 0.2
1772, 0.2
1773, 0.3
1774, 0.0
1775, -0.3
1776, 0.1
1777, 0.1
1778, 0.3
1779, 0.1
1780, 0.2
1781, 0.4
1782, 0.3
1783, 0.3
1784, -0.2
1785, 0.3
1786, 0.2
1787, 0.0
1788, 0.1
1789, 0.1
1790, -0.2
1791, 0.5
1792, 0.0
1793, -0.4
1794, 0.2
1795, 0.2
1796, 0.2
1797, -0.2
1798, 0.2
1799, -0.2
1800, 0.2
1801, -0.4
1802, 0.3
1803, -0.2
1804, 0.3
1805, -0.1
1806, 0.2
1807, 0.2
1808, -0.1
1809, -0.1
1810, -0.2
1811, 0.3
1812, -0.3
1813, 0.3
1814, -0.2
1815, -0.4
1816, 0.2
1817, -0.1
1818, 0.4
1819, -0.3
1820, -0.1
1821, -0.3
1822, -0.2
1823, 0.1
1824, -0.3
1825, -0.1
1826, 0.2
1827, 0.2
1828, -0.1
1829, -0.1
1830, 0.0
1831, 0.0
1832, 0.0
1833, -0.1
1834, 0.0
1835, 0.2
1836, -0.4
1837, 0.1
1838, 0.1
1839, 0.3
1840, 0.2
1841, 0.2
1842, -0.1
1843, 0.2
1844, -0.2
1845, 0.0
1846, 0.2
1847, -0.2
1848, -0.2
1849, 0.0
1850, 0.0
1851, 0.2
1852, 0.3
1853, 0.2
1854, 0.2
1855, -0.3
1856, -0.1
1857, 0.0
1858, 0.3
1859, 0.2
1860, 0.4
1861, -0.2
1862, -0.2
1863, 0.2
1864, 0.3
1865, -0.1
1866, -0.1
1867, -0.5
1868, -0.2
1869, 0.0
1870, -0.1
1871, -0.2
1872, -0.1
1873, -0.1
1874, -0.3
1875, 0.0
1876, -0.1
1877, 0.1
1878, -0.1
1879, -0.1
1880, 0.0
1881, -0.2
1882, 0.5
1883, 0.2
1884, 0.2
1885, 0.1
1886, 0.2
1887, 0.0
1888, -0.5
1889, 0.1
1890, 0.1
1891, -0.1
1892, -0.3
1893, 0.1
1894, 0.1
1895, 0.0
1896, -0.3
1897, 0.2
1898, -0.1
1899, -0.1
1900, 0.3
1901, 0.0
1902, 0.0
1903, 0.0
1904, 0.3
1905, -0.1
1906, -0.5
1907, -0.2
1908, 0.1
1909, 0.0
1910, -0.1
1911, 0.3
1912, 0.1
1913, -0.2
1914, 0.1
1915, 0.3
1916, 0.1
1917, 0.1
1918, 0.4
1919, 0.3
1920, -0.1
1921, 0.0
1922, 0.1
1923, 0.2
1924, 0.2
1925, -0.5
1926, -0.1
1927, -0.2
1928, 0.2
1929, 0.5
1930, -0.1
1931, 0.2
1932, -0.3
1933, 0.3
1934, -0.2
1935, 0.0
1936, 0.0
1937, -0.1
1938, -0.1
1939, 0.2
1940, 0.1
1941, -0.2
1942, 0.2
1943, -0.3
1944, 0.0
1945, -0.4
1946, 0.4
1947, 0.2
1948, -0.3
1949, -0.3
1950, -0.3
1951, -0.1
1952, -0.3
1953, -0.1
1954, 0.2
1955, -0.1
1956, 0.2
1957, 0.3
1958, -0.1
1959, -0.2
1960, -0.3
1961, -0.2
1962, -0.2
1963, -0.2
1964, 0.0
1965, -0.2
1966, 0.0
1967, -0.3
1968, 0.0
1969, -0.1
1970, 0.3
1971, 0.1
1972, -0.2
1973, 0.2
1974, 0.2
1975, 0.1
1976, -0.3
1977, 0.1
1978, -0.1
1979, 0.1
1980, -0.4
1981, 0.1
1982, -0.1
1983, 0.2
1984, 0.2
1985, -0.1
1986, 0.4
1987, 0.2
1988, 0.2
1989, 0.0
1990, 0.0
1991, -0.3
1992, 0.1
1993, 0.0
1994, 0.3
1995, -0.5
1996, -0.2
1997, 0.1
1998, 0.0
1999, -0.1
2000, -0.1
2001, 0.1
2002, 0.0
2003, 0.0
2004, 0.0
2005, 0.1
2006, -0.2
2007, 0.4
2008, -0.1
2009, -0.2
2010, -0.1
2011, -0.4
2012, 0.0
2013, -0.6
2014, 0.1
2015, 0.0
2016, 0.3
2017, 0.1
2018, -0.1
2019, -0.3
2020, 0.1
2021, 0.1
2022, 0.0
2023, 0.0
2024, 0.0
2025, 0.3
2026, 0.0
2027, -0.3
2028, -0.2
2029, 0.3
2030, -0.2
2031, -0.5
2032, 0.0
2033, 0.0
2034, 0.3
2035, -0.1
2036, 0.1
2037, -0.3
2038, 0.2
2039, 0.1
2040, 0.1
2041, 0.3
2042, -0.1
2043, -0.4
2044, 0.1
2045, 0.0
2046, 0.3
2047, -0.2
2048, 0.2
2049, -0.3
2050, -0.1
2051, 0.3
2052, -0.4
2053, -0.1
2054, 0.0
2055, 0.3
2056, -0.2
2057, 0.3
2058, 0.0
2059, -0.2
2060, 0.1
2061, 0.3
2062, 0.3
2063, 0.0
2064, -0.3
2065, -0.1
2066, 0.1
2067, -0.2
2068, -0.2
2069, -0.2
2070, -0.2
2071, 0.5
2072, -0.1
2073, 0.0
2074, 0.3
2075, 0.1
2076, 0.0
2077, 0.0
2078, -0.2
2079, -0.4
2080, -0.3
2081, -0.1
2082, 0.2
2083, 0.4
2084, 0.0
2085, 0.1
2086, -0.1
2087, -0.3
2088, -0.3
2089, -0.1
2090, 0.1
2091, 0.0
2092, -0.1
2093, 0.1
2094, -0.2
2095, 0.1
2096, 0.2
2097, 0.2
2098, -0.2
2099, 0.1
2100, -0.3
2101, 0.0
2102, 0.1
2103, 0.0
2104, 0.1
2105, 0.0
2106, 0.4
2107, -0.1
2108, 0.1
2109, -0.3
2110, 0.0
2111, -0.5
2112, 0.2
2113, 0.1
2114, 0.2
2115, 0.2
2116, 0.2
2117, -0.4
2118, -0.1
2119, 0.0
2120, -0.5
2121, 0.1
2122, 0.2
2123, 0.0
2124, 0.1
2125, -0.3
2126, 0.4
2127, 0.0
2128, 0.5
2129, -0.1
2130, 0.1
2131, -0.1
2132, 0.4
2133, 0.2
2134, 0.0
2135, -0.3
2136, 0.4
2137, -0.2
2138, 0.2
2139, -0.7
2140, 0.3
2141, 0.0
2142, -0.5
2143, 0.2
2144, -0.2
2145, 0.3
2146, -0.1
2147, -0.2
2148, -0.2
2149, 0.0
2150, -0.1
2151, -0.1
2152, 0.3
2153, 0.2
2154, 0.2
2155, -0.1
2156, 0.4
2157, -0.2
2158, 0.3
2159, -0.3
2160, -0.5
2161, 0.2
2162, -0.1
2163, -0.2
2164, -0.1
2165, 0.0
2166, 0.3
2167, -0.1
2168, 0.1
2169, 0.3
2170, -0.2
2171, -0.2
2172, 0.3
2173, -0.3
2174, 0.0
2175, 0.2
2176, 0.3
2177, 0.0
2178, -0.4
2179, 0.2
2180, 0.1
2181, 0.0
2182, -0.1
2183, -0.1
2184, 0.1
2185, -0.1
2186, 0.1
2187, 0.5
2188, 0.3
2189, 0.1
2190, -0.5
2191, -0.1
2192, -0.1
2193, 0.0
2194, -0.1
2195, 0.4
2196, -0.3
2197, 0.1
2198, -0.1
2199, -0.1
2200, 0.0
2201, -0.2
2202, -0.2
2203, 0.2
2204, 0.0
2205, -0.2
2206, 0.4
2207, -0.3
2208, 0.0
2209, 0.0
2210, -0.3
2211, -0.2
2212, 0.1
2213, 0.3
2214, 0.3
2215, 0.3
2216, -0.3
2217, 0.2
2218, 0.0
2219, -0.1
2220, -0.3
2221, 0.0
2222, -0.2
2223, 0.0
2224, -0.2
2225, 0.3
2226, 0.0
2227, 0.3
2228, 0.1
2229, 0.0
2230, 0.4
2231, -0.1
2232, -0.2
2233, 0.1
2234, 0.2
2235, 0.0
2236, -0.2
2237, 0.2
2238, -0.2
2239, 0.0
2240, 0.1
2241, 0.2
2242, 0.0
2243, 0.0
2244, 0.0
2245, -0.1
2246, 0.0
2247, 0.4
2248, -0.1
2249, 0.3
2250, -0.2
2251, 0.4
2252, -0.2
2253, -0.5
2254, 0.3
2255, 0.1
2256, 0.1
2257, -0.1
2258, -0.1
2259, 0.1
2260, 0.0
2261, -0.1
2262, 0.3
2263, -0.2
2264, -0.1
2265, 0.4
2266, 0.1
2267, -0.2
2268, 0.1
2269, 0.1
2270, 0.0
2271, 0.0
2272, 0.0
2273, 0.0
2274, -0.2
2275, -0.2
2276, 0.4
2277, 0.3
2278, 0.1
2279, -0.5
2280, 0.2
2281, -0.1
2282, 0.1
2283, 0.1
2284, -0.1
2285, -0.2
2286, -0.1
2287, -0.4
2288, -0.5
2289, -0.2
2290, -0.2
2291, 0.0
2292, -0.2
2293, 0.2
2294, 0.0
2295, 0.1
2296, 0.3
2297, -0.1
2298, 0.1
2299, -0.5
2300, 0.0
2301, 0.1
2302, 0.3
2303, 0.0
2304, 0.0
2305, 0.0
2306, -0.2
2307, 0.1
2308, 0.2
2309, -0.3
2310, 0.1
2311, -0.2
2312, 0.1
2313, -0.1
2314, -0.1
2315, 0.1
2316, 0.1
2317, 0.3
2318, 0.2
2319, 0.2
2320, 0.0
2321, -0.1
2322, 0.0
2323, -0.1
2324, -0.2
2325, 0.2
2326, -0.2
2327, -0.2
2328, -0.2
2329, -0.3
2330, 0.2
2331, 0.1
2332, 0.1
2333, 0.5
2334, 0.0
2335, 0.1
2336, 0.3
2337, -0.1
2338, -0.4
2339, 0.1
2340, 0.3
2341, -0.3
2342, -0.3
2343, -0.5
2344, -0.2
2345, -0.3
2346, 0.0
2347, -0.2
2348, 0.2
2349, 0.3
2350, 0.1
2351, 0.1
2352, 0.3
2353, 0.0
2354, -0.2
2355, 0.2
2356, -0.3
2357, 0.2
2358, 0.3
2359, 0.1
2360, 0.4
2361, 0.3
2362, 0.4
2363, -0.1
2364, 0.1
2365, 0.4
2366, 0.0
2367, -0.1
2368, -0.2
2369, -0.4
2370, 0.1
2371, 0.0
2372, 0.3
2373, 0.2
2374, -0.1
2375, -0.4
2376, 0.0
2377, -0.3
2378, -0.1
2379, -0.5
2380, 0.3
2381, 0.1
2382, 0.2
2383, -0.1
2384, 0.0
2385, 0.1
2386, 0.0
2387, -0.3
2388, 0.2
2389, -0.1
2390, 0.1
2391, 0.0
2392, 0.1
2393, 0.2
2394, -0.2
2395, -0.2
2396, 0.0
2397, 0.1
2398, 0.0
2399, 0.1
2400, 0.0
2401, -0.1
2402, -0.1
2403, 0.2
2404, 0.1
2405, 0.4
2406, 0.0
2407, -0.3
2408, -0.2
2409, -0.2
2410, -0.1
2411, -0.1
2412, 0.0
2413, -0.1
2414, -0.1
2415, -0.1
2416, 0.0
2417, -0.1
2418, -0.3
2419, 0.2
2420, -0.1
2421, 0.3
2422, 0.1
2423, 0.2
2424, -0.2
2425, 0.0
2426, -0.3
2427, 0.0
2428, -0.1
2429, -0.1
2430, 0.1
2431, 0.4
2432, -0.1
2433, 0.2
2434, -0.1
2435, -0.6
2436, 0.4
2437, 0.0
2438, -0.1
2439, 0.1
2440, -0.3
2441, 0.1
2442, 0.0
2443, 0.0
2444, -0.1
2445, 0.0
2446, 0.2
2447, 0.2
2448, 0.1
2449, 0.0
2450, 0.1
2451, -0.1
2452, 0.3
2453, -0.1
2454, 0.1
2455, -0.3
2456, -0.1
2457, -0.2
2458, 0.2
2459, -0.4
2460, 0.2
2461, 0.3
2462, 0.2
2463, -0.1
2464, 0.0
2465, 0.0
2466, 0.1
2467, 0.1
2468, 0.3
2469, 0.4
2470, -0.5
2471, -0.1
2472, -0.2
2473, -0.2
2474, 0.3
2475, -0.1
2476, 0.2
2477, 0.0
2478, -0.2
2479, 0.1
2480, 0.4
2481, -0.5
2482, -0.3
2483, 0.1
2484, 0.0
2485, -0.4
2486, 0.2
2487, 0.0
2488, 0.1
2489, -0.5
2490, 0.2
2491, 0.2
2492, 0.1
2493, -0.1
2494, -0.3
2495, 0.3
2496, 0.2
2497, 0.0
2498, 0.0
2499, 0.2
2500, 0.0
2501, 0.0
2502, 0.0
2503, -0.4
2504, -0.6
2505, 0.1
2506, -0.3
2507, -0.7
2508, -0.4
2509, 0.4
2510, 0.2
2511, -0.2
2512, 0.0
2513, -0.1
2514, 0.1
2515, 0.2
2516, -0.1
2517, 0.0
2518, -0.1
2519, 0.0
2520, 0.1
2521, 0.0
2522, 0.2
2523, -0.2
2524, -0.1
2525, -0.3
2526, 0.0
2527, 0.1
2528, 0.0
2529, 0.1
2530, -0.1
2531, -0.1
2532, -0.2
2533, -0.2
2534, 0.1
2535, 0.2
2536, 0.0
2537, 0.1
2538, 0.1
2539, 0.0
2540, -0.3
2541, 0.1
2542, -0.3
2543, -0.4
2544, 0.0
2545, 0.0
2546, -0.1
2547, 0.1
2548, 0.1
2549, 0.0
2550, 0.0
2551, 0.0
2552, -0.1
2553, 0.0
2554, -0.2
2555, 0.0
2556, 0.1
2557, -0.2
2558, -0.1
2559, 0.1
2560, 0.3
2561, 0.1
2562, -0.1
2563, -0.2
2564, 0.1
2565, 0.0
2566, -0.1
2567, -0.3
2568, -0.1
2569, -0.1
2570, -0.3
2571, -0.3
2572, 0.0
2573, -0.1
2574, -0.4
2575, 0.1
2576, -0.1
2577, 0.0
2578, -0.2
2579, 0.4
2580, 0.2
2581, -0.2
2582, 0.0
2583, -0.1
2584, -0.1
2585, 0.1
2586, 0.2
2587, -0.1
2588, -0.3
2589, 0.3
2590, 0.0
2591, 0.1
2592, -0.2
2593, -0.2
2594, 0.4
2595, 0.2
2596, 0.1
2597, 0.0
2598, 0.2
2599, -0.1
2600, 0.2
2601, 0.3
2602, 0.3
2603, 0.0
2604, 0.2
2605, 0.2
2606, 0.1
2607, 0.2
2608, 0.0
2609, -0.3
2610, 0.2
2611, 0.1
2612, -0.1
2613, 0.0
2614, 0.4
2615, 0.2
2616, 0.2
2617, 0.0
2618, -0.2
2619, -0.4
2620, -0.1
2621, 0.0
2622, 0.2
2623, -0.2
2624, -0.1
2625, 0.0
2626, -0.1
2627, 0.1
2628, -0.1
2629, 0.0
2630, -0.2
2631, -0.3
2632, -0.2
2633, 0.2
2634, -0.1
2635, -0.1
2636, 0.1
2637, 0.0
2638, -0.2
2639, -0.1
2640, 0.0
2641, 0.0
2642, 0.2
2643, 0.3
2644, -0.2
2645, -0.1
2646, 0.0
2647, 0.1
2648, 0.2
2649, -0.2
2650, -0.5
2651, 0.1
2652, -0.2
2653, 0.1
2654, 0.1
2655, -0.1
2656, 0.1
2657, 0.2
2658, 0.1
2659, -0.2
2660, 0.2
2661, 0.0
2662, 0.1
2663, 0.1
2664, 0.0
2665, -0.1
2666, -0.1
2667, 0.0
2668, 0.2
2669, 0.3
2670, 0.0
2671, -0.1
2672, -0.1
2673, 0.1
2674, -0.1
2675, -0.1
2676, 0.0
2677, 0.0
2678, 0.2
2679, -0.1
2680, 0.2
2681, 0.1
2682, 0.1
2683, 0.2
2684, 0.0
2685, -0.2
2686, -0.2
2687, -0.3
2688, 0.3
2689, -0.3
2690, -0.5
2691, -0.1
2692, 0.2
2693, 0.4
2694, 0.1
2695, 0.0
2696, -0.2
2697, -0.2
2698, 0.0
2699, 0.1
2700, -0.2
2701, 0.1
2702, 0.3
2703, 0.1
2704, 0.0
2705, -0.2
2706, -0.1
2707, 0.0
2708, -0.3
2709, -0.3
2710, 0.3
2711, 0.1
2712, -0.5
2713, 0.1
2714, 0.5
2715, 0.4
2716, -0.1
2717, 0.1
2718, 0.1
2719, 0.3
2720, -0.2
2721, 0.3
2722, -0.1
2723, -0.2
2724, 0.4
2725, 0.1
2726, 0.0
2727, 0.0
2728, -0.2
2729, -0.1
2730, 0.1
2731, 0.2
2732, 0.1
2733, -0.1
2734, 0.1
2735, 0.4
2736, 0.1
2737, 0.3
2738, -0.3
2739, 0.1
2740, -0.4
2741, -0.5
2742, 0.2
2743, -0.4
2744, -0.2
2745, 0.3
2746, -0.6
2747, 0.1
2748, -0.2
2749, -0.1
2750, 0.1
2751, 0.3
2752, -0.1
2753, 0.1
2754, 0.3
2755, -0.2
2756, -0.1
2757, 0.1
2758, 0.0
2759, 0.2
2760, 0.4
2761, -0.2
2762, 0.2
2763, 0.0
2764, 0.4
2765, -0.1
2766, -0.4
2767, 0.2
2768, 0.1
2769, 0.1
2770, 0.3
2771, 0.0
2772, -0.2
2773, 0.2
2774, 0.0
2775, 0.1
2776, -0.2
2777, 0.3
2778, 0.0
2779, 0.1
2780, 0.3
2781, -0.2
2782, 0.4
2783, 0.1
2784, 0.0
2785, 0.0
2786, 0.0
2787, -0.1
2788, -0.2
2789, -0.1
2790, -0.1
2791, 0.1
2792, 0.4
2793, 0.3
2794, -0.3
2795, 0.2
2796, 0.1
2797, -0.4
2798, 0.1
2799, 0.0
2800, 0.3
2801, -0.2
2802, 0.1
2803, 0.1
2804, 0.0
2805, -0.3
2806, -0.2
2807, -0.4
2808, 0.1
2809, 0.0
2810, 0.3
2811, 0.2
2812, 0.0
2813, 0.3
2814, 0.3
2815, -0.2
2816, 0.4
2817, -0.1
2818, -0.1
2819, -0.4
2820, 0.1
2821, 0.0
2822, 0.4
2823, -0.1
2824, -0.2
2825, 0.0
2826, -0.5
2827, 0.0
2828, 0.2
2829, -0.3
2830, 0.0
2831, 0.2
2832, -0.2
2833, 0.0
2834, -0.4
2835, 0.0
2836, 0.2
2837, 0.0
2838, 0.3
2839, -0.5
2840, -0.2
2841, 0.2
2842, -0.2
2843, -0.2
2844, -0.1
2845, -0.1
2846, -0.2
2847, 0.1
2848, 0.0
2849, -0.1
2850, -0.1
2851, 0.1
2852, -0.1
2853, -0.2
2854, -0.4
2855, 0.0
2856, -0.1
2857, 0.3
2858, 0.3
2859, -0.4
2860, 0.4
2861, 0.0
2862, 0.0
2863, -0.4
2864, 0.2
2865, 0.2
2866, 0.2
2867, 0.0
2868, 0.0
2869, 0.1
2870, 0.2
2871, 0.3
2872, 0.0
2873, 0.2
2874, -0.3
2875, 0.1
2876, 0.3
2877, 0.2
2878, 0.0
2879, 0.2
2880, -0.2
2881, -0.3
2882, 0.0
2883, -0.3
2884, -0.1
2885, -0.3
2886, 0.0
2887, 0.2
2888, -0.1
2889, -0.1
2890, -0.1
2891, 0.1
2892, 0.0
2893, 0.2
2894, 0.3
2895, 0.2
2896, 0.2
2897, -0.1
2898, 0.2
2899, -0.1
2900, -0.3
2901, -0.1
2902, 0.2
2903, 0.2
2904, 0.2
2905, 0.1
2906, 0.1
2907, 0.2
2908, -0.3
2909, -0.3
2910, 0.4
2911, -0.6
2912, 0.1
2913, 0.3
2914, 0.0
2915, -0.2
2916, 0.0
2917, -0.3
2918, -0.2
2919, 0.0
2920, 0.0
2921, 0.3
2922, 0.0
2923, 0.3
2924, 0.0
2925, 0.1
2926, -0.1
2927, 0.0
2928, -0.2
2929, 0.1
2930, -0.4
2931, -0.2
2932, 0.3
2933, 0.0
2934, -0.1
2935, -0.1
2936, -0.3
2937, 0.0
2938, 0.2
2939, 0.0
2940, -0.1
2941, -0.4
2942, -0.2
2943, -0.4
2944, -0.2
2945, -0.2
2946, 0.1
2947, -0.1
2948, -0.1
2949, -0.2
2950, 0.1
2951, 0.0
2952, 0.2
2953, -0.1
2954, -0.1
2955, 0.3
2956, 0.1
2957, 0.1
2958, 0.1
2959, 0.1
2960, 0.1
2961, 0.4
2962, -0.2
2963, 0.2
2964, 0.2
2965, 0.0
2966, 0.0
2967, -0.1
2968, -0.2
2969, 0.2
2970, -0.1
2971, -0.1
2972, 0.0
2973, 0.1
2974, 0.0
2975, -0.2
2976, 0.0
2977, -0.1
2978, 0.2
2979, 0.1
2980, -0.1
2981, 0.1
2982, -0.2
2983, 0.2
2984, 0.4
2985, -0.1
2986, -0.1
2987, -0.2
2988, -0.2
2989, 0.4
2990, 0.2
2991, 0.2
2992, -0.4
2993, 0.0
2994, 0.3
2995, -0.2
2996, 0.1
2997, 0.0
2998, 0.0
2999, -0.1
3000, 0.4
3001, 0.1
3002, 0.1
3003, 0.0
3004, -0.1
3005, 0.0
3006, -0.2
3007, -0.2
3008, -0.2
3009, -0.2
3010, 0.1
3011, 0.1
3012, 0.1
3013, 0.2
3014, 0.3
3015, -0.2
3016, 0.2
3017, 0.3
3018, 0.1
3019, 0.0
3020, 0.0
3021, 0.1
3022, 0.0
3023, 0.0
3024, -0.1
3025, 0.3
3026, 0.2
3027, 0.1
3028, -0.1
3029, 0.0
3030, 0.0
3031, 0.2
3032, 0.1
3033, -0.2
3034, 0.1
3035, 0.1
3036, 0.0
3037, 0.1
3038, -0.3
3039, 0.0
3040, 0.2
3041, 0.0
3042, 0.0
3043, 0.1
3044, 0.5
3045, 0.2
3046, 0.0
3047, -0.1
3048, 0.1
3049, -0.1
3050, -0.3
3051, -0.1
3052, 0.1
3053, 0.3
3054, -0.1
3055, 0.1
3056, 0.1
3057, 0.0
3058, -0.1
3059, -0.3
3060, 0.2
3061, 0.1
3062, 0.1
3063, 0.3
3064, -0.4
3065, -0.1
3066, -0.1
3067, 0.1
3068, 0.1
3069, -0.5
3070, 0.0
3071, -0.3
3072, -0.3
3073, -0.4
3074, 0.0
3075, 0.1
3076, -0.3
3077, 0.1
3078, -0.1
3079, 0.0
3080, -0.2
3081, 0.2
3082, -0.1
3083, -0.3
3084, -0.1
3085, 0.2
3086, 0.1
3087, 0.2
3088, -0.1
3089, -0.1
3090, 0.1
3091, 0.3
3092, 0.0
3093, -0.1
3094, -0.1
3095, -0.3
3096, 0.2
3097, 0.0
3098, 0.2
3099, 0.0
3100, 0.0
3101, -0.3
3102, 0.1
3103, -0.1
3104, -0.3
3105, 0.1
3106, 0.1
3107, 0.1
3108, -0.1
3109, 0.4
3110, 0.2
3111, 0.0
3112, 0.3
3113, 0.0
3114, 0.1
3115, 0.2
3116, -0.4
3117, 0.1
3118, -0.1
3119, 0.4
3120, -0.4
3121, 0.0
3122, 0.1
3123, 0.0
3124, -0.1
3125, -0.1
3126, 0.4
3127, 0.3
3128, 0.0
3129, -0.3
3130, 0.0
3131, 0.3
3132, -0.1
3133, -0.2
3134, 0.1
3135, 0.0
3136, 0.0
3137, -0.2
3138, -0.4
3139, 0.3
3140, -0.2
3141, -0.3
3142, 0.1
3143, 0.1
3144, -0.2
3145, 0.2
3146, 0.2
3147, -0.2
3148, 0.1
3149, 0.5
3150, 0.0
3151, -0.3
3152, 0.2
3153, -0.1
3154, 0.1
3155, 0.0
3156, -0.2
3157, 0.1
3158, 0.0
3159, 0.2
3160, 0.3
3161, 0.0
3162, 0.1
3163, 0.0
3164, -0.1
3165, -0.1
3166, 0.3
3167, 0.0
3168, 0.1
3169, 0.2
3170, -0.1
3171, 0.1
3172, 0.2
3173, 0.4
3174, 0.2
3175, -0.1
3176, 0.1
3177, 0.1
3178, 0.2
3179, -0.4
3180, 0.0
3181, 0.3
3182, 0.3
3183, 0.1
3184, 0.1
3185, 0.3
3186, 0.1
3187, 0.1
3188, 0.4
3189, -0.1
3190, 0.2
3191, -0.1
3192, -0.2
3193, 0.3
3194, 0.2
3195, -0.1
3196, 0.0
3197, 0.2
3198, 0.2
3199, 0.0
3200, -0.5
3201, 0.0
3202, 0.3
3203, 0.3
3204, -0.1
3205, 0.1
3206, 0.1
3207, 0.0
3208, 0.2
3209, -0.1
3210, -0.4
3211, -0.1
3212, 0.0
3213, 0.3
3214, -0.4
3215, 0.1
3216, 0.1
3217, -0.1
3218, 0.0
3219, -0.2
3220, 0.0
3221, -0.2
3222, -0.1
3223, -0.1
3224, -0.2
3225, 0.0
3226, -0.1
3227, 0.2
3228, 0.1
3229, -0.4
3230, -0.2
3231, 0.1
3232, 0.2
3233, 0.1
3234, 0.3
3235, -0.3
3236, 0.1
3237, -0.1
3238, -0.2
3239, -0.5
3240, -0.2
3241, -0.2
3242, 0.1
3243, 0.2
3244, 0.1
3245, -0.1
3246, -0.1
3247, 0.1
3248, 0.1
3249, 0.2
3250, 0.2
3251, -0.2
3252, 0.2
3253, 0.2
3254, 0.4
3255, 0.0
3256, -0.4
3257, 0.2
3258, 0.3
3259, -0.2
3260, -0.3
3261, -0.5
3262, 0.1
3263, -0.4
3264, -0.3
3265, -0.2
3266, -0.6
3267, -0.3
3268, 0.2
3269, 0.2
3270, -0.2
3271, -0.1
3272, -0.1
3273, 0.1
3274, -0.2
3275, 0.1
3276, -0.3
3277, 0.2
3278, 0.1
3279, 0.1
3280, 0.0
3281, -0.5
3282, -0.5
3283, 0.4
3284, 0.1
3285, -0.1
3286, -0.2
3287, -0.1
3288, 0.5
3289, 0.2
3290, 0.0
3291, 0.3
3292, -0.1
3293, -0.3
3294, 0.0
3295, -0.2
3296, -0.5
3297, 0.4
3298, 0.0
3299, 0.0
3300, 0.4
3301, 0.3
3302, 0.2
3303, -0.1
3304, 0.2
3305, 0.0
3306, 0.3
3307, 0.2
3308, 0.1
3309, 0.3
3310, 0.1
3311, 0.1
3312, 0.2
3313, 0.0
3314, 0.0
3315, -0.2
3316, 0.0
3317, 0.0
3318, 0.0
3319, 0.0
3320, -0.1
3321, 0.1
3322, 0.4
3323, -0.4
3324, 0.4
3325, 0.1
3326, -0.3
3327, 0.0
3328, 0.3
3329, 0.0
3330, -0.4
3331, -0.2
3332, 0.4
3333, 0.0
3334, -0.3
3335, -0.1
3336, 0.1
3337, 0.3
3338, 0.0
3339, 0.1
3340, -0.2
3341, 0.0
3342, -0.7
3343, 0.3
3344, -0.2
3345, -0.1
3346, 0.2
3347, -0.4
3348, 0.1
3349, 0.3
3350, 0.1
3351, 0.4
3352, 0.2
3353, 0.2
3354, 0.0
3355, -0.4
3356, -0.1
3357, -0.1
3358, 0.3
3359, -0.1
3360, -0.1
3361, 0.3
3362, 0.1
3363, -0.4
3364, 0.2
3365, -0.2
3366, 0.1
3367, 0.1
3368, -0.2
3369, 0.4
3370, 0.2
3371, -0.1
3372, -0.2
3373, 0.4
3374, 0.0
3375, 0.3
3376, 0.1
3377, -0.1
3378, 0.2
3379, 0.1
3380, -0.1
3381, 0.0
3382, -0.1
3383, 0.2
3384, 0.1
3385, 0.1
3386, -0.6
3387, 0.2
3388, 0.3
3389, 0.0
3390, 0.0
3391, -0.2
3392, 0.1
3393, 0.0
3394, 0.2
3395, -0.4
3396, -0.3
3397, 0.2
3398, 0.1
3399, -0.1
3400, -0.1
3401, -0.2
3402, 0.0
3403, 0.1
3404, 0.2
3405, 0.0
3406, 0.3
3407, 0.3
3408, 0.1
3409, 0.3
3410, 0.2
3411, 0.2
3412, 0.0
3413, 0.1
3414, 0.0
3415, -0.2
3416, -0.2
3417, -0.1
3418, -0.1
3419, 0.3
3420, -0.1
3421, 0.0
3422, 0.1
3423, -0.1
3424, -0.2
3425, -0.3
3426, 0.3
3427, -0.1
3428, 0.1
3429, 0.1
3430, 0.1
3431, -0.1
3432, -0.4
3433, -0.1
3434, 0.3
3435, -0.1
3436, 0.2
3437, 0.0
3438, 0.2
3439, -0.2
3440, -0.4
3441, 0.0
3442, 0.4
3443, -0.3
3444, 0.0
3445, -0.1
3446, 0.0
3447, 0.2
3448, -0.4
3449, -0.1
3450, -0.2
3451, 0.5
3452, 0.2
3453, 0.3
3454, 0.2
3455, 0.3
3456, 0.0
3457, -0.4
3458, 0.1
3459, 0.2
3460, 0.0
3461, -0.4
3462, 0.3
3463, 0.3
3464, -0.3
3465, 0.2
3466, -0.3
3467, 0.1
3468, 0.1
3469, -0.5
3470, -0.1
3471, 0.3
3472, -0.1
3473, -0.1
3474, 0.2
3475, 0.1
3476, 0.0
3477, -0.1
3478, 0.2
3479, 0.1
3480, 0.1
3481, -0.1
3482, 0.1
3483, -0.2
3484, 0.0
3485, 0.3
3486, -0.3
3487, -0.4
3488, -0.2
3489, 0.2
3490, 0.1
3491, -0.1
3492, -0.3
3493, 0.1
3494, -0.2
3495, 0.0
3496, 0.3
3497, 0.1
3498, 0.0
3499, -0.2
3500, 0.0
3501, 0.0
3502, 0.1
3503, 0.1
3504, -0.3
3505, -0.2
3506, -0.3
3507, 0.3
3508, -0.1
3509, 0.1
3510, 0.3
3511, -0.4
3512, -0.3
3513, 0.2
3514, -0.1
3515, 0.2
3516, 0.0
3517, 0.3
3518, 0.1
3519, -0.1
3520, 0.3
3521, -0.7
3522, 0.1
3523, 0.3
3524, 0.1
3525, 0.2
3526, -0.2
3527, -0.1
3528, -0.2
3529, 0.2
3530, 0.0
3531, 0.1
3532, -0.4
3533, -0.1
3534, 0.3
3535, 0.3
3536, 0.0
3537, -0.1
3538, 0.1
3539, 0.1
3540, -0.2
3541, -0.3
3542, -0.1
3543, -0.1
3544, 0.1
3545, 0.2
3546, -0.3
3547, 0.1
3548, -0.4
3549, -0.1
3550, 0.1
3551, -0.2
3552, -0.3
3553, 0.1
3554, 0.0
3555, 0.0
3556, -0.1
3557, 0.1
3558, 0.0
3559, -0.1
3560, 0.1
3561, -0.4
3562, -0.2
3563, -0.2
3564, 0.1
3565, 0.4
3566, 0.0
3567, 0.1
3568, 0.2
3569, -0.1
3570, 0.0
3571, -0.2
3572, 0.0
3573, 0.3
3574, 0.0
3575, 0.2
3576, -0.5
3577, -0.1
3578, 0.4
3579, -0.1
3580, -0.3
3581, -0.2
3582, -0.5
3583, 0.2
3584, 0.2
3585, 0.2
3586, -0.2
3587, -0.3
3588, 0.2
3589, 0.3
3590, 0.3
3591, -0.2
3592, 0.0
3593, 0.1
3594, 0.0
3595, 0.4
3596, 0.0
3597, 0.5
3598, -0.2
3599, 0.0
3600, -0.3
3601, 0.1
3602, 0.1
3603, -0.5
3604, -0.2
3605, 0.2
3606, 0.2
3607, 0.1
3608, 0.1
3609, 0.2
3610, 0.2
3611, 0.0
3612, 0.1
3613, 0.0
3614, -0.2
3615, 0.2
3616, 0.1
3617, 0.0
3618, 0.2
3619, 0.0
3620, 0.1
3621, -0.1
3622, -0.1
3623, 0.0
3624, 0.3
3625, 0.4
3626, 0.0
3627, 0.0
3628, 0.0
3629, -0.2
3630, 0.1
3631, -0.1
3632, -0.1
3633, 0.1
3634, -0.2
3635, -0.1
3636, -0.2
3637, 0.1
3638, 0.2
3639, 0.0
3640, -0.3
3641, 0.1
3642, -0.3
3643, -0.1
3644, 0.1
3645, 0.1
3646, -0.2
3647, 0.1
3648, 0.3
3649, -0.2
3650, 0.3
3651, -0.1
3652, 0.0
3653, -0.2
3654, 0.4
3655, 0.1
3656, -0.1
3657, 0.1
3658, -0.2
3659, 0.1
3660, 0.3
3661, 0.1
3662, 0.4
3663, -0.1
3664, -0.3
3665, -0.2
3666, 0.3
3667, -0.2
3668, 0.3
3669, -0.3
3670, -0.4
3671, -0.1
3672, 0.1
3673, 0.0
3674, 0.2
3675, -0.2
3676, -0.2
3677, -0.2
3678, -0.1
3679, 0.0
3680, 0.2
3681, 0.1
3682, 0.1
3683, 0.0
3684, 0.1
3685, 0.1
3686, 0.0
3687, 0.2
3688, 0.2
3689, -0.1
3690, 0.2
3691, 0.1
3692, -0.5
3693, 0.0
3694, 0.1
3695, 0.1
3696, 0.0
3697, 0.3
3698, 0.4
3699, -0.2
3700, 0.4
3701, -0.1
3702, 0.1
3703, 0.1
3704, -0.4
3705, -0.2
3706, -0.1
3707, -0.2
3708, -0.1
3709, -0.5
3710, 0.2
3711, 0.1
3712, 0.3
3713, -0.2
3714, 0.2
3715, 0.1
3716, -0.1
3717, 0.0
3718, 0.1
3719, -0.2
3720, -0.2
3721, 0.0
3722, 0.1
3723, 0.3
3724, 0.1
3725, 0.0
3726, -0.1
3727, -0.3
3728, 0.4
3729, -0.7
3730, -0.1
3731, -0.1
3732, -0.4
3733, -0.2
3734, 0.1
3735, 0.4
3736, 0.0
3737, 0.2
3738, -0.6
3739, -0.5
3740, 0.3
3741, 0.1
3742, -0.3
3743, 0.3
3744, -0.2
3745, 0.3
3746, -0.3
3747, -0.3
3748, 0.2
3749, 0.1
3750, 0.1
3751, 0.0
3752, -0.3
3753, 0.2
3754, 0.0
3755, -0.1
3756, -0.1
3757, -0.4
3758, -0.2
3759, 0.0
3760, -0.1
3761, 0.1
3762, 0.3
3763, -0.3
3764, 0.1
3765, -0.3
3766, 0.1
3767, 0.2
3768, 0.2
3769, -0.2
3770, 0.0
3771, 0.1
3772, -0.3
3773, -0.5
3774, 0.3
3775, 0.1
3776, 0.1
3777, 0.1
3778, 0.0
3779, 0.2
3780, 0.2
3781, 0.1
3782, -0.5
3783, 0.5
3784, 0.3
3785, -0.5
3786, -0.1
3787, -0.1
3788, -0.1
3789, 0.0
3790, -0.6
3791, 0.4
3792, 0.1
3793, 0.3
3794, 0.0
3795, 0.0
3796, -0.3
3797, 0.2
3798, 0.3
3799, -0.1
3800, -0.1
3801, 0.1
3802, -0.6
3803, -0.1
3804, 0.0
3805, 0.2
3806, 0.1
3807, -0.1
3808, -0.1
3809, 0.2
3810, 0.1
3811, 0.4
3812, 0.1
3813, 0.2
3814, -0.2
3815, 0.1
3816, 0.1
3817, 0.1
3818, 0.2
3819, 0.2
3820, 0.1
3821, 0.1
3822, -0.7
3823, -0.1
3824, 0.0
3825, 0.2
3826, 0.1
3827, 0.4
3828, 0.1
3829, 0.1
3830, 0.3
3831, 0.4
3832, 0.2
3833, -0.6
3834, -0.1
3835, 0.0
3836, 0.5
3837, 0.1
3838, 0.3
3839, 0.3
3840, -0.2
3841, 0.0
3842, 0.2
3843, 0.1
3844, -0.1
3845, -0.3
3846, 0.2
3847, 0.2
3848, 0.0
3849, -0.3
3850, 0.2
3851, -0.2
3852, 0.1
3853, 0.2
3854, 0.1
3855, 0.4
3856, 0.1
3857, 0.1
3858, 0.0
3859, 0.0
3860, -0.1
3861, 0.0
3862, -0.2
3863, -0.1
3864, -0.3
3865, 0.1
3866, 0.1
3867, -0.1
3868, 0.1
3869, 0.3
3870, 0.0
3871, -0.1
3872, 0.1
3873, -0.2
3874, 0.0
3875, -0.1
3876, -0.1
3877, 0.2
3878, 0.0
3879, 0.4
3880, -0.2
3881, 0.3
3882, 0.1
3883, -0.6
3884, 0.1
3885, 0.4
3886, -0.2
3887, -0.1
3888, 0.0
3889, 0.0
3890, 0.3
3891, -0.2
3892, -0.1
3893, 0.0
3894, 0.1
3895, 0.3
3896, 0.2
3897, 0.1
3898, -0.2
3899, -0.1
3900, 0.0
3901, 0.2
3902, 0.1
3903, -0.2
3904, 0.2
3905, -0.1
3906, -0.3
3907, -0.2
3908, 0.3
3909, 0.1
3910, -0.1
3911, 0.1
3912, -0.1
3913, 0.2
3914, -0.3
3915, -0.4
3916, 0.2
3917, 0.2
3918, 0.0
3919, 0.0
3920, -0.3
3921, 0.0
3922, 0.1
3923, -0.1
3924, 0.0
3925, 0.3
3926, 0.2
3927, -0.1
3928, 0.1
3929, -0.3
3930, -0.3
3931, -0.2
3932, 0.3
3933, 0.1
3934, 0.0
3935, -0.2
3936, -0.2
3937, -0.1
3938, 0.3
3939, -0.2
3940, 0.0
3941, 0.1
3942, 0.2
3943, 0.0
3944, -0.1
3945, 0.3
3946, 0.1
3947, 0.0
3948, 0.1
3949, -0.2
3950, 0.1
3951, -0.1
3952, 0.2
3953, 0.2
3954, 0.0
3955, 0.0
3956, 0.2
3957, -0.1
3958, -0.1
3959, -0.4
3960, 0.1
3961, -0.2
3962, -0.2
3963, -0.2
3964, -0.2
3965, 0.0
3966, -0.3
3967, -0.1
3968, 0.0
3969, 0.3
3970, -0.1
3971, 0.4
3972, 0.0
3973, -0.1
3974, 0.1
3975, -0.1
3976, 0.3
3977, 0.1
3978, -0.4
3979, -0.2
3980, 0.0
3981, 0.0
3982, 0.1
3983, 0.0
3984, 0.3
3985, -0.1
3986, -0.2
3987, 0.0
3988, 0.1
3989, -0.3
3990, -0.3
3991, -0.2
3992, 0.1
3993, -0.4
3994, -0.4
3995, 0.0
3996, 0.2
3997, 0.2
3998, 0.2
3999, 0.3
