0, -0.2
1, 0.1
2, 0.0
3, 0.1
4, -0.4
5, 0.2
6, 0.1
7, -0.4
8, -0.1
9, -0.2
10, -0.3
11, -0.5
12, 0.6
13, -0.3
14, 0.4
15, 0.2
16, -0.1
17, -0.1
18, 0.0
19, -0.1
20, 0.6
21, -0.1
22, -0.4
23, 0.6
24, 0.1
25, -0.1
26, 0.4
27, 0.1
28, 0.2
29, -0.3
30, -0.3
31, -0.2
32, -0.4
33, 0.0
34, 0.0
35, 0.0
36, -0.1
37, 0.0
38, -0.3
39, -0.2
40, 0.4
41, 0.1
42, 0.1
43, -0.3
44, 0.0
45, 0.1
46, -0.1
47, 0.2
48, 0.0
49, 0.1
50, -0.1
51, 0.0
52, 0.0
53, -0.2
54, -0.1
55, -0.1
56, 0.3
57, -0.2
58, 0.3
59, 0.0
60, 0.4
61, -0.2
62, 0.0
63, -0.4
64, -0.1
65, 0.2
66, 0.3
67, -0.2
68, 0.3
69, 0.4
70, 0.2
71, 0.2
72, -0.1
73, -0.1
74, 0.3
75, 0.4
76, 0.0
77, 0.1
78, 0.2
79, -0.2
80, 0.4
81, 0.0
82, -0.1
83, 0.3
84, 0.2
85, 0.1
86, 0.0
87, -0.3
88, -0.5
89, 0.3
90, 0.1
91, 0.0
92, -0.2
93, -0.2
94, 0.1
95, -0.3
96, 0.0
97, 0.0
98, -0.1
99, 0.1
100, -0.2
101, -0.2
102, -0.6
103, -0.1
104, -0.4
105, -0.2
106, 0.1
107, -0.1
108, 0.0
109, 0.2
110, -0.3
111, 0.1
112, -0.1
113, -0.1
114, 0.1
115, -0.1
116, -0.3
117, 0.3
118, 0.0
119, 0.3
120, 0.4
121, 0.2
122, -0.3
123, 0.2
124, 0.1
125, 0.2
126, 0.1
127, 0.1
128, 0.1
129, -0.1
130, -0.3
131, 0.0
132, 0.1
133, 0.2
134, -0.2
135, -0.1
136, 0.1
137, -0.3
138, -0.3
139, 0.1
140, -0.6
141, 0.1
142, -0.2
143, 0.0
144, 0.3
145, -0.2
146, -0.3
147, 0.2
148, 0.1
149, -0.1
150, -0.1
151, 0.0
152, 0.2
153, 0.2
154, 0.3
155, 0.1
156, 0.1
157, -0.4
158, 0.1
159, 0.1
160, 0.2
161, 0.4
162, -0.1
163, -0.2
164, -0.6
165, 0.0
166, -0.4
167, -0.5
168, 0.0
169, -0.1
170, 0.1
171, 0.3
172, 0.2
173, 0.1
174, 0.1
175, -0.2
176, 0.2
177, -0.3
178, -0.1
179, 0.2
180, 0.1
181, 0.3
182, -0.4
183, -0.3
184, 0.3
185, 0.1
186, -0.3
187, 0.1
188, -0.1
189, 0.2
190, 0.2
191, 0.1
192, 0.3
193, -0.2
194, 0.0
195, -0.3
196, -0.1
197, 0.1
198, -0.1
199, -0.2
200, -0.1
201, -0.2
202, 0.0
203, 0.3
204, 0.3
205, 0.4
206, 0.2
207, 0.1
208, 0.3
209, 0.2
210, -0.1
211, 0.2
212, -0.2
213, 0.2
214, 0.0
215, 0.1
216, 0.2
217, -0.2
218, 0.0
219, -0.4
220, 0.3
221, -0.1
222, 0.4
223, 0.0
224, -0.1
225, -0.1
226, 0.3
227, -0.3
228, -0.5
229, 0.0
230, -0.1
231, 0.2
232, -0.2
233, 0.3
234, -0.2
235, 0.2
236, -0.1
237, 0.1
238, 0.3
239, 0.1
240, -0.1
241, 0.3
242, 0.0
243, -0.3
244, -0.3
245, -0.1
246, 0.3
247, -0.2
248, 0.4
249, -0.1
250, 0.1
251, -0.2
252, -0.2
253, 0.4
254, 0.1
255, 0.0
256, 0.2
257, 0.1
258, 0.3
259, -0.1
260, -0.2
261, 0.2
262, 0.1
263, -0.1
264, -0.1
265, -0.1
266, 0.2
267, 0.0
268, 0.2
269, 0.1
270, -0.2
271, 0.0
272, 0.0
273, -0.7
274, -0.2
275, 0.1
276, 0.0
277, -0.1
278, 0.3
279, -0.2
280, -0.4
281, -0.1
282, 0.1
283, 0.3
284, 0.1
285, -0.3
286, 0.3
287, -0.4
288, 0.3
289, -0.2
290, 0.1
291, 0.0
292, 0.0
293, 0.1
294, 0.4
295, 0.3
296, 0.1
297, 0.0
298, 0.4
299, 0.1
300, 0.0
301, 0.2
302, -0.4
303, 0.2
304, 0.0
305, 0.0
306, 0.0
307, -0.3
308, -0.5
309, 0.1
310, -0.1
311, -0.1
312, -0.1
313, 0.5
314, -0.1
315, 0.1
316, -0.2
317, -0.4
318, -0.2
319, 0.2
320, 0.0
321, 0.2
322, 0.1
323, -0.1
324, 0.2
325, -0.3
326, 0.3
327, 0.2
328, 0.2
329, -0.1
330, -0.1
331, -0.3
332, 0.1
333, -0.2
334, 0.2
335, 0.1
336, -0.1
337, 0.0
338, -0.2
339, 0.1
340, 0.0
341, 0.3
342, -0.2
343, -0.3
344, 0.2
345, 0.1
346, -0.1
347, 0.0
348, 0.2
349, -0.2
350, -0.1
351, 0.1
352, -0.2
353, 0.0
354, -0.1
355, 0.0
356, -0.2
357, -0.1
358, 0.0
359, -0.1
360, -0.1
361, -0.2
362, 0.1
363, 0.1
364, -0.1
365, 0.1
366, 0.1
367, -0.3
368, -0.3
369, 0.1
370, 0.1
371, -0.3
372, 0.1
373, -0.1
374, 0.0
375, -0.1
376, -0.1
377, 0.1
378, 0.4
379, -0.2
380, 0.0
381, 0.0
382, 0.1
383, -0.3
384, -0.2
385, 0.2
386, 0.2
387, 0.0
388, -0.1
389, 0.2
390, 0.2
391, 0.2
392, 0.1
393, -0.1
394, 0.0
395, 0.3
396, 0.1
397, -0.3
398, -0.1
399, -0.1
400, -0.3
401, -0.1
402, 0.1
403, 0.0
404, 0.1
405, -0.4
406, 0.4
407, -0.2
408, 0.0
409, -0.2
410, 0.2
411, -0.4
412, 0.3
413, -0.3
414, -0.2
415, 0.2
416, -0.1
417, 0.0
418, 0.0
419, -0.1
420, 0.0
421, -0.2
422, 0.2
423, 0.3
424, 0.2
425, 0.0
426, -0.2
427, 0.2
428, -0.1
429, -0.2
430, -0.1
431, 0.2
432, 0.1
433, 0.3
434, 0.2
435, 0.0
436, 0.0
437, 0.1
438, -0.3
439, -0.1
440, -0.2
441, -0.1
442, -0.1
443, 0.0
444, 0.1
445, -0.4
446, 0.0
447, 0.1
448, 0.3
449, 0.1
450, -0.2
451, 0.0
452, -0.2
453, -0.2
454, 0.3
455, -0.1
456, 0.1
457, 0.2
458, 0.0
459, -0.3
460, -0.3
461, 0.2
462, -0.2
463, -0.3
464, 0.3
465, -0.2
466, 0.0
467, -0.3
468, 0.3
469, 0.2
470, 0.2
471, 0.3
472, 0.1
473, -0.1
474, 0.4
475, -0.5
476, 0.1
477, -0.2
478, 0.0
479, 0.1
480, 0.2
481, 0.2
482, 0.2
483, -0.2
484, 0.0
485, 0.0
486, 0.1
487, -0.1
488, -0.4
489, -0.1
490, -0.1
491, 0.1
492, 0.3
493, 0.2
494, 0.2
495, 0.0
496, 0.0
497, 0.2
498, 0.1
499, -0.2
500, -0.3
501, 0.3
502, 0.0
503, -0.2
504, 0.4
505, -0.1
506, -0.1
507, -0.2
508, -0.4
509, -0.3
510, 0.4
511, 0.1
512, 0.1
513, -0.3
514, 0.1
515, 0.4
516, -0.4
517, -0.5
518, -0.2
519, 0.1
520, 0.0
521, 0.2
522, 0.2
523, 0.3
524, 0.1
525, -0.5
526, -0.1
527, 0.1
528, 0.3
529, 0.0
530, -0.1
531, 0.1
532, 0.0
533, 0.0
534, -0.1
535, 0.2
536, 0.4
537, 0.1
538, 0.1
539, 0.0
540, -0.2
541, 0.0
542, 0.1
543, 0.0
544, -0.1
545, 0.0
546, 0.1
547, 0.0
548, -0.2
549, 0.3
550, 0.2
551, 0.0
552, -0.1
553, -0.2
554, 0.4
555, 0.2
556, 0.0
557, 0.1
558, 0.2
559, -0.3
560, -0.1
561, -0.3
562, -0.1
563, 0.2
564, 0.2
565, 0.3
566, 0.1
567, -0.4
568, -0.1
569, 0.3
570, -0.4
571, -0.2
572, -0.3
573, -0.2
574, 0.1
575, 0.0
576, 0.1
577, 0.5
578, -0.2
579, -0.4
580, 0.1
581, 0.3
582, 0.1
583, -0.1
584, 0.3
585, -0.2
586, -0.1
587, -0.1
588, 0.1
589, -0.1
590, 0.3
591, 0.1
592, -0.1
593, 0.2
594, -0.1
595, -0.3
596, 0.1
597, 0.2
598, -0.8
599, -0.1
600, 0.3
601, -0.4
602, -0.2
603, 0.0
604, 0.2
605, 0.0
606, -0.2
607, -0.1
608, 0.4
609, -0.6
610, 0.1
611, -0.3
612, 0.1
613, 0.1
614, 0.2
615, 0.0
616, -0.1
617, 0.1
618, 0.4
619, 0.3
620, 0.3
621, -0.2
622, -0.5
623, 0.2
624, -0.4
625, 0.2
626, 0.3
627, 0.3
628, 0.1
629, 0.0
630, -0.1
631, -0.2
632, 0.0
633, 0.1
634, 0.4
635, -0.2
636, 0.0
637, 0.4
638, -0.3
639, 0.0
640, 0.0
641, 0.2
642, 0.2
643, 0.3
644, -0.3
645, 0.2
646, 0.3
647, -0.4
648, -0.3
649, 0.2
650, 0.2
651, 0.2
652, -0.5
653, 0.0
654, 0.0
655, -0.1
656, 0.2
657, 0.1
658, 0.1
659, -0.2
660, 0.0
661, -0.1
662, 0.0
663, -0.2
664, 0.4
665, 0.1
666, 0.3
667, 0.2
668, -0.1
669, -0.4
670, 0.3
671, 0.3
672, -0.1
673, 0.0
674, -0.1
675, -0.1
676, 0.0
677, 0.1
678, 0.2
679, 0.0
680, -0.3
681, 0.0
682, -0.5
683, 0.2
684, 0.0
685, -0.2
686, -0.3
687, -0.2
688, 0.2
689, -0.2
690, 0.5
691, -0.2
692, -0.3
693, 0.3
694, -0.1
695, -0.1
696, 0.4
697, 0.0
698, 0.1
699, 0.2
700, 0.1
701, 0.0
702, 0.2
703, 0.0
704, 0.3
705, 0.3
706, -0.4
707, 0.0
708, -0.3
709, -0.2
710, 0.3
711, -0.3
712, 0.3
713, 0.0
714, -0.2
715, -0.3
716, 0.1
717, 0.1
718, -0.4
719, 0.0
720, 0.1
721, -0.3
722, 0.2
723, 0.0
724, 0.1
725, 0.1
726, -0.3
727, 0.3
728, 0.1
729, 0.3
730, 0.0
731, -0.1
732, 0.0
733, 0.2
734, 0.2
735, -0.1
736, -0.3
737, 0.2
738, 0.3
739, 0.1
740, -0.5
741, 0.0
742, 0.3
743, 0.1
744, 0.0
745, -0.4
746, -0.4
747, -0.1
748, -0.1
749, -0.1
750, -0.1
751, -0.2
752, 0.1
753, -0.3
754, 0.4
755, -0.1
756, 0.1
757, 0.2
758, 0.0
759, 0.1
760, 0.2
761, 0.1
762, -0.2
763, 0.3
764, 0.3
765, -0.2
766, -0.3
767, 0.2
768, -0.3
769, -0.2
770, 0.4
771, 0.2
772, 0.0
773, 0.3
774, -0.2
775, 0.1
776, -0.2
777, -0.3
778, 0.1
779, -0.3
780, 0.2
781, 0.2
782, 0.1
783, 0.0
784, 0.0
785, 0.1
786, -0.1
787, 0.0
788, -0.3
789, -0.3
790, 0.4
791, -0.2
792, -0.1
793, 0.2
794, -0.1
795, 0.0
796, 0.1
797, 0.4
798, 0.1
799, 0.1
800, -0.3
801, 0.1
802, -0.1
803, -0.2
804, 0.1
805, -0.1
806, 0.0
807, 0.3
808, -0.1
809, 0.1
810, 0.1
811, -0.2
812, 0.0
813, 0.3
814, -0.1
815, 0.3
816, -0.1
817, -0.2
818, 0.2
819, -0.2
820, -0.5
821, -0.1
822, -0.1
823, -0.1
824, -0.1
825, 0.4
826, -0.1
827, 0.4
828, 0.0
829, -0.1
830, 0.3
831, 0.0
832, 0.4
833, -0.2
834, 0.1
835, 0.1
836, -0.3
837, 0.2
838, -0.3
839, -0.2
840, 0.2
841, 0.4
842, -0.3
843, -0.2
844, 0.1
845, -0.5
846, 0.1
847, 0.4
848, -0.1
849, -0.2
850, -0.4
851, 0.2
852, 0.1
853, 0.1
854, 0.1
855, -0.3
856, 0.1
857, -0.2
858, 0.3
859, -0.1
860, 0.2
861, -0.3
862, 0.1
863, -0.3
864, 0.2
865, 0.1
866, 0.2
867, 0.1
868, -0.4
869, -0.1
870, 0.3
871, -0.4
872, 0.2
873, -0.3
874, -0.1
875, 0.3
876, -0.3
877, -0.3
878, 0.1
879, 0.2
880, -0.1
881, -0.4
882, -0.2
883, -0.2
884, 0.1
885, 0.1
886, -0.2
887, 0.0
888, 0.1
889, -0.1
890, -0.2
891, 0.1
892, 0.2
893, 0.0
894, 0.2
895, -0.1
896, 0.4
897, -0.3
898, 0.0
899, -0.1
900, 0.2
901, 0.1
902, -0.1
903, 0.2
904, 0.0
905, -0.7
906, 0.1
907, 0.5
908, 0.0
909, 0.2
910, 0.4
911, 0.0
912, 0.1
913, 0.2
914, -0.3
915, -0.1
916, -0.2
917, -0.4
918, 0.1
919, 0.0
920, 0.0
921, 0.0
922, 0.2
923, -0.1
924, -0.3
925, -0.1
926, 0.0
927, 0.3
928, 0.2
929, 0.3
930, 0.4
931, 0.0
932, 0.0
933, 0.0
934, 0.1
935, -0.4
936, -0.1
937, -0.5
938, 0.1
939, 0.1
940, 0.5
941, 0.1
942, 0.3
943, 0.3
944, -0.1
945, 0.1
946, 0.4
947, 0.2
948, -0.3
949, 0.0
950, 0.3
951, 0.1
952, -0.1
953, 0.4
954, 0.5
955, 0.1
956, -0.4
957, -0.5
958, -0.2
959, 0.2
960, -0.2
961, 0.1
962, 0.4
963, -0.1
964, 0.1
965, 0.2
966, 0.3
967, 0.0
968, 0.0
969, 0.0
970, 0.1
971, -0.1
972, -0.1
973, -0.4
974, 0.0
975, 0.1
976, 0.3
977, 0.0
978, -0.2
979, 0.0
980, -0.4
981, 0.0
982, 0.3
983, 0.2
984, -0.1
985, 0.3
986, 0.2
987, -0.2
988, 0.0
989, 0.0
990, 0.0
991, -0.3
992, 0.4
993, 0.1
994, -0.4
995, -0.4
996, -0.4
997, 0.0
998, -0.2
999, 0.1
1000, 0.1
1001, -0.1
1002, -0.2
1003, 0.5
1004, 0.0
1005, -0.2
1006, 0.4
1007, 0.2
1008, 0.0
1009, 0.2
1010, 0.1
1011, 0.1
1012, -0.3
1013, 0.0
1014, 0.1
1015, -0.2
1016, 0.1
1017, 0.5
1018, 0.1
1019, 0.2
1020, 0.0
1021, -0.2
1022, 0.2
1023, 0.2
1024, -0.4
1025, 0.1
1026, 0.5
1027, 0.1
1028, -0.2
1029, 0.1
1030, 0.2
1031, -0.2
1032, 0.0
1033, 0.2
1034, 0.0
1035, 0.0
1036, -0.1
1037, 0.0
1038, -0.4
1039, -0.3
1040, 0.0
1041, 0.0
1042, 0.2
1043, 0.1
1044, -0.4
1045, 0.0
1046, -0.4
1047, 0.2
1048, 0.0
1049, 0.0
1050, 0.1
1051, 0.1
1052, -0.2
1053, 0.0
1054, 0.3
1055, 0.0
1056, -0.5
1057, 0.2
1058, 0.1
1059, 0.1
1060, -0.2
1061, 0.0
1062, 0.2
1063, 0.2
1064, -0.2
1065, 0.0
1066, 0.4
1067, 0.2
1068, 0.2
1069, 0.0
1070, -0.3
1071, -0.4
1072, 0.2
1073, 0.1
1074, 0.3
1075, -0.2
1076, 0.0
1077, -0.1
1078, 0.1
1079, 0.0
1080, -0.3
1081, -0.2
1082, 0.1
1083, 0.2
1084, 0.0
1085, -0.1
1086, 0.1
1087, -0.4
1088, 0.3
1089, -0.1
1090, -0.2
1091, -0.2
1092, 0.0
1093, 0.0
1094, -0.1
1095, -0.3
1096, -0.6
1097, 0.1
1098, 0.1
1099, -0.2
1100, -0.1
1101, 0.0
1102, 0.3
1103, 0.0
1104, 0.0
1105, -0.1
1106, -0.1
1107, 0.1
1108, -0.3
1109, -0.3
1110, -0.2
1111, 0.2
1112, 0.0
1113, 0.2
1114, -0.3
1115, -0.1
1116, 0.2
1117, 0.0
1118, -0.4
1119, 0.3
1120, -0.2
1121, -0.2
1122, 0.0
1123, -0.5
1124, -0.1
1125, -0.4
1126, -0.2
1127, 0.1
1128, -0.1
1129, -0.4
1130, 0.0
1131, 0.2
1132, 0.3
1133, -0.2
1134, 0.2
1135, -0.1
1136, -0.1
1137, 0.0
1138, -0.1
1139, 0.3
1140, 0.1
1141, 0.3
1142, 0.3
1143, 0.3
1144, 0.0
1145, 0.1
1146, -0.1
1147, 0.1
1148, 0.1
1149, -0.3
1150, 0.3
1151, 0.1
1152, 0.3
1153, 0.1
1154, -0.3
1155, -0.2
1156, 0.0
1157, 0.0
1158, 0.0
1159, 0.1
1160, 0.1
1161, 0.1
1162, -0.3
1163, 0.1
1164, -0.1
1165, 0.2
1166, -0.6
1167, 0.1
1168, -0.2
1169, 0.2
1170, 0.0
1171, -0.2
1172, 0.0
1173, -0.2
1174, 0.3
1175, 0.0
1176, -0.3
1177, 0.3
1178, 0.3
1179, 0.0
1180, 0.1
1181, 0.3
1182, -0.1
1183, 0.2
1184, -0.1
1185, 0.1
1186, 0.2
1187, -0.3
1188, -0.3
1189, -0.2
1190, 0.1
1191, -0.1
1192, -0.7
1193, 0.4
1194, 0.0
1195, 0.1
1196, 0.1
1197, -0.2
1198, 0.2
1199, -0.1
1200, 0.4
1201, 0.0
1202, 0.2
1203, 0.4
1204, -0.2
1205, 0.1
1206, 0.2
1207, 0.2
1208, -0.4
1209, -0.1
1210, 0.0
1211, 0.2
1212, -0.3
1213, -0.2
1214, 0.0
1215, 0.0
1216, 0.0
1217, 0.0
1218, -0.3
1219, -0.4
1220, -0.1
1221, 0.1
1222, 0.3
1223, 0.0
1224, -0.3
1225, 0.5
1226, 0.2
1227, 0.2
1228, -0.1
1229, -0.1
1230, 0.1
1231, 0.4
1232, -0.2
1233, 0.2
1234, -0.5
1235, 0.1
1236, -0.2
1237, -0.3
1238, 0.1
1239, -0.3
1240, 0.0
1241, 0.2
1242, 0.1
1243, 0.1
1244, 0.2
1245, -0.2
1246, -0.1
1247, 0.0
1248, -0.2
1249, 0.3
1250, -0.1
1251, 0.0
1252, 0.4
1253, -0.1
1254, 0.2
1255, 0.0
1256, 0.2
1257, 0.2
1258, 0.0
1259, -0.2
1260, 0.2
1261, 0.0
1262, 0.4
1263, 0.1
1264, -0.1
1265, 0.1
1266, 0.4
1267, 0.3
1268, 0.3
1269, -0.4
1270, 0.0
1271, 0.2
1272, 0.2
1273, -0.2
1274, -0.3
1275, -0.4
1276, 0.0
1277, -0.2
1278, -0.2
1279, 0.1
1280, -0.3
1281, 0.0
1282, -0.2
1283, 0.3
1284, 0.3
1285, 0.1
1286, -0.1
1287, 0.0
1288, -0.2
1289, -0.1
1290, -0.1
1291, -0.2
1292, 0.0
1293, -0.2
1294, 0.3
1295, -0.3
1296, 0.2
1297, 0.1
1298, 0.2
1299, -0.1
1300, -0.2
1301, 0.1
1302, 0.1
1303, -0.4
1304, -0.2
1305, 0.1
1306, 0.0
1307, 0.2
1308, 0.3
1309, 0.1
1310, 0.0
1311, -0.1
1312, 0.1
1313, 0.2
1314, 0.3
1315, 0.0
1316, -0.1
1317, 0.1
1318, 0.2
1319, -0.5
1320, -0.1
1321, 0.2
1322, 0.0
1323, 0.0
1324, -0.4
1325, -0.4
1326, 0.0
1327, 0.0
1328, -0.1
1329, -0.4
1330, 0.1
1331, 0.0
1332, 0.4
1333, -0.1
1334, 0.3
1335, -0.3
1336, 0.3
1337, 0.2
1338, 0.3
1339, -0.2
1340, 0.2
1341, 0.1
1342, -0.5
1343, 0.0
1344, 0.1
1345, 0.0
1346, 0.2
1347, -0.3
1348, 0.0
1349, 0.3
1350, -0.1
1351, -0.3
1352, -0.2
1353, -0.2
1354, 0.0
1355, 0.0
1356, 0.5
1357, -0.2
1358, -0.2
1359, -0.2
1360, -0.2
1361, -0.2
1362, -0.1
1363, -0.2
1364, 0.0
1365, 0.0
1366, 0.1
1367, 0.1
1368, 0.2
1369, 0.1
1370, 0.2
1371, 0.1
1372, -0.2
1373, -0.5
1374, 0.0
1375, -0.3
1376, -0.5
1377, 0.2
1378, 0.3
1379, -0.1
1380, 0.0
1381, -0.5
1382, 0.1
1383, -0.3
1384, -0.2
1385, -0.2
1386, 0.3
1387, 0.1
1388, 0.1
1389, -0.2
1390, 0.2
1391, 0.0
1392, -0.1
1393, -0.2
1394, 0.2
1395, -0.2
1396, -0.1
1397, 0.0
1398, 0.3
1399, 0.0
1400, 0.2
1401, 0.1
1402, -0.2
1403, -0.1
1404, 0.4
1405, -0.4
1406, -0.1
1407, -0.3
1408, 0.4
1409, -0.3
1410, 0.0
1411, -0.5
1412, 0.2
1413, -0.1
1414, -0.6
1415, -0.4
1416, 0.0
1417, 0.2
1418, -0.1
1419, -0.2
1420, -0.2
1421, -0.2
1422, 0.0
1423, 0.0
1424, 0.2
1425, 0.2
1426, -0.2
1427, -0.4
1428, -0.1
1429, -0.1
1430, -0.1
1431, 0.2
1432, -0.1
1433, -0.1
1434, -0.2
1435, -0.3
1436, -0.6
1437, 0.3
1438, -0.2
1439, 0.2
1440, 0.1
1441, -0.1
1442, -0.5
1443, -0.2
1444, 0.3
1445, 0.3
1446, 0.0
1447, -0.2
1448, 0.3
1449, 0.3
1450, 0.0
1451, -0.1
1452, 0.1
1453, -0.1
1454, 0.3
1455, -0.1
1456, 0.1
1457, 0.1
1458, -0.2
1459, 0.2
1460, 0.1
1461, 0.1
1462, 0.4
1463, 0.0
1464, 0.4
1465, -0.2
1466, 0.2
1467, -0.1
1468, -0.2
1469, 0.2
1470, 0.4
1471, -0.1
1472, 0.3
1473, 0.1
1474, 0.1
1475, 0.2
1476, 0.2
1477, -0.2
1478, 0.2
1479, -0.2
1480, -0.3
1481, 0.1
1482, -0.1
1483, -0.3
1484, 0.2
1485, -0.3
1486, 0.3
1487, 0.1
1488, 0.2
1489, -0.1
1490, 0.3
1491, -0.5
1492, 0.2
1493, 0.0
1494, 0.2
1495, -0.2
1496, -0.4
1497, 0.2
1498, -0.1
1499, -0.2
1500, -0.2
1501, -0.6
1502, -0.4
1503, -0.2
1504, 0.3
1505, 0.2
1506, 0.3
1507, -0.1
1508, 0.1
1509, -0.1
1510, -0.1
1511, 0.0
1512, 0.1
1513, -0.4
1514, 0.1
1515, -0.2
1516, 0.4
1517, -0.5
1518, 0.2
1519, 0.0
1520, 0.0
1521, 0.0
1522, -0.3
1523, -0.3
1524, 0.2
1525, -0.2
1526, 0.2
1527, 0.1
1528, 0.2
1529, -0.1
1530, 0.3
1531, 0.2
1532, -0.2
1533, 0.3
1534, 0.0
1535, -0.4
1536, 0.0
1537, 0.0
1538, 0.3
1539, 0.1
1540, 0.1
1541, 0.1
1542, 0.1
1543, 0.0
1544, 0.0
1545, 0.0
1546, 0.0
1547, 0.0
1548, 0.0
1549, 0.1
1550, 0.3
1551, -0.3
1552, 0.1
1553, 0.0
1554, 0.0
1555, 0.3
1556, -0.1
1557, 0.2
1558, -0.3
1559, 0.3
1560, -0.1
1561, 0.0
1562, -0.4
1563, 0.3
1564, 0.0
1565, 0.0
1566, 0.0
1567, -0.2
1568, -0.1
1569, 0.2
1570, 0.2
1571, -0.3
1572, -0.2
1573, -0.2
1574, -0.3
1575, 0.4
1576, -0.2
1577, 0.1
1578, 0.0
1579, 0.3
1580, 0.0
1581, -0.2
1582, 0.4
1583, 0.4
1584, -0.4
1585, 0.0
1586, -0.4
1587, 0.1
1588, 0.2
1589, 0.1
1590, -0.1
1591, 0.1
1592, -0.1
1593, -0.1
1594, 0.1
1595, 0.0
1596, 0.1
1597, 0.3
1598, 0.4
1599, -0.1
1600, -0.4
1601, -0.3
1602, 0.3
1603, 0.2
1604, -0.1
1605, -0.2
1606, -0.3
1607, 0.0
1608, -0.2
1609, -0.2
1610, -0.1
1611, 0.1
1612, 0.2
1613, -0.4
1614, -0.2
1615, -0.1
1616, -0.1
1617, 0.1
1618, 0.0
1619, 0.0
1620, -0.1
1621, 0.0
1622, 0.2
1623, 0.0
1624, 0.1
1625, 0.4
1626, 0.2
1627, -0.1
1628, -0.1
1629, 0.0
1630, 0.1
1631, -0.1
1632, -0.2
1633, 0.2
1634, 0.3
1635, 0.3
1636, -0.1
1637, 0.0
1638, 0.3
1639, 0.0
1640, -0.2
1641, 0.0
1642, -0.2
1643, 0.3
1644, -0.3
1645, -0.3
1646, -0.3
1647, -0.1
1648, 0.2
1649, 0.1
1650, 0.2
1651, 0.4
1652, 0.1
1653, -0.1
1654, 0.1
1655, -0.4
1656, 0.1
1657, 0.1
1658, -0.1
1659, -0.1
1660, 0.2
1661, 0.3
1662, -0.1
1663, 0.0
1664, -0.3
1665, 0.1
1666, 0.3
1667, 0.1
1668, 0.0
1669, 0.0
1670, 0.0
1671, -0.1
1672, 0.1
1673, 0.0
1674, 0.2
1675, 0.0
1676, -0.2
1677, -0.2
1678, -0.1
1679, 0.2
1680, 0.1
1681, -0.3
1682, 0.1
1683, -0.1
1684, -0.5
1685, 0.2
1686, 0.1
1687, 0.1
1688, -0.2
1689, 0.0
1690, -0.1
1691, 0.4
1692, 0.1
1693, -0.2
1694, 0.1
1695, -0.1
1696, 0.2
1697, 0.0
1698, 0.1
1699, 0.4
1700, 0.2
1701, 0.3
1702, -0.5
1703, 0.0
1704, 0.0
1705, 0.3
1706, -0.2
1707, -0.2
1708, 0.3
1709, -0.1
1710, -0.3
1711, 0.3
1712, -0.5
1713, 0.4
1714, -0.3
1715, -0.4
1716, 0.0
1717, -0.3
1718, -0.6
1719, -0.1
1720, -0.4
1721, -0.2
1722, 0.0
1723, 0.0
1724, -0.1
1725, 0.3
1726, 0.1
1727, 0.2
1728, 0.1
1729, 0.1
1730, -0.2
1731, 0.0
1732, -0.2
1733, -0.2
1734, 0.0
1735, -0.3
1736, -0.2
1737, 0.0
1738, -0.1
1739, 0.0
1740, 0.3
1741, 0.0
1742, 0.5
1743, -0.2
1744, 0.1
1745, -0.1
1746, -0.2
1747, 0.0
1748, 0.2
1749, 0.0
1750, -0.2
1751, -0.2
1752, -0.2
1753, -0.3
1754, -0.3
1755, -0.2
1756, 0.1
1757, -0.2
1758, 0.3
1759, -0.1
1760, 0.2
1761, 0.2
1762, -0.1
1763, -0.1
1764, 0.1
1765, 0.0
1766, -0.2
1767, 0.0
1768, -0.1
1769, 0.2
1770, 0.0
1771, 0.1
1772, -0.2
1773, 0.1
1774, -0.4
1775, 0.2
1776, 0.0
1777, -0.1
1778, -0.2
1779, -0.5
1780, 0.1
1781, -0.3
1782, 0.1
1783, 0.0
1784, 0.0
1785, -0.2
1786, -0.3
1787, 0.5
1788, 0.2
1789, 0.0
1790, 0.1
1791, -0.1
1792, 0.2
1793, 0.0
1794, 0.3
1795, 0.0
1796, 0.1
1797, 0.4
1798, 0.1
1799, 0.4
1800, -0.1
1801, -0.1
1802, -0.4
1803, 0.2
1804, 0.0
1805, 0.1
1806, -0.5
1807, 0.1
1808, 0.3
1809, 0.0
1810, 0.2
1811, 0.2
1812, 0.1
1813, 0.1
1814, 0.1
1815, 0.0
1816, 0.3
1817, 0.0
1818, -0.3
1819, -0.1
1820, -0.1
1821, 0.0
1822, 0.1
1823, -0.1
1824, 0.0
1825, -0.3
1826, -0.4
1827, -0.1
1828, 0.3
1829, 0.0
1830, -0.1
1831, -0.1
1832, -0.1
1833, 0.2
1834, 0.1
1835, 0.2
1836, 0.0
1837, -0.2
1838, 0.1
1839, 0.1
1840, 0.1
1841, 0.2
1842, -0.2
1843, 0.1
1844, 0.0
1845, 0.0
1846, 0.0
1847, 0.0
1848, 0.2
1849, -0.2
1850, 0.2
1851, -0.2
1852, -0.3
1853, -0.1
1854, -0.3
1855, 0.2
1856, -0.2
1857, 0.0
1858, 0.0
1859, -0.1
1860, 0.1
1861, 0.2
1862, -0.1
1863, -0.2
1864, 0.4
1865, -0.1
1866, -0.3
1867, 0.0
1868, 0.1
1869, 0.1
1870, -0.1
1871, 0.1
1872, 0.0
1873, 0.0
1874, 0.5
1875, -0.3
1876, 0.3
1877, 0.2
1878, -0.3
1879, 0.3
1880, -0.1
1881, 0.2
1882, 0.3
1883, -0.4
1884, -0.3
1885, 0.2
1886, 0.0
1887, -0.1
1888, -0.2
1889, -0.1
1890, 0.0
1891, 0.1
1892, 0.2
1893, -0.6
1894, 0.1
1895, -0.5
1896, 0.3
1897, 0.1
1898, -0.2
1899, -0.2
1900, 0.2
1901, -0.4
1902, 0.3
1903, 0.2
1904, 0.1
1905, -0.2
1906, -0.6
1907, 0.2
1908, -0.2
1909, 0.2
1910, 0.0
1911, 0.0
1912, 0.0
1913, -0.4
1914, -0.4
1915, 0.0
1916, -0.4
1917, -0.3
1918, 0.1
1919, -0.2
1920, -0.3
1921, -0.4
1922, -0.2
1923, 0.1
1924, -0.4
1925, -0.1
1926, 0.1
1927, 0.0
1928, 0.1
1929, 0.1
1930, -0.4
1931, 0.3
1932, 0.0
1933, 0.1
1934, -0.1
1935, 0.2
1936, -0.5
1937, 0.0
1938, 0.1
1939, -0.2
1940, -0.4
1941, -0.2
1942, -0.1
1943, 0.3
1944, -0.1
1945, 0.3
1946, -0.2
1947, 0.1
1948, -0.2
1949, 0.0
1950, -0.2
1951, 0.3
1952, -0.1
1953, 0.1
1954, 0.1
1955, -0.2
1956, -0.1
1957, -0.1
1958, 0.2
1959, -0.2
1960, -0.2
1961, 0.3
1962, 0.1
1963, 0.2
1964, 0.0
1965, -0.1
1966, 0.2
1967, 0.3
1968, 0.0
1969, 0.1
1970, -0.1
1971, 0.0
1972, -0.2
1973, 0.1
1974, 0.3
1975, -0.2
1976, 0.2
1977, 0.4
1978, -0.5
1979, 0.3
1980, -0.4
1981, 0.2
1982, 0.1
1983, -0.1
1984, 0.2
1985, 0.1
1986, -0.3
1987, -0.2
1988, 0.3
1989, 0.0
1990, -0.1
1991, -0.5
1992, 0.3
1993, 0.0
1994, -0.3
1995, -0.2
1996, -0.1
1997, 0.1
1998, 0.0
1999, -0.1
2000, -0.4
2001, 0.0
2002, 0.1
2003, -0.3
2004, 0.3
2005, -0.1
2006, 0.0
2007, 0.1
2008, -0.6
2009, -0.1
2010, -0.1
2011, -0.1
2012, 0.0
2013, 0.1
2014, 0.2
2015, 0.0
2016, 0.1
2017, -0.5
2018, 0.3
2019, 0.2
2020, 0.3
2021, 0.0
2022, -0.1
2023, 0.0
2024, 0.1
2025, 0.1
2026, 0.1
2027, -0.4
2028, -0.3
2029, 0.0
2030, -0.2
2031, -0.2
2032, 0.2
2033, 0.0
2034, 0.3
2035, 0.0
2036, 0.5
2037, 0.1
2038, 0.2
2039, 0.0
2040, 0.2
2041, 0.3
2042, -0.1
2043, -0.1
2044, 0.0
2045, -0.1
2046, 0.3
2047, -0.3
2048, 0.3
2049, 0.3
2050, 0.1
2051, -0.3
2052, -0.2
2053, 0.2
2054, -0.2
2055, -0.1
2056, -0.1
2057, -0.1
2058, 0.3
2059, 0.3
2060, 0.2
2061, 0.1
2062, 0.0
2063, 0.1
2064, -0.2
2065, 0.1
2066, -0.2
2067, -0.1
2068, 0.0
2069, 0.1
2070, -0.2
2071, -0.1
2072, -0.2
2073, 0.2
2074, -0.1
2075, -0.1
2076, 0.1
2077, 0.2
2078, 0.1
2079, 0.0
2080, 0.0
2081, -0.2
2082, -0.4
2083, 0.1
2084, 0.0
2085, 0.1
2086, 0.3
2087, 0.3
2088, 0.0
2089, 0.0
2090, 0.0
2091, 0.0
2092, 0.0
2093, -0.3
2094, 0.2
2095, -0.5
2096, -0.1
2097, 0.2
2098, 0.2
2099, -0.3
2100, 0.1
2101, 0.0
2102, 0.0
2103, -0.1
2104, -0.2
2105, 0.0
2106, -0.2
2107, -0.2
2108, 0.2
2109, 0.2
2110, -0.2
2111, 0.0
2112, -0.2
2113, 0.1
2114, 0.2
2115, 0.0
2116, -0.2
2117, 0.2
2118, 0.2
2119, 0.2
2120, 0.4
2121, -0.2
2122, 0.0
2123, -0.5
2124, -0.1
2125, -0.5
2126, -0.2
2127, -0.3
2128, 0.0
2129, 0.0
2130, 0.0
2131, -0.1
2132, 0.1
2133, -0.4
2134, -0.1
2135, 0.2
2136, 0.5
2137, 0.3
2138, 0.2
2139, 0.1
2140, -0.1
2141, 0.0
2142, 0.1
2143, 0.1
2144, 0.3
2145, 0.1
2146, 0.4
2147, -0.2
2148, -0.1
2149, 0.1
2150, 0.0
2151, -0.5
2152, 0.1
2153, -0.2
2154, -0.1
2155, 0.2
2156, -0.5
2157, 0.0
2158, -0.5
2159, 0.1
2160, 0.1
2161, 0.2
2162, 0.3
2163, 0.1
2164, -0.3
2165, -0.1
2166, 0.1
2167, 0.1
2168, 0.1
2169, -0.1
2170, 0.1
2171, 0.2
2172, -0.2
2173, -0.4
2174, 0.0
2175, -0.2
2176, -0.3
2177, 0.4
2178, 0.3
2179, 0.0
2180, -0.2
2181, 0.1
2182, 0.1
2183, 0.3
2184, 0.5
2185, -0.3
2186, -0.1
2187, 0.5
2188, 0.2
2189, 0.1
2190, 0.1
2191, 0.3
2192, 0.0
2193, -0.4
2194, -0.3
2195, -0.3
2196, 0.2
2197, -0.5
2198, -0.1
2199, 0.1
2200, 0.1
2201, -0.6
2202, 0.2
2203, 0.0
2204, -0.2
2205, 0.0
2206, 0.0
2207, -0.1
2208, 0.1
2209, 0.1
2210, 0.1
2211, -0.1
2212, 0.1
2213, -0.1
2214, 0.2
2215, -0.2
2216, 0.1
2217, 0.3
2218, 0.3
2219, 0.3
2220, 0.0
2221, 0.1
2222, 0.0
2223, -0.2
2224, 0.2
2225, -0.3
2226, -0.3
2227, 0.1
2228, -0.2
2229, -0.3
2230, -0.2
2231, 0.1
2232, 0.5
2233, -0.1
2234, -0.1
2235, 0.1
2236, -0.1
2237, -0.1
2238, 0.2
2239, -0.5
2240, 0.2
2241, 0.2
2242, 0.1
2243, -0.1
2244, 0.1
2245, -0.2
2246, -0.1
2247, 0.2
2248, 0.5
2249, -0.2
2250, 0.0
2251, 0.0
2252, -0.1
2253, 0.2
2254, -0.1
2255, -0.3
2256, -0.2
2257, 0.4
2258, 0.0
2259, 0.4
2260, 0.0
2261, 0.1
2262, 0.1
2263, 0.1
2264, -0.3
2265, -0.2
2266, -0.1
2267, 0.2
2268, 0.1
2269, 0.4
2270, -0.4
2271, -0.4
2272, 0.1
2273, 0.0
2274, 0.2
2275, 0.3
2276, 0.2
2277, 0.3
2278, 0.4
2279, -0.4
2280, -0.3
2281, -0.3
2282, 0.0
2283, 0.3
2284, -0.1
2285, 0.2
2286, 0.1
2287, -0.8
2288, 0.1
2289, 0.1
2290, 0.0
2291, -0.1
2292, 0.2
2293, 0.1
2294, -0.3
2295, -0.4
2296, 0.0
2297, -0.3
2298, 0.1
2299, -0.6
2300, -0.3
2301, -0.1
2302, 0.1
2303, -0.1
2304, 0.2
2305, 0.3
2306, 0.0
2307, -0.1
2308, -0.2
2309, 0.4
2310, -0.1
2311, 0.3
2312, 0.2
2313, -0.1
2314, -0.1
2315, -0.3
2316, 0.0
2317, -0.1
2318, -0.4
2319, 0.1
2320, 0.0
2321, 0.0
2322, -0.1
2323, -0.1
2324, -0.3
2325, -0.4
2326, -0.2
2327, -0.1
2328, -0.2
2329, -0.1
2330, 0.0
2331, -0.7
2332, -0.2
2333, 0.1
2334, 0.3
2335, 0.1
2336, 0.2
2337, 0.1
2338, 0.4
2339, 0.0
2340, 0.3
2341, 0.1
2342, -0.3
2343, -0.2
2344, 0.0
2345, 0.0
2346, -0.1
2347, -0.1
2348, 0.1
2349, 0.4
2350, -0.1
2351, 0.3
2352, 0.1
2353, -0.2
2354, 0.0
2355, -0.5
2356, 0.1
2357, -0.4
2358, 0.1
2359, 0.1
2360, -0.1
2361, 0.2
2362, -0.2
2363, 0.4
2364, 0.1
2365, -0.1
2366, 0.3
2367, -0.1
2368, -0.1
2369, -0.3
2370, 0.3
2371, 0.1
2372, -0.1
2373, 0.3
2374, 0.0
2375, -0.1
2376, 0.0
2377, 0.2
2378, 0.1
2379, -0.1
2380, 0.3
2381, 0.0
2382, -0.1
2383, 0.0
2384, 0.3
2385, 0.2
2386, 0.2
2387, -0.1
2388, 0.1
2389, 0.0
2390, 0.0
2391, -0.1
2392, -0.1
2393, -0.1
2394, -0.2
2395, 0.2
2396, 0.0
2397, -0.3
2398, 0.0
2399, 0.0
2400, 0.2
2401, 0.0
2402, -0.2
2403, 0.1
2404, 0.2
2405, 0.3
2406, 0.2
2407, -0.3
2408, 0.4
2409, 0.2
2410, -0.2
2411, -0.4
2412, 0.3
2413, 0.1
2414, -0.1
2415, 0.4
2416, -0.2
2417, 0.0
2418, 0.0
2419, -0.4
2420, -0.1
2421, -0.1
2422, 0.1
2423, -0.4
2424, -0.4
2425, -0.3
2426, -0.1
2427, -0.1
2428, 0.3
2429, 0.1
2430, 0.3
2431, 0.0
2432, 0.0
2433, -0.4
2434, 0.0
2435, 0.0
2436, -0.1
2437, -0.2
2438, 0.3
2439, -0.1
2440, 0.1
2441, -0.2
2442, 0.0
2443, 0.2
2444, -0.2
2445, -0.1
2446, 0.2
2447, -0.1
2448, 0.0
2449, -0.1
2450, 0.0
2451, -0.4
2452, 0.0
2453, 0.5
2454, -0.3
2455, 0.0
2456, 0.1
2457, -0.3
2458, -0.1
2459, -0.2
2460, 0.1
2461, 0.1
2462, 0.2
2463, -0.1
2464, 0.0
2465, -0.2
2466, 0.0
2467, 0.2
2468, -0.1
2469, 0.1
2470, -0.2
2471, -0.1
2472, 0.2
2473, -0.1
2474, 0.3
2475, -0.1
2476, 0.3
2477, 0.1
2478, 0.3
2479, 0.2
2480, -0.3
2481, 0.3
2482, 0.4
2483, 0.1
2484, -0.2
2485, -0.2
2486, -0.2
2487, 0.2
2488, 0.1
2489, -0.3
2490, 0.3
2491, 0.3
2492, 0.2
2493, -0.5
2494, -0.2
2495, -0.2
2496, 0.0
2497, 0.5
2498, -0.4
2499, 0.1
2500, 0.2
2501, 0.0
2502, -0.2
2503, 0.1
2504, -0.4
2505, 0.0
2506, -0.2
2507, 0.0
2508, 0.1
2509, -0.1
2510, 0.0
2511, -0.3
2512, 0.4
2513, 0.2
2514, -0.3
2515, 0.3
2516, 0.5
2517, -0.2
2518, -0.6
2519, -0.2
2520, 0.0
2521, 0.0
2522, 0.2
2523, -0.4
2524, -0.3
2525, 0.2
2526, 0.2
2527, -0.3
2528, 0.2
2529, -0.1
2530, -0.2
2531, -0.1
2532, 0.2
2533, 0.1
2534, 0.1
2535, 0.0
2536, 0.3
2537, -0.4
2538, 0.2
2539, 0.1
2540, 0.0
2541, 0.4
2542, -0.2
2543, 0.0
2544, 0.0
2545, 0.0
2546, 0.1
2547, -0.2
2548, -0.4
2549, -0.2
2550, -0.2
2551, 0.0
2552, 0.2
2553, 0.1
2554, -0.3
2555, -0.3
2556, 0.1
2557, 0.1
2558, 0.0
2559, -0.5
2560, -0.3
2561, 0.1
2562, 0.0
2563, -0.2
2564, -0.3
2565, 0.2
2566, 0.2
2567, 0.0
2568, 0.0
2569, -0.1
2570, 0.2
2571, 0.1
2572, 0.1
2573, -0.2
2574, 0.0
2575, -0.2
2576, 0.3
2577, -0.1
2578, 0.3
2579, 0.4
2580, 0.1
2581, 0.0
2582, 0.0
2583, 0.1
2584, 0.2
2585, -0.5
2586, 0.1
2587, 0.3
2588, 0.0
2589, 0.0
2590, 0.0
2591, 0.2
2592, -0.4
2593, 0.1
2594, 0.3
2595, -0.2
2596, 0.0
2597, 0.2
2598, -0.1
2599, 0.1
2600, -0.1
2601, -0.2
2602, 0.2
2603, 0.2
2604, 0.4
2605, 0.0
2606, 0.3
2607, 0.1
2608, -0.3
2609, -0.1
2610, 0.1
2611, 0.3
2612, -0.3
2613, 0.2
2614, -0.2
2615, 0.1
2616, 0.1
2617, 0.2
2618, 0.1
2619, 0.2
2620, 0.1
2621, 0.3
2622, 0.2
2623, -0.1
2624, 0.2
2625, 0.1
2626, 0.2
2627, 0.1
2628, -0.4
2629, -0.4
2630, -0.6
2631, 0.3
2632, -0.4
2633, 0.3
2634, 0.1
2635, 0.2
2636, 0.2
2637, 0.1
2638, -0.2
2639, 0.2
2640, -0.4
2641, 0.3
2642, 0.2
2643, -0.3
2644, 0.0
2645, 0.0
2646, 0.2
2647, -0.1
2648, 0.3
2649, -0.1
2650, 0.0
2651, 0.3
2652, -0.1
2653, -0.1
2654, -0.1
2655, 0.4
2656, 0.3
2657, 0.1
2658, 0.1
2659, -0.2
2660, 0.2
2661, 0.5
2662, -0.2
2663, 0.1
2664, 0.1
2665, 0.4
2666, -0.2
2667, 0.3
2668, 0.1
2669, 0.0
2670, 0.2
2671, 0.1
2672, 0.2
2673, -0.1
2674, 0.0
2675, 0.1
2676, -0.1
2677, 0.1
2678, 0.3
2679, 0.3
2680, -0.1
2681, 0.2
2682, 0.2
2683, 0.2
2684, -0.3
2685, 0.0
2686, 0.1
2687, 0.1
2688, 0.0
2689, -0.1
2690, -0.1
2691, -0.2
2692, 0.1
2693, 0.1
2694, -0.3
2695, 0.0
2696, 0.0
2697, 0.2
2698, -0.1
2699, 0.0
2700, 0.0
2701, -0.2
2702, 0.2
2703, 0.2
2704, 0.0
2705, 0.3
2706, -0.1
2707, 0.0
2708, 0.2
2709, -0.3
2710, 0.2
2711, 0.2
2712, -0.1
2713, 0.3
2714, 0.2
2715, 0.1
2716, 0.0
2717, -0.2
2718, -0.1
2719, -0.4
2720, 0.4
2721, 0.0
2722, 0.1
2723, 0.4
2724, 0.1
2725, 0.2
2726, -0.3
2727, 0.2
2728, -0.2
2729, 0.2
2730, -0.1
2731, 0.3
2732, -0.1
2733, 0.0
2734, 0.1
2735, 0.1
2736, -0.5
2737, -0.4
2738, 0.3
2739, 0.3
2740, -0.2
2741, 0.3
2742, -0.3
2743, -0.3
2744, 0.1
2745, 0.2
2746, 0.1
2747, 0.0
2748, -0.3
2749, 0.3
2750, -0.1
2751, 0.1
2752, -0.2
2753, 0.2
2754, 0.1
2755, -0.3
2756, 0.3
2757, -0.1
2758, 0.0
2759, 0.5
2760, -0.3
2761, 0.1
2762, -0.2
2763, -0.3
2764, 0.2
2765, -0.2
2766, -0.2
2767, 0.2
2768, -0.2
2769, 0.3
2770, -0.6
2771, -0.6
2772, -0.3
2773, -0.1
2774, 0.4
2775, -0.1
2776, 0.2
2777, 0.2
2778, 0.0
2779, 0.2
2780, 0.2
2781, 0.1
2782, 0.2
2783, -0.4
2784, -0.6
2785, -0.1
2786, 0.0
2787, 0.0
2788, 0.2
2789, 0.2
2790, 0.1
2791, 0.1
2792, 0.2
2793, 0.3
2794, -0.5
2795, -0.3
2796, -0.2
2797, 0.1
2798, -0.1
2799, -0.1
2800, 0.1
2801, 0.4
2802, -0.3
2803, 0.2
2804, -0.2
2805, -0.3
2806, -0.1
2807, -0.1
2808, -0.2
2809, 0.2
2810, 0.0
2811, 0.0
2812, 0.2
2813, -0.5
2814, 0.0
2815, 0.1
2816, -0.1
2817, 0.0
2818, -0.1
2819, 0.1
2820, 0.3
2821, 0.2
2822, 0.3
2823, -0.1
2824, 0.2
2825, -0.2
2826, 0.2
2827, 0.3
2828, 0.1
2829, 0.2
2830, 0.3
2831, -0.3
2832, -0.6
2833, 0.0
2834, 0.1
2835, -0.2
2836, 0.5
2837, -0.3
2838, 0.1
2839, 0.5
2840, 0.1
2841, -0.2
2842, 0.4
2843, -0.3
2844, 0.5
2845, -0.2
2846, -0.1
2847, 0.4
2848, 0.0
2849, 0.2
2850, -0.2
2851, 0.0
2852, 0.3
2853, 0.0
2854, 0.1
2855, 0.1
2856, -0.2
2857, 0.0
2858, 0.1
2859, -0.2
2860, 0.0
2861, -0.5
2862, 0.0
2863, 0.1
2864, 0.0
2865, 0.3
2866, 0.2
2867, -0.1
2868, -0.2
2869, 0.4
2870, 0.0
2871, 0.2
2872, 0.1
2873, 0.0
2874, 0.4
2875, 0.1
2876, -0.4
2877, 0.2
2878, 0.3
2879, 0.2
2880, 0.0
2881, -0.3
2882, 0.2
2883, 0.1
2884, 0.3
2885, -0.1
2886, -0.3
2887, 0.2
2888, 0.2
2889, -0.1
2890, 0.3
2891, 0.1
2892, -0.1
2893, 0.3
2894, -0.2
2895, 0.3
2896, 0.2
2897, 0.1
2898, -0.1
2899, 0.1
2900, -0.2
2901, -0.2
2902, -0.2
2903, -0.1
2904, -0.3
2905, 0.3
2906, 0.3
2907, 0.2
2908, -0.1
2909, 0.1
2910, 0.0
2911, 0.2
2912, 0.1
2913, 0.3
2914, -0.1
2915, 0.1
2916, 0.0
2917, 0.0
2918, 0.1
2919, 0.1
2920, 0.3
2921, -0.3
2922, 0.0
2923, 0.1
2924, -0.2
2925, -0.1
2926, 0.2
2927, 0.0
2928, 0.3
2929, 0.0
2930, 0.0
2931, -0.3
2932, -0.1
2933, -0.1
2934, 0.2
2935, 0.2
2936, -0.1
2937, 0.0
2938, -0.1
2939, 0.1
2940, -0.1
2941, 0.3
2942, 0.2
2943, 0.3
2944, 0.1
2945, 0.1
2946, 0.1
2947, -0.2
2948, 0.0
2949, -0.5
2950, 0.1
2951, 0.1
2952, 0.3
2953, 0.3
2954, -0.1
2955, 0.4
2956, -0.1
2957, -0.2
2958, 0.3
2959, -0.4
2960, 0.4
2961, 0.1
2962, 0.1
2963, 0.2
2964, -0.1
2965, -0.2
2966, -0.3
2967, -0.1
2968, 0.2
2969, -0.1
2970, 0.0
2971, 0.0
2972, 0.0
2973, 0.1
2974, -0.1
2975, 0.0
2976, 0.0
2977, 0.3
2978, 0.2
2979, -0.1
2980, -0.3
2981, -0.1
2982, 0.2
2983, -0.5
2984, 0.1
2985, -0.4
2986, 0.0
2987, 0.1
2988, -0.2
2989, 0.2
2990, 0.2
2991, 0.0
2992, -0.3
2993, 0.0
2994, -0.2
2995, -0.1
2996, -0.2
2997, -0.1
2998, 0.1
2999, 0.0
3000, 0.1
3001, 0.2
3002, 0.3
3003, -0.2
3004, -0.5
3005, 0.0
3006, 0.2
3007, -0.1
3008, -0.3
3009, -0.1
3010, -0.3
3011, 0.1
3012, 0.0
3013, 0.0
3014, -0.2
3015, 0.0
3016, -0.1
3017, -0.1
3018, 0.1
3019, -0.1
3020, 0.0
3021, 0.1
3022, 0.1
3023, -0.1
3024, 0.0
3025, -0.4
3026, 0.0
3027, 0.0
3028, 0.1
3029, -0.2
3030, 0.0
3031, 0.2
3032, 0.2
3033, -0.2
3034, 0.3
3035, 0.0
3036, 0.0
3037, 0.2
3038, -0.1
3039, 0.1
3040, -0.1
3041, -0.3
3042, 0.3
3043, -0.1
3044, -0.1
3045, 0.2
3046, 0.1
3047, -0.2
3048, -0.1
3049, -0.1
3050, 0.2
3051, 0.1
3052, -0.1
3053, 0.0
3054, 0.1
3055, -0.2
3056, 0.1
3057, 0.0
3058, 0.0
3059, -0.3
3060, -0.2
3061, -0.3
3062, 0.2
3063, -0.2
3064, -0.1
3065, -0.1
3066, 0.1
3067, 0.1
3068, 0.2
3069, -0.2
3070, 0.2
3071, 0.4
3072, 0.2
3073, 0.0
3074, -0.1
3075, -0.4
3076, -0.2
3077, 0.3
3078, -0.1
3079, 0.0
3080, 0.0
3081, -0.1
3082, 0.1
3083, -0.1
3084, 0.5
3085, 0.1
3086, 0.1
3087, 0.1
3088, 0.1
3089, 0.4
3090, -0.1
3091, 0.0
3092, -0.3
3093, -0.1
3094, 0.0
3095, 0.2
3096, 0.2
3097, 0.2
3098, -0.2
3099, -0.3
3100, 0.0
3101, -0.1
3102, -0.2
3103, 0.3
3104, -0.2
3105, -0.2
3106, 0.1
3107, -0.1
3108, 0.1
3109, 0.3
3110, 0.4
3111, 0.3
3112, -0.4
3113, 0.0
3114, -0.1
3115, -0.1
3116, 0.0
3117, -0.2
3118, -0.2
3119, 0.0
3120, 0.3
3121, 0.0
3122, 0.3
3123, -0.2
3124, -0.1
3125, -0.2
3126, 0.1
3127, 0.0
3128, -0.1
3129, 0.0
3130, -0.1
3131, -0.3
3132, 0.1
3133, -0.1
3134, -0.2
3135, 0.1
3136, -0.2
3137, -0.1
3138, -0.3
3139, 0.4
3140, -0.1
3141, -0.1
3142, -0.2
3143, 0.2
3144, 0.0
3145, -0.4
3146, 0.1
3147, 0.2
3148, 0.0
3149, 0.0
3150, 0.2
3151, -0.2
3152, 0.0
3153, 0.3
3154, -0.3
3155, 0.0
3156, 0.4
3157, 0.0
3158, 0.1
3159, -0.5
3160, -0.2
3161, -0.1
3162, -0.1
3163, 0.0
3164, 0.2
3165, 0.0
3166, -0.3
3167, 0.0
3168, -0.1
3169, -0.2
3170, 0.2
3171, -0.4
3172, 0.1
3173, 0.2
3174, 0.2
3175, -0.2
3176, 0.0
3177, -0.1
3178, 0.0
3179, -0.3
3180, -0.2
3181, 0.0
3182, -0.2
3183, -0.1
3184, -0.2
3185, 0.1
3186, 0.1
3187, -0.1
3188, 0.0
3189, -0.1
3190, -0.2
3191, -0.3
3192, 0.3
3193, 0.2
3194, 0.1
3195, 0.1
3196, -0.2
3197, 0.3
3198, -0.3
3199, -0.1
3200, -0.3
3201, 0.2
3202, 0.2
3203, 0.0
3204, -0.2
3205, -0.2
3206, -0.3
3207, -0.4
3208, -0.1
3209, -0.2
3210, -0.2
3211, 0.3
3212, -0.4
3213, 0.4
3214, 0.0
3215, -0.1
3216, 0.1
3217, 0.1
3218, -0.3
3219, 0.2
3220, -0.2
3221, 0.2
3222, -0.3
3223, -0.2
3224, 0.4
3225, 0.1
3226, -0.1
3227, -0.2
3228, 0.3
3229, -0.2
3230, 0.0
3231, 0.3
3232, 0.1
3233, 0.0
3234, 0.2
3235, 0.1
3236, 0.2
3237, -0.1
3238, -0.1
3239, 0.0
3240, 0.1
3241, 0.2
3242, 0.3
3243, 0.1
3244, -0.2
3245, -0.2
3246, 0.1
3247, 0.2
3248, -0.1
3249, -0.1
3250, -0.2
3251, 0.0
3252, 0.1
3253, 0.0
3254, 0.3
3255, 0.1
3256, -0.2
3257, -0.1
3258, -0.2
3259, 0.0
3260, -0.2
3261, 0.0
3262, 0.1
3263, 0.2
3264, 0.0
3265, -0.4
3266, -0.3
3267, 0.3
3268, -0.1
3269, 0.3
3270, 0.3
3271, 0.1
3272, 0.1
3273, 0.2
3274, 0.2
3275, 0.1
3276, 0.1
3277, 0.0
3278, -0.1
3279, 0.1
3280, -0.4
3281, 0.0
3282, -0.1
3283, -0.1
3284, 0.2
3285, 0.1
3286, -0.3
3287, -0.2
3288, 0.3
3289, 0.1
3290, -0.1
3291, 0.3
3292, 0.0
3293, 0.2
3294, 0.2
3295, -0.1
3296, 0.0
3297, 0.3
3298, 0.0
3299, -0.2
3300, -0.2
3301, 0.1
3302, 0.1
3303, 0.0
3304, 0.0
3305, 0.0
3306, 0.1
3307, 0.0
3308, -0.2
3309, -0.2
3310, 0.4
3311, -0.1
3312, 0.0
3313, -0.4
3314, -0.3
3315, 0.3
3316, -0.1
3317, 0.1
3318, 0.0
3319, 0.0
3320, 0.1
3321, 0.0
3322, 0.3
3323, 0.0
3324, 0.0
3325, -0.3
3326, -0.1
3327, -0.7
3328, 0.1
3329, 0.2
3330, 0.0
3331, -0.1
3332, -0.2
3333, -0.1
3334, 0.1
3335, 0.3
3336, 0.1
3337, -0.1
3338, 0.2
3339, 0.1
3340, 0.0
3341, 0.0
3342, -0.2
3343, 0.3
3344, 0.0
3345, 0.0
3346, -0.1
3347, 0.4
3348, 0.1
3349, -0.1
3350, 0.3
3351, -0.1
3352, -0.1
3353, -0.4
3354, 0.3
3355, -0.1
3356, -0.3
3357, -0.1
3358, 0.1
3359, 0.2
3360, 0.2
3361, 0.1
3362, -0.2
3363, -0.1
3364, -0.1
3365, -0.2
3366, 0.0
3367, 0.0
3368, 0.1
3369, 0.3
3370, 0.4
3371, 0.2
3372, -0.5
3373, 0.0
3374, 0.0
3375, -0.4
3376, 0.0
3377, -0.5
3378, 0.0
3379, 0.3
3380, 0.1
3381, -0.1
3382, -0.3
3383, 0.2
3384, 0.0
3385, 0.0
3386, -0.1
3387, -0.3
3388, 0.3
3389, -0.1
3390, -0.1
3391, -0.2
3392, -0.1
3393, 0.3
3394, -0.3
3395, 0.1
3396, 0.3
3397, -0.2
3398, 0.0
3399, -0.3
3400, 0.2
3401, 0.4
3402, 0.0
3403, 0.2
3404, 0.0
3405, -0.2
3406, -0.4
3407, -0.3
3408, -0.1
3409, -0.2
3410, -0.1
3411, 0.1
3412, -0.3
3413, -0.2
3414, -0.2
3415, -0.2
3416, 0.0
3417, 0.0
3418, -0.3
3419, -0.1
3420, -0.3
3421, 0.0
3422, 0.0
3423, 0.3
3424, 0.0
3425, 0.0
3426, 0.4
3427, -0.3
3428, 0.0
3429, 0.2
3430, 0.0
3431, 0.0
3432, -0.2
3433, 0.3
3434, -0.1
3435, 0.1
3436, 0.1
3437, 0.1
3438, -0.1
3439, 0.1
3440, 0.1
3441, -0.4
3442, -0.2
3443, 0.1
3444, 0.5
3445, 0.0
3446, 0.0
3447, -0.2
3448, 0.0
3449, 0.1
3450, 0.3
3451, 0.2
3452, 0.1
3453, 0.2
3454, -0.1
3455, -0.1
3456, -0.2
3457, 0.1
3458, 0.2
3459, 0.2
3460, -0.1
3461, 0.1
3462, 0.1
3463, -0.7
3464, -0.1
3465, -0.1
3466, -0.3
3467, 0.2
3468, -0.2
3469, 0.4
3470, 0.0
3471, 0.0
3472, 0.0
3473, 0.0
3474, 0.0
3475, 0.0
3476, 0.1
3477, 0.0
3478, 0.0
3479, 0.1
3480, -0.3
3481, 0.0
3482, 0.0
3483, 0.2
3484, 0.2
3485, -0.3
3486, 0.1
3487, -0.1
3488, -0.1
3489, -0.1
3490, 0.3
3491, -0.2
3492, 0.0
3493, 0.2
3494, 0.2
3495, 0.4
3496, -0.2
3497, 0.1
3498, -0.2
3499, 0.0
3500, -0.2
3501, -0.4
3502, 0.0
3503, -0.2
3504, -0.4
3505, 0.2
3506, -0.3
3507, -0.1
3508, -0.2
3509, 0.1
3510, 0.0
3511, 0.3
3512, -0.4
3513, 0.0
3514, 0.0
3515, -0.2
3516, -0.6
3517, 0.3
3518, 0.0
3519, 0.1
3520, -0.1
3521, 0.2
3522, 0.2
3523, 0.2
3524, -0.2
3525, 0.0
3526, 0.3
3527, -0.7
3528, 0.2
3529, -0.1
3530, -0.1
3531, -0.1
3532, 0.4
3533, 0.0
3534, 0.3
3535, 0.1
3536, 0.0
3537, 0.2
3538, 0.2
3539, -0.3
3540, 0.1
3541, 0.5
3542, -0.2
3543, -0.1
3544, 0.0
3545, 0.0
3546, 0.3
3547, -0.1
3548, -0.4
3549, 0.3
3550, 0.0
3551, -0.1
3552, -0.3
3553, 0.4
3554, 0.2
3555, 0.2
3556, 0.0
3557, -0.2
3558, 0.3
3559, 0.2
3560, 0.2
3561, -0.2
3562, 0.1
3563, 0.1
3564, 0.3
3565, 0.4
3566, 0.3
3567, -0.2
3568, -0.1
3569, 0.2
3570, -0.5
3571, 0.2
3572, 0.2
3573, 0.1
3574, 0.0
3575, 0.1
3576, 0.0
3577, -0.3
3578, -0.3
3579, 0.2
3580, 0.0
3581, -0.2
3582, -0.3
3583, -0.1
3584, 0.0
3585, 0.2
3586, -0.2
3587, -0.1
3588, 0.0
3589, 0.2
3590, 0.3
3591, 0.3
3592, -0.3
3593, -0.1
3594, 0.2
3595, 0.0
3596, -0.1
3597, -0.1
3598, 0.3
3599, -0.2
3600, -0.1
3601, -0.1
3602, 0.0
3603, -0.1
3604, 0.1
3605, 0.1
3606, 0.3
3607, 0.3
3608, -0.5
3609, 0.2
3610, -0.3
3611, 0.1
3612, 0.1
3613, -0.2
3614, 0.1
3615, 0.3
3616, 0.1
3617, -0.1
3618, 0.5
3619, 0.0
3620, 0.1
3621, 0.2
3622, -0.2
3623, 0.1
3624, -0.1
3625, -0.6
3626, -0.5
3627, 0.2
3628, 0.5
3629, 0.2
3630, -0.1
3631, 0.2
3632, -0.1
3633, 0.2
3634, 0.1
3635, 0.0
3636, -0.3
3637, 0.1
3638, 0.3
3639, -0.2
3640, -0.2
3641, -0.1
3642, -0.2
3643, 0.0
3644, 0.3
3645, 0.2
3646, -0.2
3647, -0.2
3648, -0.1
3649, 0.0
3650, -0.3
3651, 0.0
3652, 0.0
3653, -0.4
3654, -0.4
3655, -0.2
3656, -0.4
3657, 0.2
3658, -0.4
3659, 0.0
3660, -0.2
3661, 0.3
3662, -0.3
3663, 0.3
3664, 0.2
3665, 0.2
3666, 0.3
3667, -0.2
3668, -0.1
3669, 0.5
3670, 0.3
3671, 0.1
3672, -0.4
3673, 0.3
3674, -0.2
3675, -0.3
3676, -0.2
3677, 0.0
3678, 0.1
3679, -0.2
3680, -0.4
3681, 0.0
3682, 0.4
3683, 0.2
3684, -0.4
3685, 0.2
3686, 0.2
3687, 0.0
3688, -0.1
3689, -0.2
3690, 0.2
3691, 0.0
3692, -0.4
3693, 0.2
3694, -0.2
3695, -0.4
3696, -0.2
3697, 0.3
3698, -0.1
3699, -0.3
3700, -0.1
3701, 0.3
3702, -0.3
3703, 0.0
3704, 0.1
3705, -0.2
3706, 0.2
3707, 0.2
3708, -0.5
3709, -0.1
3710, -0.2
3711, 0.0
3712, 0.1
3713, -0.1
3714, -0.1
3715, -0.1
3716, 0.2
3717, -0.1
3718, -0.3
3719, 0.2
3720, 0.3
3721, -0.3
3722, -0.1
3723, 0.2
3724, -0.1
3725, -0.5
3726, 0.1
3727, 0.0
3728, -0.3
3729, 0.2
3730, -0.3
3731, -0.4
3732, 0.3
3733, 0.1
3734, -0.1
3735, 0.3
3736, 0.0
3737, 0.0
3738, -0.4
3739, 0.2
3740, 0.3
3741, 0.0
3742, -0.3
3743, 0.0
3744, 0.2
3745, 0.2
3746, 0.0
3747, -0.2
3748, 0.0
3749, -0.1
3750, 0.2
3751, -0.3
3752, 0.2
3753, 0.0
3754, -0.3
3755, 0.5
3756, 0.2
3757, 0.1
3758, 0.4
3759, -0.2
3760, -0.2
3761, -0.2
3762, 0.0
3763, -0.4
3764, 0.3
3765, 0.2
3766, -0.2
3767, 0.0
3768, 0.1
3769, -0.3
3770, 0.3
3771, -0.2
3772, -0.2
3773, 0.2
3774, 0.2
3775, 0.0
3776, 0.1
3777, 0.1
3778, 0.0
3779, 0.2
3780, 0.0
3781, -0.2
3782, -0.4
3783, -0.6
3784, 0.1
3785, 0.4
3786, -0.2
3787, 0.2
3788, 0.5
3789, 0.1
3790, 0.1
3791, -0.6
3792, 0.2
3793, 0.0
3794, 0.2
3795, 0.0
3796, -0.1
3797, 0.0
3798, 0.1
3799, 0.1
3800, 0.0
3801, 0.2
3802, 0.3
3803, 0.0
3804, 0.2
3805, -0.2
3806, 0.0
3807, 0.2
3808, -0.1
3809, 0.3
3810, -0.1
3811, 0.1
3812, 0.3
3813, -0.1
3814, -0.5
3815, -0.1
3816, -0.3
3817, 0.0
3818, 0.2
3819, -0.1
3820, 0.0
3821, 0.2
3822, -0.2
3823, -0.2
3824, -0.1
3825, 0.1
3826, -0.1
3827, 0.2
3828, -0.2
3829, 0.1
3830, 0.3
3831, -0.1
3832, -0.1
3833, 0.0
3834, -0.3
3835, 0.0
3836, 0.2
3837, -0.1
3838, -0.4
3839, 0.1
3840, -0.1
3841, 0.1
3842, 0.3
3843, 0.2
3844, -0.1
3845, -0.3
3846, 0.1
3847, -0.1
3848, 0.2
3849, 0.0
3850, -0.6
3851, -0.4
3852, 0.2
3853, -0.3
3854, 0.1
3855, 0.2
3856, -0.2
3857, -0.3
3858, -0.1
3859, -0.1
3860, -0.2
3861, -0.1
3862, 0.0
3863, 0.0
3864, -0.1
3865, 0.0
3866, 0.2
3867, 0.0
3868, -0.4
3869, 0.4
3870, 0.0
3871, 0.1
3872, 0.0
3873, -0.2
3874, -0.1
3875, 0.2
3876, 0.1
3877, 0.0
3878, 0.0
3879, -0.2
3880, -0.4
3881, -0.1
3882, -0.1
3883, 0.0
3884, 0.0
3885, -0.1
3886, 0.4
3887, 0.0
3888, -0.6
3889, 0.1
3890, 0.1
3891, 0.0
3892, 0.1
3893, -0.1
3894, -0.2
3895, 0.0
3896, 0.0
3897, 0.0
3898, 0.0
3899, 0.1
3900, 0.0
3901, 0.3
3902, 0.1
3903, 0.1
3904, -0.1
3905, 0.1
3906, 0.2
3907, 0.0
3908, -0.1
3909, -0.1
3910, -0.1
3911, 0.0
3912, 0.2
3913, 0.2
3914, -0.2
3915, 0.3
3916, -0.1
3917, 0.3
3918, 0.0
3919, 0.2
3920, 0.2
3921, 0.1
3922, -0.3
3923, -0.5
3924, 0.0
3925, -0.1
3926, 0.3
3927, -0.2
3928, -0.4
3929, 0.3
3930, 0.0
3931, 0.2
3932, 0.0
3933, -0.2
3934, 0.4
3935, 0.2
3936, 0.1
3937, -0.1
3938, 0.1
3939, -0.1
3940, 0.1
3941, 0.3
3942, 0.1
3943, -0.1
3944, -0.1
3945, 0.0
3946, -0.1
3947, -0.4
3948, -0.2
3949, 0.0
3950, 0.3
3951, 0.0
3952, 0.1
3953, -0.2
3954, 0.1
3955, -0.1
3956, 0.1
3957, 0.2
3958, -0.2
3959, 0.0
3960, 0.2
3961, 0.2
3962, 0.4
3963, 0.1
3964, 0.0
3965, -0.2
3966, -0.1
3967, 0.1
3968, 0.3
3969, 0.3
3970, 0.2
3971, -0.5
3972, 0.1
3973, -0.3
3974, 0.3
3975, 0.4
3976, -0.4
3977, 0.0
3978, 0.0
3979, -0.5
3980, 0.1
3981, 0.2
3982, 0.1
3983, 0.2
3984, 0.1
3985, -0.1
3986, 0.3
3987, -0.2
3988, -0.1
3989, 0.0
3990, 0.0
3991, 0.3
3992, 0.2
3993, -0.2
3994, 0.0
3995, -0.5
3996, -0.1
3997, -0.3
3998, 0.1
3999, 0.2
