0, 0.0
1, -0.3
2, 0.2
3, 0.5
4, 0.5
5, -0.3
6, 0.3
7, 0.1
8, 0.1
9, 0.0
10, 0.0
11, 0.0
12, -0.1
13, 0.1
14, 0.2
15, 0.1
16, -0.1
17, 0.2
18, -0.3
19, -0.1
20, -0.1
21, 0.3
22, -0.4
23, -0.1
24, 0.2
25, 0.0
26, 0.4
27, -0.2
28, -0.2
29, -0.1
30, -0.3
31, 0.2
32, -0.1
33, 0.1
34, 0.0
35, 0.0
36, 0.1
37, -0.3
38, 0.3
39, 0.2
40, 0.5
41, 0.4
42, 0.3
43, 0.1
44, -0.3
45, -0.3
46, -0.4
47, -0.3
48, 0.5
49, 0.0
50, 0.1
51, -0.1
52, -0.4
53, 0.4
54, 0.0
55, 0.0
56, -0.1
57, 0.3
58, 0.4
59, -0.2
60, 0.3
61, 0.1
62, 0.2
63, -0.1
64, -0.2
65, -0.1
66, 0.0
67, 0.1
68, -0.2
69, -0.2
70, 0.0
71, -0.2
72, -0.1
73, 0.0
74, 0.0
75, -0.1
76, 0.4
77, 0.2
78, -0.4
79, 0.0
80, 0.3
81, -0.2
82, -0.3
83, 0.3
84, 0.1
85, 0.1
86, 0.0
87, 0.2
88, 0.2
89, 0.4
90, 0.0
91, 0.0
92, -0.1
93, -0.4
94, -0.4
95, -0.5
96, 0.0
97, 0.3
98, 0.0
99, 0.0
100, -0.1
101, 0.1
102, 0.2
103, 0.1
104, 0.2
105, -0.1
106, 0.2
107, 0.2
108, -0.7
109, -0.1
110, 0.5
111, -0.2
112, 0.0
113, 0.4
114, 0.1
115, 0.0
116, 0.2
117, 0.0
118, -0.1
119, -0.1
120, 0.1
121, -0.1
122, -0.1
123, 0.3
124, -0.2
125, 0.1
126, -0.2
127, -0.4
128, 0.3
129, 0.0
130, 0.0
131, -0.3
132, -0.1
133, 0.0
134, 0.5
135, -0.3
136, -0.3
137, -0.3
138, 0.0
139, -0.1
140, 0.1
141, -0.1
142, -0.2
143, 0.0
144, 0.0
145, -0.2
146, -0.1
147, -0.1
148, -0.2
149, 0.0
150, -0.4
151, 0.1
152, 0.1
153, 0.2
154, 0.0
155, -0.2
156, 0.1
157, 0.2
158, -0.3
159, 0.3
160, 0.0
161, -0.5
162, 0.4
163, -0.1
164, 0.4
165, 0.3
166, 0.0
167, -0.2
168, -0.3
169, -0.1
170, -0.1
171, 0.2
172, 0.0
173, -0.4
174, 0.3
175, -0.1
176, 0.3
177, -0.2
178, -0.1
179, 0.2
180, 0.0
181, -0.3
182, -0.1
183, 0.2
184, -0.2
185, -0.2
186, 0.2
187, -0.2
188, -0.2
189, 0.3
190, 0.0
191, 0.1
192, 0.1
193, 0.1
194, 0.3
195, -0.1
196, 0.3
197, 0.1
198, 0.0
199, 0.0
200, -0.1
201, 0.2
202, 0.1
203, 0.3
204, 0.0
205, -0.1
206, -0.1
207, -0.1
208, 0.1
209, 0.1
210, -0.1
211, 0.2
212, 0.7
213, -0.2
214, 0.6
215, 0.1
216, -0.3
217, -0.3
218, 0.1
219, 0.3
220, 0.2
221, 0.0
222, -0.1
223, -0.2
224, -0.3
225, 0.2
226, -0.1
227, 0.1
228, 0.3
229, -0.1
230, 0.3
231, -0.1
232, -0.2
233, -0.1
234, 0.1
235, -0.3
236, -0.1
237, -0.3
238, -0.1
239, 0.1
240, -0.1
241, -0.1
242, 0.3
243, 0.1
244, -0.1
245, -0.1
246, -0.1
247, 0.5
248, 0.2
249, 0.3
250, -0.1
251, -0.4
252, -0.3
253, 0.0
254, 0.3
255, -0.1
256, -0.4
257, -0.2
258, 0.3
259, 0.4
260, 0.0
261, 0.1
262, -0.1
263, 0.2
264, 0.1
265, 0.2
266, 0.3
267, 0.1
268, 0.0
269, 0.1
270, -0.1
271, 0.1
272, -0.3
273, -0.2
274, 0.3
275, -0.3
276, 0.4
277, -0.2
278, 0.1
279, -0.2
280, 0.3
281, 0.2
282, 0.4
283, 0.3
284, -0.3
285, 0.1
286, -0.1
287, 0.1
288, -0.2
289, -0.3
290, -0.2
291, -0.2
292, 0.2
293, 0.4
294, -0.1
295, 0.1
296, 0.0
297, 0.2
298, 0.0
299, 0.3
300, -0.1
301, 0.0
302, 0.0
303, -0.1
304, 0.0
305, -0.1
306, 0.0
307, 0.0
308, -0.2
309, 0.1
310, 0.2
311, 0.1
312, 0.0
313, 0.3
314, 0.1
315, -0.3
316, 0.2
317, 0.2
318, -0.3
319, 0.3
320, 0.2
321, 0.0
322, -0.1
323, 0.4
324, 0.0
325, 0.0
326, -0.1
327, 0.3
328, 0.0
329, -0.3
330, 0.3
331, 0.1
332, 0.1
333, -0.2
334, 0.1
335, 0.0
336, -0.2
337, 0.3
338, 0.2
339, 0.2
340, 0.3
341, -0.4
342, 0.0
343, 0.1
344, 0.4
345, 0.3
346, 0.1
347, 0.4
348, -0.2
349, 0.4
350, 0.2
351, 0.4
352, 0.1
353, -0.1
354, 0.2
355, -0.2
356, 0.0
357, -0.2
358, 0.1
359, -0.3
360, -0.4
361, -0.1
362, 0.1
363, -0.4
364, -0.1
365, 0.2
366, 0.3
367, 0.1
368, 0.2
369, 0.0
370, 0.4
371, 0.1
372, 0.3
373, 0.2
374, -0.1
375, 0.2
376, 0.1
377, -0.4
378, -0.1
379, 0.1
380, -0.6
381, -0.1
382, 0.0
383, 0.4
384, 0.1
385, 0.2
386, 0.2
387, 0.1
388, 0.1
389, 0.0
390, 0.0
391, 0.0
392, -0.2
393, 0.3
394, -0.1
395, -0.1
396, 0.0
397, -0.2
398, -0.6
399, 0.4
400, 0.2
401, 0.0
402, 0.0
403, 0.1
404, 0.1
405, 0.2
406, -0.1
407, 0.2
408, -0.4
409, -0.1
410, 0.0
411, 0.0
412, -0.1
413, 0.2
414, 0.2
415, -0.1
416, -0.1
417, -0.1
418, 0.0
419, -0.1
420, 0.3
421, -0.1
422, 0.1
423, 0.3
424, -0.2
425, 0.3
426, 0.2
427, 0.3
428, 0.0
429, 0.1
430, -0.5
431, 0.5
432, 0.1
433, 0.2
434, -0.2
435, 0.2
436, -0.1
437, 0.3
438, 0.0
439, 0.1
440, -0.3
441, -0.3
442, 0.2
443, -0.3
444, -0.1
445, 0.0
446, 0.2
447, -0.6
448, 0.2
449, -0.4
450, -0.2
451, -0.2
452, -0.2
453, -0.1
454, -0.1
455, 0.4
456, -0.5
457, 0.1
458, -0.2
459, 0.3
460, 0.3
461, 0.0
462, 0.2
463, -0.2
464, -0.7
465, 0.1
466, -0.5
467, 0.3
468, -0.3
469, -0.1
470, 0.2
471, -0.1
472, 0.1
473, -0.1
474, 0.0
475, -0.2
476, 0.0
477, -0.1
478, 0.2
479, 0.0
480, -0.1
481, -0.6
482, -0.3
483, -0.1
484, -0.1
485, -0.2
486, 0.2
487, 0.4
488, -0.6
489, -0.1
490, 0.2
491, -0.2
492, 0.1
493, 0.3
494, 0.0
495, 0.0
496, 0.0
497, -0.2
498, 0.3
499, 0.1
500, -0.1
501, -0.2
502, 0.2
503, 0.1
504, -0.2
505, 0.0
506, -0.1
507, -0.3
508, 0.0
509, 0.4
510, -0.5
511, -0.1
512, 0.0
513, -0.1
514, -0.2
515, 0.1
516, 0.3
517, 0.0
518, -0.1
519, 0.0
520, 0.2
521, 0.1
522, 0.1
523, 0.3
524, 0.1
525, -0.1
526, -0.1
527, 0.5
528, 0.0
529, 0.3
530, -0.4
531, -0.1
532, -0.1
533, 0.3
534, -0.2
535, 0.0
536, 0.1
537, -0.1
538, 0.1
539, -0.6
540, 0.1
541, 0.0
542, 0.4
543, 0.1
544, -0.5
545, 0.1
546, 0.3
547, 0.1
548, 0.2
549, -0.2
550, 0.3
551, -0.1
552, 0.1
553, -0.1
554, 0.2
555, -0.1
556, 0.1
557, -0.1
558, -0.1
559, -0.4
560, -0.2
561, 0.0
562, -0.1
563, 0.3
564, 0.1
565, 0.1
566, 0.2
567, -0.1
568, 0.1
569, 0.1
570, -0.2
571, -0.5
572, 0.1
573, 0.6
574, 0.1
575, 0.2
576, -0.1
577, -0.2
578, 0.2
579, 0.0
580, -0.2
581, -0.2
582, -0.1
583, 0.2
584, -0.3
585, 0.0
586, -0.2
587, -0.1
588, -0.1
589, -0.1
590, 0.0
591, -0.1
592, 0.1
593, 0.0
594, 0.0
595, 0.4
596, -0.2
597, 0.1
598, -0.2
599, -0.1
600, -0.3
601, -0.2
602, 0.1
603, -0.2
604, 0.1
605, 0.2
606, -0.1
607, 0.2
608, 0.0
609, -0.5
610, 0.1
611, -0.2
612, -0.4
613, 0.0
614, 0.1
615, 0.1
616, 0.1
617, 0.4
618, -0.1
619, 0.4
620, -0.3
621, 0.1
622, 0.0
623, -0.3
624, 0.3
625, -0.3
626, 0.1
627, 0.1
628, -0.1
629, -0.4
630, 0.1
631, 0.0
632, 0.2
633, -0.2
634, -0.1
635, 0.1
636, -0.1
637, 0.3
638, -0.3
639, 0.3
640, -0.2
641, -0.3
642, 0.0
643, -0.1
644, -0.3
645, 0.1
646, -0.1
647, 0.1
648, 0.3
649, 0.0
650, 0.0
651, -0.4
652, 0.2
653, 0.1
654, 0.2
655, 0.2
656, 0.0
657, 0.0
658, -0.1
659, -0.2
660, 0.0
661, 0.0
662, 0.0
663, 0.0
664, -0.3
665, 0.2
666, -0.1
667, 0.1
668, 0.2
669, 0.4
670, -0.4
671, -0.4
672, -0.2
673, 0.5
674, -0.2
675, 0.1
676, 0.1
677, 0.2
678, -0.3
679, -0.3
680, 0.0
681, 0.1
682, 0.4
683, 0.1
684, 0.2
685, 0.2
686, 0.0
687, -0.6
688, 0.1
689, 0.3
690, 0.0
691, 0.3
692, 0.4
693, 0.0
694, 0.0
695, 0.1
696, -0.3
697, 0.1
698, 0.1
699, 0.2
700, 0.1
701, 0.0
702, 0.1
703, 0.4
704, -0.2
705, -0.1
706, 0.2
707, -0.4
708, 0.0
709, -0.1
710, 0.5
711, -0.1
712, 0.1
713, 0.0
714, 0.1
715, 0.3
716, 0.3
717, -0.2
718, -0.3
719, 0.0
720, 0.1
721, -0.3
722, 0.2
723, -0.1
724, 0.4
725, 0.0
726, 0.0
727, 0.0
728, 0.1
729, 0.3
730, 0.4
731, -0.1
732, 0.0
733, 0.4
734, -0.2
735, 0.0
736, -0.2
737, -0.3
738, 0.2
739, 0.0
740, 0.0
741, 0.1
742, 0.4
743, -0.2
744, -0.2
745, 0.2
746, 0.1
747, -0.3
748, 0.3
749, -0.1
750, -0.3
751, -0.2
752, -0.1
753, 0.5
754, -0.1
755, -0.3
756, 0.1
757, 0.2
758, -0.5
759, 0.0
760, 0.1
761, 0.2
762, -0.2
763, 0.1
764, 0.1
765, 0.3
766, 0.0
767, 0.2
768, -0.2
769, -0.3
770, 0.3
771, -0.3
772, 0.0
773, -0.1
774, 0.0
775, -0.2
776, 0.0
777, -0.3
778, -0.1
779, 0.2
780, 0.0
781, 0.4
782, 0.0
783, -0.6
784, -0.3
785, 0.0
786, 0.1
787, 0.5
788, -0.2
789, -0.1
790, -0.4
791, 0.0
792, 0.2
793, -0.4
794, 0.1
795, 0.2
796, -0.1
797, 0.0
798, -0.2
799, 0.4
800, 0.1
801, 0.0
802, -0.1
803, 0.4
804, 0.2
805, -0.3
806, 0.0
807, -0.3
808, -0.1
809, 0.3
810, -0.1
811, -0.2
812, -0.3
813, -0.3
814, 0.0
815, 0.0
816, -0.4
817, 0.1
818, 0.0
819, -0.5
820, 0.3
821, -0.2
822, 0.0
823, 0.1
824, -0.4
825, 0.2
826, -0.1
827, 0.1
828, 0.2
829, -0.1
830, -0.3
831, 0.3
832, -0.1
833, 0.0
834, 0.4
835, 0.1
836, 0.2
837, -0.2
838, -0.3
839, 0.0
840, 0.1
841, 0.3
842, 0.3
843, 0.1
844, 0.2
845, -0.2
846, 0.2
847, -0.3
848, 0.3
849, 0.2
850, 0.2
851, 0.0
852, 0.2
853, 0.2
854, -0.2
855, 0.1
856, 0.2
857, 0.2
858, 0.3
859, 0.2
860, 0.5
861, -0.2
862, 0.2
863, 0.0
864, -0.4
865, -0.2
866, 0.2
867, 0.1
868, 0.0
869, 0.4
870, 0.2
871, 0.2
872, 0.3
873, -0.1
874, 0.1
875, -0.3
876, -0.1
877, -0.1
878, -0.1
879, -0.6
880, -0.4
881, 0.0
882, 0.1
883, -0.2
884, 0.1
885, -0.1
886, 0.2
887, 0.0
888, 0.0
889, 0.4
890, 0.0
891, 0.0
892, 0.0
893, 0.0
894, 0.3
895, 0.3
896, 0.2
897, -0.3
898, -0.2
899, -0.1
900, 0.4
901, 0.3
902, -0.3
903, -0.1
904, 0.3
905, -0.2
906, 0.0
907, -0.1
908, -0.2
909, 0.1
910, 0.1
911, -0.1
912, 0.2
913, 0.3
914, 0.2
915, -0.2
916, -0.3
917, 0.0
918, 0.2
919, -0.1
920, 0.2
921, -0.3
922, -0.1
923, 0.0
924, 0.3
925, -0.2
926, -0.6
927, 0.2
928, 0.2
929, 0.3
930, 0.0
931, 0.3
932, 0.4
933, 0.2
934, -0.1
935, -0.1
936, -0.1
937, 0.1
938, -0.1
939, -0.3
940, 0.2
941, -0.3
942, -0.6
943, 0.5
944, -0.4
945, 0.3
946, 0.0
947, -0.1
948, 0.1
949, 0.1
950, -0.1
951, -0.2
952, 0.4
953, 0.2
954, -0.1
955, -0.3
956, -0.3
957, 0.1
958, 0.1
959, 0.0
960, 0.0
961, 0.1
962, -0.3
963, 0.1
964, 0.1
965, 0.5
966, 0.2
967, 0.1
968, 0.1
969, 0.2
970, 0.0
971, -0.1
972, -0.3
973, 0.0
974, -0.2
975, -0.4
976, -0.1
977, -0.4
978, -0.1
979, -0.3
980, 0.3
981, 0.2
982, 0.2
983, 0.1
984, 0.2
985, 0.0
986, 0.5
987, 0.0
988, 0.0
989, 0.4
990, -0.1
991, 0.1
992, -0.4
993, 0.0
994, -0.1
995, -0.2
996, 0.3
997, 0.0
998, 0.1
999, 0.1
1000, 0.1
1001, 0.1
1002, 0.0
1003, -0.2
1004, 0.3
1005, 0.1
1006, -0.1
1007, -0.2
1008, -0.7
1009, 0.3
1010, 0.0
1011, 0.0
1012, 0.0
1013, 0.0
1014, 0.2
1015, 0.0
1016, 0.1
1017, -0.1
1018, 0.2
1019, 0.0
1020, -0.1
1021, -0.5
1022, -0.1
1023, -0.1
1024, -0.2
1025, -0.1
1026, -0.1
1027, 0.1
1028, 0.4
1029, 0.0
1030, -0.2
1031, -0.1
1032, 0.0
1033, 0.0
1034, 0.2
1035, 0.1
1036, -0.1
1037, 0.0
1038, 0.2
1039, -0.2
1040, 0.0
1041, 0.3
1042, -0.3
1043, 0.1
1044, 0.5
1045, -0.1
1046, -0.1
1047, 0.0
1048, 0.4
1049, -0.2
1050, -0.4
1051, -0.1
1052, 0.2
1053, -0.2
1054, -0.3
1055, -0.2
1056, 0.3
1057, -0.4
1058, 0.3
1059, -0.3
1060, -0.4
1061, 0.3
1062, 0.2
1063, -0.1
1064, 0.3
1065, 0.2
1066, -0.1
1067, -0.4
1068, 0.1
1069, -0.1
1070, -0.5
1071, 0.1
1072, 0.0
1073, 0.2
1074, 0.4
1075, 0.3
1076, 0.4
1077, 0.1
1078, 0.2
1079, 0.3
1080, -0.1
1081, -0.2
1082, -0.2
1083, 0.3
1084, -0.2
1085, 0.2
1086, 0.0
1087, 0.2
1088, -0.4
1089, -0.3
1090, 0.3
1091, 0.1
1092, -0.3
1093, -0.2
1094, 0.2
1095, -0.1
1096, 0.5
1097, 0.1
1098, -0.1
1099, -0.3
1100, 0.2
1101, -0.4
1102, -0.2
1103, -0.1
1104, 0.0
1105, -0.3
1106, -0.1
1107, 0.1
1108, -0.3
1109, -0.1
1110, -0.4
1111, -0.1
1112, -0.1
1113, 0.3
1114, 0.0
1115, 0.0
1116, -0.1
1117, -0.2
1118, -0.3
1119, -0.1
1120, 0.0
1121, -0.2
1122, -0.1
1123, 0.0
1124, 0.5
1125, 0.0
1126, 0.0
1127, 0.2
1128, -0.5
1129, 0.2
1130, 0.1
1131, -0.1
1132, -0.2
1133, -0.3
1134, 0.4
1135, -0.2
1136, -0.2
1137, -0.3
1138, 0.1
1139, 0.2
1140, 0.0
1141, 0.1
1142, 0.5
1143, 0.1
1144, 0.2
1145, 0.4
1146, -0.1
1147, -0.5
1148, -0.2
1149, -0.4
1150, -0.1
1151, 0.0
1152, 0.3
1153, 0.1
1154, -0.5
1155, -0.1
1156, 0.4
1157, -0.5
1158, 0.0
1159, 0.0
1160, -0.6
1161, -0.1
1162, 0.1
1163, -0.2
1164, -0.3
1165, 0.5
1166, 0.2
1167, -0.2
1168, -0.2
1169, 0.4
1170, -0.1
1171, 0.1
1172, -0.3
1173, 0.4
1174, -0.2
1175, 0.0
1176, -0.1
1177, 0.2
1178, 0.4
1179, 0.1
1180, -0.2
1181, -0.3
1182, 0.1
1183, 0.3
1184, 0.0
1185, -0.4
1186, -0.2
1187, -0.1
1188, 0.2
1189, 0.1
1190, 0.4
1191, 0.5
1192, 0.0
1193, -0.1
1194, 0.2
1195, -0.1
1196, 0.3
1197, 0.0
1198, 0.4
1199, 0.0
1200, 0.1
1201, 0.0
1202, -0.1
1203, 0.0
1204, -0.1
1205, 0.1
1206, 0.2
1207, 0.1
1208, 0.4
1209, 0.1
1210, 0.1
1211, 0.2
1212, -0.3
1213, 0.0
1214, 0.1
1215, -0.1
1216, -0.1
1217, 0.0
1218, 0.3
1219, -0.2
1220, -0.3
1221, 0.1
1222, -0.1
1223, -0.2
1224, 0.2
1225, 0.0
1226, -0.1
1227, 0.0
1228, 0.1
1229, 0.2
1230, 0.0
1231, -0.3
1232, 0.0
1233, 0.2
1234, 0.5
1235, 0.0
1236, -0.3
1237, 0.1
1238, 0.1
1239, 0.2
1240, 0.0
1241, -0.1
1242, -0.3
1243, -0.3
1244, -0.2
1245, -0.3
1246, 0.0
1247, 0.1
1248, 0.0
1249, 0.0
1250, -0.1
1251, 0.4
1252, -0.1
1253, 0.1
1254, 0.0
1255, -0.6
1256, 0.0
1257, -0.1
1258, -0.4
1259, -0.1
1260, 0.3
1261, 0.0
1262, 0.1
1263, -0.1
1264, -0.1
1265, -0.5
1266, -0.1
1267, -0.4
1268, -0.2
1269, 0.3
1270, 0.1
1271, 0.1
1272, 0.1
1273, -0.4
1274, -0.4
1275, -0.4
1276, -0.3
1277, 0.1
1278, -0.2
1279, 0.0
1280, 0.1
1281, -0.3
1282, -0.1
1283, -0.3
1284, 0.0
1285, -0.3
1286, 0.1
1287, 0.1
1288, 0.2
1289, 0.2
1290, 0.1
1291, -0.2
1292, 0.1
1293, -0.1
1294, -0.1
1295, -0.2
1296, -0.2
1297, -0.2
1298, 0.0
1299, 0.3
1300, -0.6
1301, 0.3
1302, -0.2
1303, 0.1
1304, 0.3
1305, -0.3
1306, 0.1
1307, -0.4
1308, 0.4
1309, 0.1
1310, -0.1
1311, 0.1
1312, 0.0
1313, -0.1
1314, -0.1
1315, -0.2
1316, 0.2
1317, -0.2
1318, 0.3
1319, -0.3
1320, 0.3
1321, -0.3
1322, 0.0
1323, 0.1
1324, 0.1
1325, 0.0
1326, 0.1
1327, -0.2
1328, -0.2
1329, -0.1
1330, 0.0
1331, 0.4
1332, -0.1
1333, 0.1
1334, 0.3
1335, -0.2
1336, -0.1
1337, -0.2
1338, -0.1
1339, 0.1
1340, 0.1
1341, 0.5
1342, -0.3
1343, 0.1
1344, 0.0
1345, 0.3
1346, 0.3
1347, 0.3
1348, 0.3
1349, 0.1
1350, -0.1
1351, -0.2
1352, -0.1
1353, 0.0
1354, -0.3
1355, 0.0
1356, 0.1
1357, 0.4
1358, 0.0
1359, -0.2
1360, 0.5
1361, 0.1
1362, 0.1
1363, 0.3
1364, -0.2
1365, 0.3
1366, 0.3
1367, -0.1
1368, 0.3
1369, 0.1
1370, -0.1
1371, -0.1
1372, -0.2
1373, 0.0
1374, -0.5
1375, 0.1
1376, -0.1
1377, -0.3
1378, -0.1
1379, -0.2
1380, 0.1
1381, 0.1
1382, 0.2
1383, 0.3
1384, 0.1
1385, 0.0
1386, -0.1
1387, -0.1
1388, -0.5
1389, -0.3
1390, -0.5
1391, -0.1
1392, 0.2
1393, 0.0
1394, 0.3
1395, -0.1
1396, -0.1
1397, 0.1
1398, -0.1
1399, 0.2
1400, 0.0
1401, 0.0
1402, 0.2
1403, 0.1
1404, -0.4
1405, -0.2
1406, 0.0
1407, -0.6
1408, -0.4
1409, -0.3
1410, 0.2
1411, 0.2
1412, 0.3
1413, 0.0
1414, 0.0
1415, 0.3
1416, 0.0
1417, 0.2
1418, -0.2
1419, -0.2
1420, 0.0
1421, 0.2
1422, 0.0
1423, -0.1
1424, 0.0
1425, 0.1
1426, 0.2
1427, 0.0
1428, 0.2
1429, -0.1
1430, -0.1
1431, 0.3
1432, 0.2
1433, 0.4
1434, -0.2
1435, 0.0
1436, -0.2
1437, 0.3
1438, 0.3
1439, -0.1
1440, 0.0
1441, 0.5
1442, -0.6
1443, -0.3
1444, 0.1
1445, -0.1
1446, 0.2
1447, 0.2
1448, 0.2
1449, -0.3
1450, -0.2
1451, -0.3
1452, -0.1
1453, 0.1
1454, -0.1
1455, 0.0
1456, 0.0
1457, 0.0
1458, 0.5
1459, -0.1
1460, 0.0
1461, -0.1
1462, 0.3
1463, -0.1
1464, -0.4
1465, 0.0
1466, -0.3
1467, -0.1
1468, -0.2
1469, 0.1
1470, 0.0
1471, 0.0
1472, -0.3
1473, -0.3
1474, -0.3
1475, -0.2
1476, 0.1
1477, -0.1
1478, 0.0
1479, 0.1
1480, 0.2
1481, 0.0
1482, 0.0
1483, 0.2
1484, 0.0
1485, 0.2
1486, -0.1
1487, 0.2
1488, -0.3
1489, -0.4
1490, -0.2
1491, 0.3
1492, 0.3
1493, -0.1
1494, 0.0
1495, 0.3
1496, 0.4
1497, -0.2
1498, 0.3
1499, -0.1
1500, -0.4
1501, 0.2
1502, 0.1
1503, 0.0
1504, -0.1
1505, 0.0
1506, -0.5
1507, -0.2
1508, 0.2
1509, -0.4
1510, 0.4
1511, 0.1
1512, 0.3
1513, -0.2
1514, 0.1
1515, 0.2
1516, 0.3
1517, -0.1
1518, 0.1
1519, -0.2
1520, -0.1
1521, -0.1
1522, 0.3
1523, 0.0
1524, 0.2
1525, 0.0
1526, 0.0
1527, -0.4
1528, -0.1
1529, 0.1
1530, -0.3
1531, -0.7
1532, -0.3
1533, 0.2
1534, 0.3
1535, -0.2
1536, -0.5
1537, 0.1
1538, 0.3
1539, 0.0
1540, 0.3
1541, 0.1
1542, 0.2
1543, -0.1
1544, 0.0
1545, 0.2
1546, -0.3
1547, -0.1
1548, 0.1
1549, 0.3
1550, -0.1
1551, -0.1
1552, -0.2
1553, 0.5
1554, 0.3
1555, 0.2
1556, -0.1
1557, 0.2
1558, 0.2
1559, 0.0
1560, -0.1
1561, -0.1
1562, 0.1
1563, 0.2
1564, 0.0
1565, 0.2
1566, -0.4
1567, -0.1
1568, -0.3
1569, 0.1
1570, 0.4
1571, 0.0
1572, 0.0
1573, -0.3
1574, 0.1
1575, -0.2
1576, -0.1
1577, 0.0
1578, -0.1
1579, 0.2
1580, -0.1
1581, 0.1
1582, 0.1
1583, 0.3
1584, -0.2
1585, 0.0
1586, 0.3
1587, -0.1
1588, 0.2
1589, -0.1
1590, 0.0
1591, -0.3
1592, 0.2
1593, 0.0
1594, 0.3
1595, -0.2
1596, 0.0
1597, -0.3
1598, 0.1
1599, 0.2
1600, 0.1
1601, -0.1
1602, 0.3
1603, 0.1
1604, 0.0
1605, -0.4
1606, 0.0
1607, -0.1
1608, 0.1
1609, 0.3
1610, -0.2
1611, 0.5
1612, -0.1
1613, -0.4
1614, -0.2
1615, 0.0
1616, 0.2
1617, 0.1
1618, 0.3
1619, 0.1
1620, -0.1
1621, 0.2
1622, -0.6
1623, 0.1
1624, 0.4
1625, 0.2
1626, 0.1
1627, -0.2
1628, -0.1
1629, -0.4
1630, 0.2
1631, 0.1
1632, 0.1
1633, -0.2
1634, -0.1
1635, -0.5
1636, 0.2
1637, 0.3
1638, -0.2
1639, 0.2
1640, 0.1
1641, 0.2
1642, -0.1
1643, -0.1
1644, 0.0
1645, -0.4
1646, -0.4
1647, -0.2
1648, 0.1
1649, -0.2
1650, 0.1
1651, 0.3
1652, 0.4
1653, -0.4
1654, -0.2
1655, -0.3
1656, 0.0
1657, 0.0
1658, -0.2
1659, 0.4
1660, 0.2
1661, -0.1
1662, 0.3
1663, -0.4
1664, -0.1
1665, 0.1
1666, -0.2
1667, -0.3
1668, -0.1
1669, 0.1
1670, -0.5
1671, 0.2
1672, -0.1
1673, 0.0
1674, -0.2
1675, 0.1
1676, -0.1
1677, -0.3
1678, -0.2
1679, 0.2
1680, -0.2
1681, 0.1
1682, -0.4
1683, -0.1
1684, 0.1
1685, 0.1
1686, 0.0
1687, -0.2
1688, 0.2
1689, 0.2
1690, 0.1
1691, 0.1
1692, 0.3
1693, 0.2
1694, -0.1
1695, -0.1
1696, -0.1
1697, 0.1
1698, 0.1
1699, 0.0
1700, 0.0
1701, -0.2
1702, 0.0
1703, 0.2
1704, 0.0
1705, 0.0
1706, 0.4
1707, 0.0
1708, 0.0
1709, -0.1
1710, -0.1
1711, 0.0
1712, -0.4
1713, 0.0
1714, 0.2
1715, 0.0
1716, 0.3
1717, 0.1
1718, -0.1
1719, -0.1
1720, -0.3
1721, 0.0
1722, -0.1
1723, 0.0
1724, 0.1
1725, 0.0
1726, 0.2
1727, -0.1
1728, -0.4
1729, 0.2
1730, 0.2
1731, -0.2
1732, 0.4
1733, 0.3
1734, 0.2
1735, -0.3
1736, 0.4
1737, 0.4
1738, 0.2
1739, 0.2
1740, -0.1
1741, 0.1
1742, -0.2
1743, 0.1
1744, 0.2
1745, -0.4
1746, 0.0
1747, 0.0
1748, 0.2
1749, -0.1
1750, -0.1
1751, 0.2
1752, -0.3
1753, 0.4
1754, -0.2
1755, -0.1
1756, 0.0
1757, 0.0
1758, -0.1
1759, -0.2
1760, 0.0
1761, 0.0
1762, 0.2
1763, -0.1
1764, -0.1
1765, -0.2
1766, 0.0
1767, 0.2
1768, 0.3
1769, -0.3
1770, -0.1
1771, 0.1
1772, -0.4
1773, -0.2
1774, 0.0
1775, -0.2
1776, 0.2
1777, -0.1
1778, -0.7
1779, -0.2
1780, 0.0
1781, 0.0
1782, 0.1
1783, -0.1
1784, 0.1
1785, 0.2
1786, 0.0
1787, -0.2
1788, 0.3
1789, 0.2
1790, 0.0
1791, 0.1
1792, -0.2
1793, -0.1
1794, 0.4
1795, 0.1
1796, 0.0
1797, 0.4
1798, 0.3
1799, 0.2
1800, -0.1
1801, 0.4
1802, -0.3
1803, -0.3
1804, 0.3
1805, 0.3
1806, 0.2
1807, 0.0
1808, 0.2
1809, -0.4
1810, 0.2
1811, -0.1
1812, -0.3
1813, -0.1
1814, 0.0
1815, 0.0
1816, -0.3
1817, -0.1
1818, -0.2
1819, 0.1
1820, -0.1
1821, 0.1
1822, 0.0
1823, -0.1
1824, 0.0
1825, 0.0
1826, 0.0
1827, 0.0
1828, 0.1
1829, -0.6
1830, -0.2
1831, -0.3
1832, 0.2
1833, 0.3
1834, 0.0
1835, -0.5
1836, -0.4
1837, 0.2
1838, 0.1
1839, 0.4
1840, 0.2
1841, -0.1
1842, 0.3
1843, -0.1
1844, -0.4
1845, -0.2
1846, 0.0
1847, 0.0
1848, 0.0
1849, 0.0
1850, 0.1
1851, 0.0
1852, 0.3
1853, 0.0
1854, 0.0
1855, 0.2
1856, -0.1
1857, -0.2
1858, -0.3
1859, 0.1
1860, -0.5
1861, 0.5
1862, -0.2
1863, 0.2
1864, 0.4
1865, 0.3
1866, 0.1
1867, 0.1
1868, 0.2
1869, -0.4
1870, 0.2
1871, -0.2
1872, -0.1
1873, -0.1
1874, 0.1
1875, 0.0
1876, 0.1
1877, 0.1
1878, -0.3
1879, -0.4
1880, 0.2
1881, -0.4
1882, -0.1
1883, -0.1
1884, 0.2
1885, -0.1
1886, 0.0
1887, -0.2
1888, 0.1
1889, 0.2
1890, 0.1
1891, 0.0
1892, -0.2
1893, 0.3
1894, 0.3
1895, 0.4
1896, 0.0
1897, -0.3
1898, 0.0
1899, -0.3
1900, 0.1
1901, 0.0
1902, 0.3
1903, 0.1
1904, -0.4
1905, 0.2
1906, 0.3
1907, 0.4
1908, -0.3
1909, 0.3
1910, -0.1
1911, 0.1
1912, 0.0
1913, 0.1
1914, 0.0
1915, 0.1
1916, -0.2
1917, -0.1
1918, -0.3
1919, 0.0
1920, 0.2
1921, 0.4
1922, 0.3
1923, -0.1
1924, -0.3
1925, 0.2
1926, -0.2
1927, -0.3
1928, -0.2
1929, -0.5
1930, 0.0
1931, 0.3
1932, 0.2
1933, 0.0
1934, 0.2
1935, 0.0
1936, 0.4
1937, -0.2
1938, 0.1
1939, -0.1
1940, 0.0
1941, 0.0
1942, -0.2
1943, 0.1
1944, -0.6
1945, 0.0
1946, 0.0
1947, 0.1
1948, -0.1
1949, -0.3
1950, 0.0
1951, 0.2
1952, 0.0
1953, 0.0
1954, 0.0
1955, 0.1
1956, 0.2
1957, -0.2
1958, 0.0
1959, 0.2
1960, -0.1
1961, 0.0
1962, 0.1
1963, 0.2
1964, -0.1
1965, -0.7
1966, 0.0
1967, 0.0
1968, 0.0
1969, -0.2
1970, 0.2
1971, 0.1
1972, 0.2
1973, 0.2
1974, 0.2
1975, 0.1
1976, 0.2
1977, 0.1
1978, 0.0
1979, 0.1
1980, 0.1
1981, 0.2
1982, -0.2
1983, -0.1
1984, 0.0
1985, 0.3
1986, 0.1
1987, 0.2
1988, 0.1
1989, 0.2
1990, 0.2
1991, -0.5
1992, 0.3
1993, 0.3
1994, -0.1
1995, 0.4
1996, -0.1
1997, 0.2
1998, 0.1
1999, -0.1
2000, -0.2
2001, 0.1
2002, 0.3
2003, -0.1
2004, 0.3
2005, 0.2
2006, -0.1
2007, -0.2
2008, -0.3
2009, -0.1
2010, -0.3
2011, 0.4
2012, -0.1
2013, 0.2
2014, 0.2
2015, -0.4
2016, 0.2
2017, 0.0
2018, 0.4
2019, 0.0
2020, 0.3
2021, 0.0
2022, -0.1
2023, 0.0
2024, 0.2
2025, -0.4
2026, 0.1
2027, 0.4
2028, 0.2
2029, 0.1
2030, 0.0
2031, -0.1
2032, 0.3
2033, -0.4
2034, 0.1
2035, 0.3
2036, -0.1
2037, 0.2
2038, 0.1
2039, 0.3
2040, -0.1
2041, 0.2
2042, -0.1
2043, -0.3
2044, 0.3
2045, 0.1
2046, -0.4
2047, -0.1
2048, -0.5
2049, -0.1
2050, -0.3
2051, 0.2
2052, 0.1
2053, 0.4
2054, 0.5
2055, 0.0
2056, -0.1
2057, -0.4
2058, -0.1
2059, 0.0
2060, -0.8
2061, -0.1
2062, -0.3
2063, -0.1
2064, 0.0
2065, 0.1
2066, 0.0
2067, -0.1
2068, -0.1
2069, 0.1
2070, 0.0
2071, -0.2
2072, -0.1
2073, 0.3
2074, 0.0
2075, 0.3
2076, -0.2
2077, 0.1
2078, 0.0
2079, 0.2
2080, -0.2
2081, 0.1
2082, -0.3
2083, -0.2
2084, 0.1
2085, -0.3
2086, -0.2
2087, 0.1
2088, 0.4
2089, 0.2
2090, 0.2
2091, 0.0
2092, -0.4
2093, 0.5
2094, -0.2
2095, 0.1
2096, -0.6
2097, 0.2
2098, -0.2
2099, -0.2
2100, -0.2
2101, 0.1
2102, -0.2
2103, -0.1
2104, 0.0
2105, 0.0
2106, 0.2
2107, -0.5
2108, 0.2
2109, 0.4
2110, 0.0
2111, -0.2
2112, -0.6
2113, -0.1
2114, -0.3
2115, 0.2
2116, -0.4
2117, 0.3
2118, 0.1
2119, 0.0
2120, 0.0
2121, -0.1
2122, 0.2
2123, 0.1
2124, 0.1
2125, -0.1
2126, 0.3
2127, 0.1
2128, -0.2
2129, 0.0
2130, 0.2
2131, -0.5
2132, 0.0
2133, 0.1
2134, 0.3
2135, 0.1
2136, 0.0
2137, 0.5
2138, -0.2
2139, 0.4
2140, -0.2
2141, -0.6
2142, -0.1
2143, 0.0
2144, -0.2
2145, -0.6
2146, 0.0
2147, -0.1
2148, 0.1
2149, 0.3
2150, 0.5
2151, -0.5
2152, 0.3
2153, 0.0
2154, -0.2
2155, 0.2
2156, 0.4
2157, 0.3
2158, -0.4
2159, -0.1
2160, 0.0
2161, 0.1
2162, -0.4
2163, -0.3
2164, -0.2
2165, 0.3
2166, 0.2
2167, -0.7
2168, 0.1
2169, 0.2
2170, -0.1
2171, 0.4
2172, 0.1
2173, -0.1
2174, 0.0
2175, 0.1
2176, -0.1
2177, 0.0
2178, -0.4
2179, -0.4
2180, -0.1
2181, -0.4
2182, 0.1
2183, 0.2
2184, 0.1
2185, 0.2
2186, 0.0
2187, 0.0
2188, 0.1
2189, 0.2
2190, 0.0
2191, 0.1
2192, -0.4
2193, 0.2
2194, -0.1
2195, 0.1
2196, -0.1
2197, -0.2
2198, 0.0
2199, 0.2
2200, 0.1
2201, -0.1
2202, 0.3
2203, 0.0
2204, 0.0
2205, 0.1
2206, 0.1
2207, 0.0
2208, -0.2
2209, -0.5
2210, -0.1
2211, 0.1
2212, 0.0
2213, -0.2
2214, -0.2
2215, 0.2
2216, -0.1
2217, -0.1
2218, -0.4
2219, 0.0
2220, 0.4
2221, -0.4
2222, 0.0
2223, 0.0
2224, -0.1
2225, 0.0
2226, -0.4
2227, 0.0
2228, 0.0
2229, -0.4
2230, 0.0
2231, -0.2
2232, 0.0
2233, 0.1
2234, 0.0
2235, 0.1
2236, 0.0
2237, -0.3
2238, 0.0
2239, 0.2
2240, -0.1
2241, 0.3
2242, 0.2
2243, 0.1
2244, 0.0
2245, -0.3
2246, -0.2
2247, 0.1
2248, -0.2
2249, -0.4
2250, -0.4
2251, 0.2
2252, 0.4
2253, -0.2
2254, 0.0
2255, 0.0
2256, -0.2
2257, 0.3
2258, -0.3
2259, -0.2
2260, -0.1
2261, -0.3
2262, -0.1
2263, 0.0
2264, 0.0
2265, 0.2
2266, 0.3
2267, 0.0
2268, -0.2
2269, 0.1
2270, 0.3
2271, -0.1
2272, -0.3
2273, -0.2
2274, 0.0
2275, 0.2
2276, 0.2
2277, -0.2
2278, 0.3
2279, 0.1
2280, -0.2
2281, 0.1
2282, 0.2
2283, 0.1
2284, -0.4
2285, 0.3
2286, -0.1
2287, -0.4
2288, -0.1
2289, -0.3
2290, -0.1
2291, 0.2
2292, -0.2
2293, 0.3
2294, 0.1
2295, -0.1
2296, 0.2
2297, 0.0
2298, 0.0
2299, 0.1
2300, 0.0
2301, 0.0
2302, 0.3
2303, 0.0
2304, -0.3
2305, 0.1
2306, 0.0
2307, 0.1
2308, -0.1
2309, 0.4
2310, 0.2
2311, 0.0
2312, -0.1
2313, -0.1
2314, -0.2
2315, 0.0
2316, -0.2
2317, -0.2
2318, -0.2
2319, -0.1
2320, -0.1
2321, 0.1
2322, 0.0
2323, -0.2
2324, -0.5
2325, -0.1
2326, 0.0
2327, 0.2
2328, 0.3
2329, 0.2
2330, 0.3
2331, 0.2
2332, -0.3
2333, -0.1
2334, 0.1
2335, -0.2
2336, -0.1
2337, 0.1
2338, -0.4
2339, 0.2
2340, 0.0
2341, 0.3
2342, 0.0
2343, 0.0
2344, -0.1
2345, -0.1
2346, 0.2
2347, 0.0
2348, 0.0
2349, -0.1
2350, -0.2
2351, 0.1
2352, 0.1
2353, 0.1
2354, -0.4
2355, 0.2
2356, 0.1
2357, 0.0
2358, 0.0
2359, -0.3
2360, -0.1
2361, -0.4
2362, -0.1
2363, -0.3
2364, -0.1
2365, 0.3
2366, 0.2
2367, 0.2
2368, 0.2
2369, 0.1
2370, -0.6
2371, -0.3
2372, -0.3
2373, 0.1
2374, 0.1
2375, -0.2
2376, 0.0
2377, 0.3
2378, 0.2
2379, -0.3
2380, 0.2
2381, 0.0
2382, -0.1
2383, -0.3
2384, -0.3
2385, -0.1
2386, 0.0
2387, 0.1
2388, -0.3
2389, -0.3
2390, -0.2
2391, 0.1
2392, 0.4
2393, 0.2
2394, 0.3
2395, 0.3
2396, -0.4
2397, -0.4
2398, 0.2
2399, 0.3
2400, -0.2
2401, -0.4
2402, 0.3
2403, 0.2
2404, 0.1
2405, 0.0
2406, -0.1
2407, 0.4
2408, -0.1
2409, 0.1
2410, 0.0
2411, 0.1
2412, -0.3
2413, 0.2
2414, 0.2
2415, -0.1
2416, -0.1
2417, 0.0
2418, 0.2
2419, 0.1
2420, 0.1
2421, 0.4
2422, 0.4
2423, -0.2
2424, 0.2
2425, 0.2
2426, 0.4
2427, -0.3
2428, 0.3
2429, 0.0
2430, 0.3
2431, -0.1
2432, 0.0
2433, 0.2
2434, -0.1
2435, 0.4
2436, -0.3
2437, -0.1
2438, -0.2
2439, -0.1
2440, 0.3
2441, 0.0
2442, 0.0
2443, -0.1
2444, 0.1
2445, 0.0
2446, 0.4
2447, 0.0
2448, 0.3
2449, 0.1
2450, -0.2
2451, 0.0
2452, 0.0
2453, 0.3
2454, -0.1
2455, 0.0
2456, -0.2
2457, 0.2
2458, 0.1
2459, 0.4
2460, -0.2
2461, -0.2
2462, 0.0
2463, 0.2
2464, -0.3
2465, 0.1
2466, 0.1
2467, -0.3
2468, -0.3
2469, -0.5
2470, 0.3
2471, 0.2
2472, -0.3
2473, -0.3
2474, -0.1
2475, 0.1
2476, -0.2
2477, 0.0
2478, 0.1
2479, 0.2
2480, 0.0
2481, 0.2
2482, 0.2
2483, 0.0
2484, 0.0
2485, -0.2
2486, 0.0
2487, 0.4
2488, -0.3
2489, 0.3
2490, -0.1
2491, 0.4
2492, 0.2
2493, 0.0
2494, 0.2
2495, 0.3
2496, -0.3
2497, 0.0
2498, -0.2
2499, 0.1
2500, -0.3
2501, 0.3
2502, 0.1
2503, 0.1
2504, 0.0
2505, -0.1
2506, -0.3
2507, 0.2
2508, -0.3
2509, 0.0
2510, 0.0
2511, 0.3
2512, -0.2
2513, -0.3
2514, 0.2
2515, 0.2
2516, -0.1
2517, -0.3
2518, -0.2
2519, 0.1
2520, 0.0
2521, 0.0
2522, -0.2
2523, 0.1
2524, 0.0
2525, -0.2
2526, 0.1
2527, 0.4
2528, 0.2
2529, 0.3
2530, 0.4
2531, 0.0
2532, 0.2
2533, -0.1
2534, -0.2
2535, 0.3
2536, -0.1
2537, -0.3
2538, 0.0
2539, -0.2
2540, -0.2
2541, -0.3
2542, -0.3
2543, 0.0
2544, -0.4
2545, 0.0
2546, -0.3
2547, 0.0
2548, 0.2
2549, -0.1
2550, 0.3
2551, 0.2
2552, -0.2
2553, 0.2
2554, -0.1
2555, -0.2
2556, -0.4
2557, 0.2
2558, -0.2
2559, -0.3
2560, -0.1
2561, 0.0
2562, -0.2
2563, 0.2
2564, -0.3
2565, -0.1
2566, 0.1
2567, 0.0
2568, 0.1
2569, -0.3
2570, 0.0
2571, 0.1
2572, -0.2
2573, -0.1
2574, 0.0
2575, -0.1
2576, 0.3
2577, 0.2
2578, -0.1
2579, 0.1
2580, 0.1
2581, 0.0
2582, 0.2
2583, -0.5
2584, 0.0
2585, -0.4
2586, -0.1
2587, 0.2
2588, 0.2
2589, 0.2
2590, -0.1
2591, 0.3
2592, -0.3
2593, -0.1
2594, -0.4
2595, -0.2
2596, -0.2
2597, -0.3
2598, 0.1
2599, -0.2
2600, -0.3
2601, -0.4
2602, 0.1
2603, 0.1
2604, -0.2
2605, -0.1
2606, 0.0
2607, -0.3
2608, -0.1
2609, 0.1
2610, -0.3
2611, 0.0
2612, -0.5
2613, -0.1
2614, -0.1
2615, 0.2
2616, -0.1
2617, 0.3
2618, -0.3
2619, 0.3
2620, 0.5
2621, 0.0
2622, 0.0
2623, -0.2
2624, 0.2
2625, 0.0
2626, 0.4
2627, -0.3
2628, 0.0
2629, -0.2
2630, 0.4
2631, 0.2
2632, 0.0
2633, -0.4
2634, -0.4
2635, 0.2
2636, -0.5
2637, -0.3
2638, -0.1
2639, -0.1
2640, 0.2
2641, 0.2
2642, -0.4
2643, -0.2
2644, 0.2
2645, -0.3
2646, -0.3
2647, 0.2
2648, 0.1
2649, 0.1
2650, 0.1
2651, 0.1
2652, 0.3
2653, 0.2
2654, 0.2
2655, -0.1
2656, -0.4
2657, -0.3
2658, -0.4
2659, 0.1
2660, -0.2
2661, -0.1
2662, 0.0
2663, 0.4
2664, 0.3
2665, 0.1
2666, -0.2
2667, -0.1
2668, 0.2
2669, -0.1
2670, 0.5
2671, 0.3
2672, 0.0
2673, 0.0
2674, 0.0
2675, -0.6
2676, 0.2
2677, 0.2
2678, 0.3
2679, 0.0
2680, -0.5
2681, 0.1
2682, -0.2
2683, 0.5
2684, 0.0
2685, 0.0
2686, -0.3
2687, -0.5
2688, 0.1
2689, 0.1
2690, 0.3
2691, -0.3
2692, -0.2
2693, -0.1
2694, -0.6
2695, 0.4
2696, -0.2
2697, 0.0
2698, 0.2
2699, 0.1
2700, -0.3
2701, 0.0
2702, -0.1
2703, -0.1
2704, -0.3
2705, -0.1
2706, 0.4
2707, 0.0
2708, 0.2
2709, -0.1
2710, -0.2
2711, -0.1
2712, 0.1
2713, 0.3
2714, 0.3
2715, -0.6
2716, 0.2
2717, 0.3
2718, -0.5
2719, 0.2
2720, 0.4
2721, 0.3
2722, 0.1
2723, 0.0
2724, 0.3
2725, -0.2
2726, -0.2
2727, -0.1
2728, -0.1
2729, -0.3
2730, -0.1
2731, -0.4
2732, 0.0
2733, 0.1
2734, 0.0
2735, 0.3
2736, 0.1
2737, 0.4
2738, -0.1
2739, -0.1
2740, -0.1
2741, 0.2
2742, -0.1
2743, 0.0
2744, -0.3
2745, 0.0
2746, 0.0
2747, -0.3
2748, -0.1
2749, 0.2
2750, 0.1
2751, 0.1
2752, -0.2
2753, -0.5
2754, -0.2
2755, -0.1
2756, -0.6
2757, 0.3
2758, 0.2
2759, 0.0
2760, 0.4
2761, 0.0
2762, 0.0
2763, -0.2
2764, 0.4
2765, 0.2
2766, -0.1
2767, 0.0
2768, -0.3
2769, -0.2
2770, 0.0
2771, 0.2
2772, 0.0
2773, 0.0
2774, 0.1
2775, -0.2
2776, 0.1
2777, 0.2
2778, -0.5
2779, -0.1
2780, 0.0
2781, -0.1
2782, 0.0
2783, 0.1
2784, 0.4
2785, -0.1
2786, -0.3
2787, -0.2
2788, 0.0
2789, 0.2
2790, -0.1
2791, 0.0
2792, 0.4
2793, -0.1
2794, 0.1
2795, -0.1
2796, 0.0
2797, 0.0
2798, -0.1
2799, -0.2
2800, 0.0
2801, 0.1
2802, 0.4
2803, 0.2
2804, -0.2
2805, 0.1
2806, 0.1
2807, -0.3
2808, 0.2
2809, -0.1
2810, -0.2
2811, 0.4
2812, 0.1
2813, -0.2
2814, 0.3
2815, 0.0
2816, 0.0
2817, -0.2
2818, 0.0
2819, 0.4
2820, 0.0
2821, -0.1
2822, 0.3
2823, -0.6
2824, -0.4
2825, -0.2
2826, 0.3
2827, 0.2
2828, 0.5
2829, 0.3
2830, -0.1
2831, 0.0
2832, 0.5
2833, 0.1
2834, 0.1
2835, 0.2
2836, 0.0
2837, 0.1
2838, 0.3
2839, 0.4
2840, 0.1
2841, 0.3
2842, -0.1
2843, 0.0
2844, 0.1
2845, -0.1
2846, 0.1
2847, 0.1
2848, 0.1
2849, -0.1
2850, 0.0
2851, -0.2
2852, -0.4
2853, 0.2
2854, 0.1
2855, -0.1
2856, 0.1
2857, -0.2
2858, 0.2
2859, 0.3
2860, 0.4
2861, 0.1
2862, 0.2
2863, 0.2
2864, 0.1
2865, 0.1
2866, -0.1
2867, 0.2
2868, -0.2
2869, 0.1
2870, -0.1
2871, 0.1
2872, 0.1
2873, -0.2
2874, 0.0
2875, 0.2
2876, 0.0
2877, 0.3
2878, 0.3
2879, 0.0
2880, 0.0
2881, 0.0
2882, -0.2
2883, -0.2
2884, 0.4
2885, 0.0
2886, 0.0
2887, -0.1
2888, 0.2
2889, 0.4
2890, 0.0
2891, -0.3
2892, 0.3
2893, -0.1
2894, -0.2
2895, 0.0
2896, -0.1
2897, -0.2
2898, -0.1
2899, -0.2
2900, -0.1
2901, 0.3
2902, 0.0
2903, 0.0
2904, 0.2
2905, -0.1
2906, 0.0
2907, -0.2
2908, -0.2
2909, -0.1
2910, 0.2
2911, -0.2
2912, -0.4
2913, 0.3
2914, -0.2
2915, 0.1
2916, 0.0
2917, 0.3
2918, -0.2
2919, -0.2
2920, 0.2
2921, -0.2
2922, 0.2
2923, -0.2
2924, 0.1
2925, 0.1
2926, 0.0
2927, -0.2
2928, -0.1
2929, 0.4
2930, 0.2
2931, 0.0
2932, -0.2
2933, 0.0
2934, -0.2
2935, -0.1
2936, 0.1
2937, -0.6
2938, 0.2
2939, -0.3
2940, 0.3
2941, -0.2
2942, -0.3
2943, -0.2
2944, 0.2
2945, 0.2
2946, -0.1
2947, 0.0
2948, -0.1
2949, 0.2
2950, 0.0
2951, 0.3
2952, -0.2
2953, -0.5
2954, 0.4
2955, 0.1
2956, 0.3
2957, 0.1
2958, 0.1
2959, 0.4
2960, 0.1
2961, -0.1
2962, 0.3
2963, -0.2
2964, 0.0
2965, 0.3
2966, -0.1
2967, 0.0
2968, -0.1
2969, -0.2
2970, -0.5
2971, -0.2
2972, 0.3
2973, 0.1
2974, 0.0
2975, 0.2
2976, 0.0
2977, -0.3
2978, 0.2
2979, 0.1
2980, -0.2
2981, 0.1
2982, 0.2
2983, 0.3
2984, 0.2
2985, 0.1
2986, -0.4
2987, -0.1
2988, -0.4
2989, -0.4
2990, 0.3
2991, -0.1
2992, 0.1
2993, -0.1
2994, 0.0
2995, 0.2
2996, -0.1
2997, 0.3
2998, -0.2
2999, -0.2
3000, 0.2
3001, 0.0
3002, -0.1
3003, -0.1
3004, 0.4
3005, 0.2
3006, -0.6
3007, 0.2
3008, -0.5
3009, 0.1
3010, -0.1
3011, -0.1
3012, -0.5
3013, -0.1
3014, -0.2
3015, 0.1
3016, -0.3
3017, -0.4
3018, 0.2
3019, -0.2
3020, -0.2
3021, 0.0
3022, -0.3
3023, -0.1
3024, 0.2
3025, 0.2
3026, 0.3
3027, -0.2
3028, 0.0
3029, -0.1
3030, 0.1
3031, 0.1
3032, 0.0
3033, 0.3
3034, 0.0
3035, 0.1
3036, -0.2
3037, 0.5
3038, 0.0
3039, 0.0
3040, -0.3
3041, 0.1
3042, 0.2
3043, 0.2
3044, -0.4
3045, 0.0
3046, 0.0
3047, 0.1
3048, 0.4
3049, -0.4
3050, -0.3
3051, 0.0
3052, 0.2
3053, 0.1
3054, 0.3
3055, 0.2
3056, 0.1
3057, -0.1
3058, -0.2
3059, -0.2
3060, -0.3
3061, -0.2
3062, -0.1
3063, -0.2
3064, 0.0
3065, 0.1
3066, 0.3
3067, 0.4
3068, -0.1
3069, -0.4
3070, 0.0
3071, 0.2
3072, -0.2
3073, 0.2
3074, 0.1
3075, 0.0
3076, -0.3
3077, -0.1
3078, 0.0
3079, 0.1
3080, 0.1
3081, 0.1
3082, -0.1
3083, 0.1
3084, 0.3
3085, 0.2
3086, -0.5
3087, -0.1
3088, -0.2
3089, 0.2
3090, 0.1
3091, 0.1
3092, 0.0
3093, -0.1
3094, 0.5
3095, 0.2
3096, 0.2
3097, -0.1
3098, -0.1
3099, 0.4
3100, -0.1
3101, 0.1
3102, -0.3
3103, 0.3
3104, -0.1
3105, -0.2
3106, -0.1
3107, -0.3
3108, -0.4
3109, -0.1
3110, -0.2
3111, 0.3
3112, -0.3
3113, 0.0
3114, 0.0
3115, 0.5
3116, 0.1
3117, 0.3
3118, -0.1
3119, -0.2
3120, -0.3
3121, -0.1
3122, 0.4
3123, -0.1
3124, 0.5
3125, 0.1
3126, 0.1
3127, 0.2
3128, 0.2
3129, -0.3
3130, -0.1
3131, 0.2
3132, -0.2
3133, -0.2
3134, 0.2
3135, 0.3
3136, -0.1
3137, 0.1
3138, 0.1
3139, -0.3
3140, 0.2
3141, -0.5
3142, 0.1
3143, 0.1
3144, 0.1
3145, 0.2
3146, 0.1
3147, 0.2
3148, -0.1
3149, 0.2
3150, 0.0
3151, 0.2
3152, 0.2
3153, 0.2
3154, 0.0
3155, -0.3
3156, 0.2
3157, 0.0
3158, -0.1
3159, 0.2
3160, 0.2
3161, -0.1
3162, 0.0
3163, -0.2
3164, -0.1
3165, 0.1
3166, -0.2
3167, 0.3
3168, 0.1
3169, 0.3
3170, -0.3
3171, -0.3
3172, 0.0
3173, 0.1
3174, 0.2
3175, 0.1
3176, 0.0
3177, 0.0
3178, 0.0
3179, 0.0
3180, 0.0
3181, 0.3
3182, 0.0
3183, 0.2
3184, 0.2
3185, 0.2
3186, 0.1
3187, 0.2
3188, 0.2
3189, -0.2
3190, 0.1
3191, 0.1
3192, -0.1
3193, -0.1
3194, 0.3
3195, -0.2
3196, 0.0
3197, -0.5
3198, 0.1
3199, 0.0
3200, 0.2
3201, -0.3
3202, 0.3
3203, 0.1
3204, 0.3
3205, -0.6
3206, -0.1
3207, -0.1
3208, -0.3
3209, 0.4
3210, 0.2
3211, -0.4
3212, -0.4
3213, 0.2
3214, -0.2
3215, 0.2
3216, -0.5
3217, -0.1
3218, -0.1
3219, -0.3
3220, 0.0
3221, 0.3
3222, 0.5
3223, 0.1
3224, -0.2
3225, 0.2
3226, -0.1
3227, 0.2
3228, -0.4
3229, -0.1
3230, -0.2
3231, 0.2
3232, -0.2
3233, -0.1
3234, 0.0
3235, 0.2
3236, 0.0
3237, 0.2
3238, 0.1
3239, -0.3
3240, -0.1
3241, -0.1
3242, 0.1
3243, 0.2
3244, 0.1
3245, -0.3
3246, 0.0
3247, -0.1
3248, -0.1
3249, -0.2
3250, -0.3
3251, 0.2
3252, -0.1
3253, 0.1
3254, 0.1
3255, -0.1
3256, 0.0
3257, 0.0
3258, -0.2
3259, 0.1
3260, -0.1
3261, 0.0
3262, -0.3
3263, -0.2
3264, 0.3
3265, 0.2
3266, -0.2
3267, -0.5
3268, -0.1
3269, 0.1
3270, 0.3
3271, 0.1
3272, -0.1
3273, -0.2
3274, 0.1
3275, 0.1
3276, 0.1
3277, 0.0
3278, 0.1
3279, -0.3
3280, -0.2
3281, -0.1
3282, -0.2
3283, -0.3
3284, -0.2
3285, 0.2
3286, -0.3
3287, -0.1
3288, 0.1
3289, 0.1
3290, -0.2
3291, -0.4
3292, -0.1
3293, 0.0
3294, 0.0
3295, -0.3
3296, -0.1
3297, -0.1
3298, 0.2
3299, 0.0
3300, -0.1
3301, 0.4
3302, 0.0
3303, 0.2
3304, 0.0
3305, 0.0
3306, 0.1
3307, 0.3
3308, -0.2
3309, 0.2
3310, 0.1
3311, 0.4
3312, 0.1
3313, 0.2
3314, -0.2
3315, 0.1
3316, 0.2
3317, 0.1
3318, -0.1
3319, -0.2
3320, -0.2
3321, -0.3
3322, 0.1
3323, 0.4
3324, 0.2
3325, 0.3
3326, 0.1
3327, 0.1
3328, -0.1
3329, 0.1
3330, -0.2
3331, 0.2
3332, 0.1
3333, 0.1
3334, 0.0
3335, 0.2
3336, 0.5
3337, 0.1
3338, 0.0
3339, 0.3
3340, 0.2
3341, 0.1
3342, 0.0
3343, -0.1
3344, 0.2
3345, 0.0
3346, 0.3
3347, -0.4
3348, 0.0
3349, -0.1
3350, 0.3
3351, 0.3
3352, 0.0
3353, 0.2
3354, -0.2
3355, 0.3
3356, 0.3
3357, -0.3
3358, 0.1
3359, 0.1
3360, 0.3
3361, 0.1
3362, 0.1
3363, 0.1
3364, -0.1
3365, 0.0
3366, 0.0
3367, -0.2
3368, -0.3
3369, 0.0
3370, 0.3
3371, 0.2
3372, -0.2
3373, 0.0
3374, -0.1
3375, -0.2
3376, -0.3
3377, -0.4
3378, 0.5
3379, 0.2
3380, 0.1
3381, -0.4
3382, 0.1
3383, 0.0
3384, 0.1
3385, -0.3
3386, 0.2
3387, -0.2
3388, -0.1
3389, 0.2
3390, -0.4
3391, -0.3
3392, 0.2
3393, -0.5
3394, 0.0
3395, 0.0
3396, -0.1
3397, -0.5
3398, -0.2
3399, -0.6
3400, 0.1
3401, 0.0
3402, -0.1
3403, 0.0
3404, 0.1
3405, -0.2
3406, 0.2
3407, 0.1
3408, 0.1
3409, 0.3
3410, 0.1
3411, -0.4
3412, -0.2
3413, 0.2
3414, 0.2
3415, 0.1
3416, 0.0
3417, -0.3
3418, -0.1
3419, 0.2
3420, 0.2
3421, -0.5
3422, 0.3
3423, 0.3
3424, 0.0
3425, 0.0
3426, -0.1
3427, 0.1
3428, 0.0
3429, -0.4
3430, 0.0
3431, 0.4
3432, -0.2
3433, 0.0
3434, 0.2
3435, -0.1
3436, -0.1
3437, 0.4
3438, -0.1
3439, 0.0
3440, 0.0
3441, 0.2
3442, -0.2
3443, -0.4
3444, 0.2
3445, 0.0
3446, -0.3
3447, -0.2
3448, -0.2
3449, -0.1
3450, -0.4
3451, 0.0
3452, -0.3
3453, 0.0
3454, -0.5
3455, 0.2
3456, 0.1
3457, -0.1
3458, 0.1
3459, 0.1
3460, -0.1
3461, 0.0
3462, 0.0
3463, 0.0
3464, -0.2
3465, -0.3
3466, 0.1
3467, 0.0
3468, -0.3
3469, 0.2
3470, -0.1
3471, 0.0
3472, 0.0
3473, 0.0
3474, 0.2
3475, 0.1
3476, 0.1
3477, 0.1
3478, 0.0
3479, 0.1
3480, 0.3
3481, 0.1
3482, 0.1
3483, 0.1
3484, 0.1
3485, -0.1
3486, 0.2
3487, 0.2
3488, -0.2
3489, 0.0
3490, 0.3
3491, 0.0
3492, 0.3
3493, -0.1
3494, 0.2
3495, 0.1
3496, 0.3
3497, -0.4
3498, 0.3
3499, 0.3
3500, -0.3
3501, 0.1
3502, -0.2
3503, 0.1
3504, 0.2
3505, 0.0
3506, 0.3
3507, -0.1
3508, 0.3
3509, 0.1
3510, -0.5
3511, -0.2
3512, 0.0
3513, 0.0
3514, -0.3
3515, -0.1
3516, 0.0
3517, -0.1
3518, 0.2
3519, -0.4
3520, -0.4
3521, 0.1
3522, -0.1
3523, 0.3
3524, 0.3
3525, 0.4
3526, 0.1
3527, 0.3
3528, 0.2
3529, -0.2
3530, -0.1
3531, 0.3
3532, -0.3
3533, 0.1
3534, 0.2
3535, 0.3
3536, 0.2
3537, -0.3
3538, 0.0
3539, -0.4
3540, -0.2
3541, -0.1
3542, -0.2
3543, -0.2
3544, 0.3
3545, 0.0
3546, 0.1
3547, 0.0
3548, 0.1
3549, 0.1
3550, 0.0
3551, 0.1
3552, 0.1
3553, -0.3
3554, -0.2
3555, 0.0
3556, 0.3
3557, 0.2
3558, -0.2
3559, 0.1
3560, 0.4
3561, -0.4
3562, 0.1
3563, -0.1
3564, 0.2
3565, 0.2
3566, -0.1
3567, -0.3
3568, -0.1
3569, 0.0
3570, 0.1
3571, -0.2
3572, 0.0
3573, -0.3
3574, -0.1
3575, 0.4
3576, -0.2
3577, -0.3
3578, -0.2
3579, 0.2
3580, -0.2
3581, 0.2
3582, -0.1
3583, 0.1
3584, -0.1
3585, 0.0
3586, -0.1
3587, 0.1
3588, -0.2
3589, -0.1
3590, -0.1
3591, 0.2
3592, 0.0
3593, 0.1
3594, 0.3
3595, 0.2
3596, 0.0
3597, -0.1
3598, -0.4
3599, -0.1
3600, -0.2
3601, 0.2
3602, 0.0
3603, 0.3
3604, -0.2
3605, 0.5
3606, 0.1
3607, 0.2
3608, 0.1
3609, -0.3
3610, 0.0
3611, -0.4
3612, -0.4
3613, 0.3
3614, 0.4
3615, -0.1
3616, 0.1
3617, -0.2
3618, -0.1
3619, 0.1
3620, 0.1
3621, 0.1
3622, 0.2
3623, 0.4
3624, -0.5
3625, 0.4
3626, -0.1
3627, 0.2
3628, -0.2
3629, 0.0
3630, 0.2
3631, 0.0
3632, 0.0
3633, 0.0
3634, -0.1
3635, 0.2
3636, 0.2
3637, -0.1
3638, -0.2
3639, 0.1
3640, -0.1
3641, 0.0
3642, 0.1
3643, 0.2
3644, -0.2
3645, 0.3
3646, 0.1
3647, 0.3
3648, -0.1
3649, 0.1
3650, 0.2
3651, -0.2
3652, -0.3
3653, -0.1
3654, -0.2
3655, 0.1
3656, -0.2
3657, -0.3
3658, 0.3
3659, 0.3
3660, -0.2
3661, 0.5
3662, 0.1
3663, -0.2
3664, -0.1
3665, 0.0
3666, -0.2
3667, -0.2
3668, -0.2
3669, 0.3
3670, -0.4
3671, -0.2
3672, 0.3
3673, -0.1
3674, 0.0
3675, -0.3
3676, 0.1
3677, 0.3
3678, 0.3
3679, 0.2
3680, 0.0
3681, 0.2
3682, 0.4
3683, 0.1
3684, -0.1
3685, -0.4
3686, 0.0
3687, 0.1
3688, -0.1
3689, -0.4
3690, 0.1
3691, -0.5
3692, -0.1
3693, 0.1
3694, -0.3
3695, -0.2
3696, 0.1
3697, 0.1
3698, 0.1
3699, 0.2
3700, -0.2
3701, -0.4
3702, -0.3
3703, -0.3
3704, -0.3
3705, -0.3
3706, -0.1
3707, -0.2
3708, 0.5
3709, 0.1
3710, 0.1
3711, 0.5
3712, 0.2
3713, 0.2
3714, 0.0
3715, 0.0
3716, -0.2
3717, -0.4
3718, 0.3
3719, -0.4
3720, 0.2
3721, 0.1
3722, 0.1
3723, 0.0
3724, -0.4
3725, 0.0
3726, 0.2
3727, 0.1
3728, 0.0
3729, -0.2
3730, 0.1
3731, -0.1
3732, -0.1
3733, -0.1
3734, 0.0
3735, 0.2
3736, -0.2
3737, -0.1
3738, 0.4
3739, 0.1
3740, 0.4
3741, 0.1
3742, -0.1
3743, -0.1
3744, 0.1
3745, 0.3
3746, 0.1
3747, -0.4
3748, 0.0
3749, -0.1
3750, -0.5
3751, -0.3
3752, -0.2
3753, -0.3
3754, 0.1
3755, -0.1
3756, -0.1
3757, 0.0
3758, -0.3
3759, 0.2
3760, -0.2
3761, 0.0
3762, -0.3
3763, 0.0
3764, -0.3
3765, 0.1
3766, -0.2
3767, 0.3
3768, 0.3
3769, 0.0
3770, -0.3
3771, -0.5
3772, -0.4
3773, -0.1
3774, 0.3
3775, 0.2
3776, 0.1
3777, -0.3
3778, 0.0
3779, -0.3
3780, 0.1
3781, 0.1
3782, 0.3
3783, -0.2
3784, -0.4
3785, 0.2
3786, 0.0
3787, 0.2
3788, -0.2
3789, 0.1
3790, -0.1
3791, 0.4
3792, 0.0
3793, 0.2
3794, 0.2
3795, 0.1
3796, -0.2
3797, 0.3
3798, 0.2
3799, -0.1
3800, 0.4
3801, 0.1
3802, -0.2
3803, -0.2
3804, 0.2
3805, 0.1
3806, -0.2
3807, 0.0
3808, 0.1
3809, -0.3
3810, 0.1
3811, -0.1
3812, 0.0
3813, -0.2
3814, 0.2
3815, -0.1
3816, -0.3
3817, 0.4
3818, 0.2
3819, 0.2
3820, 0.0
3821, -0.1
3822, 0.1
3823, -0.2
3824, 0.5
3825, 0.0
3826, -0.1
3827, -0.4
3828, 0.0
3829, -0.7
3830, 0.2
3831, 0.0
3832, 0.0
3833, 0.1
3834, -0.1
3835, -0.2
3836, 0.2
3837, -0.2
3838, 0.3
3839, -0.3
3840, 0.1
3841, 0.0
3842, 0.0
3843, 0.1
3844, 0.3
3845, -0.1
3846, 0.3
3847, 0.1
3848, 0.3
3849, 0.4
3850, 0.0
3851, -0.2
3852, -0.2
3853, -0.1
3854, 0.2
3855, 0.4
3856, -0.2
3857, 0.0
3858, -0.4
3859, -0.2
3860, 0.2
3861, 0.1
3862, -0.1
3863, 0.4
3864, 0.2
3865, 0.2
3866, -0.1
3867, 0.0
3868, 0.3
3869, 0.2
3870, -0.4
3871, -0.1
3872, -0.3
3873, 0.1
3874, 0.3
3875, 0.3
3876, 0.2
3877, -0.1
3878, 0.2
3879, -0.4
3880, 0.3
3881, 0.2
3882, 0.3
3883, 0.1
3884, -0.2
3885, 0.3
3886, -0.2
3887, 0.0
3888, 0.1
3889, 0.2
3890, 0.1
3891, -0.3
3892, 0.3
3893, 0.1
3894, 0.2
3895, -0.5
3896, -0.3
3897, 0.3
3898, -0.1
3899, 0.3
3900, -0.1
3901, -0.2
3902, -0.1
3903, -0.1
3904, 0.3
3905, 0.3
3906, 0.2
3907, 0.0
3908, -0.4
3909, 0.1
3910, 0.1
3911, 0.1
3912, -0.1
3913, -0.2
3914, -0.3
3915, -0.3
3916, -0.3
3917, 0.1
3918, -0.1
3919, 0.0
3920, 0.1
3921, 0.1
3922, -0.1
3923, -0.4
3924, -0.2
3925, 0.0
3926, -0.3
3927, -0.1
3928, 0.1
3929, 0.1
3930, -0.1
3931, 0.4
3932, 0.2
3933, -0.1
3934, -0.3
3935, 0.3
3936, 0.2
3937, -0.2
3938, 0.0
3939, -0.3
3940, -0.1
3941, 0.0
3942, -0.1
3943, 0.0
3944, -0.1
3945, -0.4
3946, -0.2
3947, -0.1
3948, 0.3
3949, -0.1
3950, 0.3
3951, 0.2
3952, -0.3
3953, 0.0
3954, 0.0
3955, -0.3
3956, -0.2
3957, -0.1
3958, -0.1
3959, -0.4
3960, -0.1
3961, -0.3
3962, 0.2
3963, -0.1
3964, 0.1
3965, 0.1
3966, 0.4
3967, -0.4
3968, 0.0
3969, 0.4
3970, -0.1
3971, 0.3
3972, 0.1
3973, 0.2
3974, 0.1
3975, -0.2
3976, 0.2
3977, 0.2
3978, -0.2
3979, 0.3
3980, -0.2
3981, -0.2
3982, 0.2
3983, 0.2
3984, -0.1
3985, -0.4
3986, -0.1
3987, 0.1
3988, 0.0
3989, -0.1
3990, 0.1
3991, -0.1
3992, 0.0
3993, 0.0
3994, 0.2
3995, 0.2
3996, -0.4
3997, -0.3
3998, 0.1
3999, 0.1
