0, -0.5
1, -0.1
2, 0.1
3, -0.4
4, 0.1
5, -0.2
6, 0.4
7, 0.3
8, 0.3
9, -0.3
10, 0.2
11, -0.4
12, 0.0
13, -0.1
14, 0.2
15, 0.2
16, 0.0
17, -0.3
18, -0.1
19, 0.2
20, 0.1
21, 0.4
22, -0.2
23, -0.1
24, 0.4
25, 0.1
26, -0.2
27, 0.0
28, 0.2
29, 0.0
30, 0.2
31, 0.1
32, 0.0
33, 0.3
34, -0.3
35, 0.2
36, 0.4
37, -0.5
38, 0.3
39, -0.2
40, 0.2
41, -0.1
42, 0.2
43, -0.1
44, -0.1
45, 0.0
46, -0.7
47, 0.0
48, -0.2
49, -0.2
50, 0.3
51, 0.2
52, 0.4
53, -0.2
54, 0.1
55, 0.2
56, 0.1
57, -0.1
58, 0.0
59, -0.1
60, 0.1
61, 0.4
62, 0.0
63, 0.1
64, 0.1
65, 0.1
66, -0.2
67, 0.0
68, 0.3
69, -0.3
70, -0.1
71, 0.2
72, -0.1
73, 0.1
74, 0.1
75, 0.2
76, 0.1
77, 0.4
78, -0.1
79, 0.1
80, -0.2
81, 0.0
82, -0.3
83, -0.2
84, -0.2
85, 0.1
86, -0.3
87, 0.4
88, -0.3
89, -0.3
90, 0.3
91, -0.1
92, 0.3
93, 0.0
94, 0.2
95, -0.1
96, 0.3
97, 0.1
98, 0.0
99, -0.1
100, -0.1
101, 0.4
102, -0.2
103, 0.1
104, 0.3
105, -0.3
106, 0.0
107, 0.1
108, 0.0
109, 0.0
110, 0.1
111, 0.2
112, -0.1
113, -0.2
114, 0.2
115, 0.2
116, -0.1
117, 0.1
118, -0.3
119, -0.3
120, 0.1
121, 0.3
122, 0.4
123, 0.5
124, 0.5
125, -0.1
126, 0.0
127, -0.5
128, -0.3
129, 0.1
130, -0.3
131, 0.0
132, -0.2
133, 0.2
134, 0.0
135, 0.2
136, 0.1
137, 0.1
138, 0.2
139, -0.1
140, 0.0
141, 0.0
142, -0.3
143, -0.3
144, -0.4
145, 0.4
146, 0.0
147, -0.2
148, -0.1
149, 0.1
150, 0.2
151, 0.2
152, -0.3
153, 0.1
154, -0.3
155, 0.3
156, -0.3
157, 0.0
158, 0.3
159, -0.1
160, -0.4
161, 0.3
162, -0.6
163, 0.1
164, 0.2
165, 0.2
166, -0.1
167, -0.1
168, 0.3
169, -0.2
170, -0.3
171, 0.1
172, -0.3
173, 0.2
174, -0.1
175, -0.4
176, -0.3
177, -0.4
178, -0.2
179, -0.2
180, -0.1
181, 0.0
182, -0.1
183, -0.2
184, -0.2
185, 0.2
186, -0.2
187, 0.1
188, 0.0
189, -0.2
190, -0.3
191, 0.1
192, 0.2
193, 0.5
194, 0.2
195, -0.4
196, 0.0
197, 0.2
198, -0.3
199, -0.4
200, -0.2
201, 0.1
202, 0.0
203, -0.3
204, -0.2
205, 0.0
206, -0.2
207, 0.3
208, 0.0
209, -0.3
210, 0.2
211, -0.1
212, 0.0
213, -0.2
214, 0.0
215, 0.4
216, -0.2
217, 0.0
218, -0.3
219, -0.5
220, -0.2
221, -0.5
222, 0.2
223, 0.0
224, -0.4
225, 0.0
226, 0.3
227, -0.1
228, 0.3
229, 0.2
230, -0.2
231, -0.2
232, -0.2
233, 0.3
234, 0.0
235, 0.1
236, -0.1
237, -0.2
238, 0.1
239, 0.0
240, -0.2
241, -0.2
242, -0.2
243, -0.1
244, -0.2
245, 0.1
246, 0.1
247, -0.4
248, 0.1
249, 0.1
250, -0.5
251, -0.3
252, 0.3
253, -0.4
254, 0.1
255, 0.2
256, -0.3
257, 0.1
258, 0.2
259, 0.0
260, 0.2
261, 0.3
262, 0.1
263, 0.1
264, -0.1
265, -0.4
266, -0.2
267, 0.2
268, 0.3
269, -0.4
270, 0.2
271, 0.0
272, -0.3
273, -0.1
274, -0.2
275, -0.1
276, -0.3
277, 0.2
278, -0.3
279, 0.2
280, -0.5
281, -0.3
282, -0.2
283, -0.2
284, -0.3
285, 0.2
286, 0.0
287, 0.1
288, 0.2
289, 0.2
290, 0.1
291, 0.2
292, -0.1
293, 0.4
294, 0.2
295, 0.2
296, 0.2
297, -0.4
298, -0.1
299, 0.2
300, -0.2
301, 0.3
302, -0.1
303, -0.3
304, 0.1
305, -0.2
306, 0.4
307, 0.5
308, 0.1
309, 0.1
310, -0.2
311, 0.3
312, 0.1
313, -0.1
314, 0.2
315, 0.2
316, -0.4
317, -0.3
318, 0.0
319, -0.2
320, 0.1
321, 0.2
322, 0.3
323, 0.1
324, 0.3
325, -0.2
326, -0.1
327, -0.1
328, -0.1
329, -0.5
330, 0.3
331, 0.1
332, 0.0
333, 0.2
334, 0.3
335, 0.0
336, 0.1
337, -0.2
338, 0.2
339, 0.2
340, 0.3
341, -0.3
342, -0.2
343, -0.1
344, -0.1
345, 0.2
346, -0.2
347, -0.1
348, -0.2
349, -0.3
350, 0.0
351, 0.3
352, -0.1
353, -0.2
354, 0.2
355, -0.2
356, 0.2
357, 0.1
358, -0.1
359, -0.1
360, -0.3
361, 0.4
362, 0.0
363, 0.0
364, 0.0
365, 0.2
366, -0.5
367, -0.1
368, -0.1
369, 0.4
370, 0.2
371, 0.0
372, 0.1
373, -0.2
374, -0.1
375, 0.3
376, 0.0
377, 0.1
378, 0.0
379, 0.0
380, 0.2
381, 0.0
382, -0.3
383, 0.0
384, -0.1
385, 0.0
386, -0.4
387, 0.3
388, -0.3
389, 0.3
390, 0.0
391, 0.1
392, -0.1
393, -0.4
394, 0.3
395, 0.4
396, -0.1
397, 0.0
398, -0.5
399, -0.1
400, 0.0
401, 0.0
402, -0.4
403, 0.2
404, 0.1
405, 0.3
406, -0.3
407, -0.1
408, -0.1
409, 0.2
410, 0.4
411, 0.2
412, -0.1
413, 0.1
414, 0.1
415, 0.1
416, -0.3
417, 0.2
418, 0.1
419, 0.2
420, 0.1
421, 0.0
422, -0.2
423, 0.3
424, 0.0
425, 0.2
426, 0.2
427, -0.1
428, 0.1
429, -0.1
430, 0.2
431, -0.3
432, -0.2
433, 0.2
434, 0.0
435, 0.1
436, 0.1
437, -0.2
438, 0.0
439, -0.1
440, -0.1
441, 0.0
442, -0.1
443, -0.1
444, 0.0
445, 0.0
446, -0.5
447, -0.1
448, 0.0
449, 0.2
450, 0.1
451, -0.3
452, 0.5
453, -0.5
454, 0.3
455, 0.3
456, -0.1
457, -0.3
458, 0.1
459, 0.4
460, -0.1
461, 0.1
462, 0.3
463, 0.0
464, 0.1
465, 0.4
466, 0.1
467, 0.0
468, 0.0
469, -0.3
470, 0.3
471, -0.4
472, 0.2
473, -0.5
474, 0.2
475, 0.1
476, -0.5
477, 0.2
478, 0.0
479, 0.1
480, -0.1
481, -0.1
482, -0.1
483, -0.3
484, 0.4
485, -0.2
486, 0.2
487, -0.6
488, 0.0
489, -0.2
490, -0.1
491, 0.4
492, 0.2
493, 0.3
494, -0.3
495, -0.3
496, -0.2
497, 0.1
498, -0.3
499, 0.2
500, -0.3
501, 0.2
502, 0.1
503, -0.3
504, 0.1
505, -0.3
506, 0.0
507, 0.1
508, 0.0
509, 0.3
510, -0.2
511, -0.1
512, -0.3
513, -0.2
514, -0.1
515, 0.3
516, -0.2
517, -0.2
518, 0.0
519, 0.0
520, 0.2
521, 0.0
522, 0.0
523, 0.1
524, -0.1
525, 0.2
526, -0.1
527, 0.1
528, -0.1
529, 0.2
530, -0.1
531, 0.3
532, -0.5
533, 0.2
534, 0.1
535, 0.1
536, -0.3
537, -0.3
538, -0.5
539, 0.2
540, -0.1
541, 0.2
542, -0.3
543, -0.2
544, -0.3
545, 0.4
546, 0.0
547, 0.1
548, -0.2
549, 0.1
550, 0.3
551, -0.1
552, -0.2
553, -0.3
554, 0.2
555, 0.0
556, 0.3
557, 0.1
558, -0.1
559, 0.3
560, -0.2
561, -0.2
562, 0.0
563, -0.2
564, 0.0
565, 0.3
566, 0.2
567, 0.0
568, 0.0
569, 0.1
570, 0.0
571, 0.5
572, 0.1
573, 0.3
574, 0.1
575, -0.4
576, 0.4
577, 0.3
578, -0.3
579, -0.2
580, 0.0
581, -0.1
582, 0.1
583, -0.2
584, 0.1
585, -0.2
586, 0.4
587, -0.1
588, 0.1
589, -0.3
590, 0.0
591, 0.0
592, 0.0
593, 0.4
594, 0.3
595, -0.1
596, 0.3
597, -0.4
598, 0.2
599, -0.2
600, 0.2
601, 0.1
602, -0.1
603, -0.2
604, 0.0
605, -0.4
606, 0.3
607, -0.1
608, 0.4
609, -0.1
610, -0.1
611, 0.2
612, -0.1
613, -0.3
614, 0.0
615, 0.1
616, 0.3
617, 0.3
618, 0.1
619, -0.2
620, 0.3
621, 0.2
622, 0.1
623, -0.1
624, -0.1
625, -0.1
626, 0.0
627, -0.5
628, -0.3
629, 0.0
630, -0.2
631, 0.0
632, 0.2
633, -0.1
634, -0.2
635, 0.1
636, 0.2
637, 0.2
638, 0.0
639, 0.4
640, 0.3
641, -0.2
642, 0.2
643, -0.4
644, 0.1
645, -0.1
646, 0.0
647, -0.3
648, 0.0
649, -0.1
650, 0.2
651, 0.3
652, -0.3
653, 0.2
654, 0.3
655, 0.2
656, 0.0
657, 0.0
658, -0.1
659, -0.1
660, 0.0
661, 0.1
662, -0.4
663, -0.3
664, 0.3
665, 0.1
666, -0.1
667, -0.1
668, 0.0
669, 0.1
670, 0.3
671, 0.3
672, 0.2
673, 0.1
674, -0.4
675, -0.3
676, 0.2
677, -0.7
678, 0.0
679, 0.0
680, 0.4
681, -0.1
682, 0.2
683, 0.3
684, 0.2
685, -0.3
686, -0.2
687, -0.1
688, 0.4
689, 0.0
690, 0.2
691, -0.2
692, -0.4
693, -0.1
694, 0.2
695, -0.2
696, 0.5
697, 0.0
698, 0.2
699, -0.1
700, -0.4
701, 0.2
702, -0.2
703, 0.1
704, -0.1
705, -0.1
706, 0.2
707, -0.2
708, 0.1
709, -0.1
710, -0.3
711, -0.4
712, -0.4
713, 0.2
714, 0.2
715, 0.0
716, -0.1
717, 0.2
718, -0.1
719, 0.1
720, 0.0
721, -0.4
722, -0.1
723, -0.2
724, -0.1
725, -0.2
726, -0.3
727, -0.2
728, 0.0
729, 0.0
730, 0.0
731, -0.3
732, 0.0
733, 0.1
734, 0.3
735, 0.0
736, 0.1
737, 0.0
738, 0.2
739, 0.3
740, 0.1
741, 0.1
742, -0.1
743, -0.1
744, -0.1
745, -0.3
746, 0.1
747, 0.0
748, 0.0
749, 0.1
750, -0.4
751, -0.6
752, 0.4
753, 0.3
754, 0.1
755, 0.0
756, -0.2
757, -0.6
758, 0.2
759, -0.1
760, -0.1
761, 0.0
762, 0.0
763, -0.3
764, -0.1
765, 0.2
766, -0.3
767, 0.1
768, 0.0
769, -0.2
770, -0.4
771, -0.2
772, -0.6
773, -0.1
774, 0.0
775, -0.1
776, -0.1
777, 0.3
778, 0.0
779, -0.4
780, 0.0
781, -0.1
782, -0.1
783, -0.2
784, 0.0
785, -0.2
786, 0.3
787, -0.2
788, 0.2
789, 0.3
790, -0.1
791, 0.0
792, -0.4
793, 0.2
794, -0.1
795, 0.3
796, -0.4
797, -0.1
798, -0.4
799, 0.0
800, 0.0
801, -0.3
802, -0.2
803, 0.1
804, 0.1
805, 0.1
806, -0.3
807, 0.1
808, 0.1
809, 0.0
810, -0.2
811, 0.3
812, 0.1
813, -0.2
814, 0.3
815, -0.2
816, -0.3
817, 0.2
818, 0.0
819, 0.3
820, 0.2
821, 0.2
822, -0.5
823, 0.0
824, 0.3
825, 0.3
826, 0.0
827, 0.2
828, 0.2
829, -0.5
830, -0.1
831, 0.3
832, -0.2
833, 0.0
834, -0.1
835, 0.1
836, 0.3
837, -0.2
838, 0.1
839, -0.1
840, -0.5
841, 0.0
842, 0.1
843, 0.2
844, 0.4
845, 0.0
846, 0.2
847, -0.2
848, 0.1
849, 0.0
850, -0.1
851, 0.0
852, -0.2
853, -0.3
854, 0.2
855, 0.4
856, 0.5
857, 0.0
858, 0.2
859, 0.4
860, -0.3
861, -0.4
862, 0.0
863, 0.2
864, 0.4
865, 0.1
866, 0.2
867, 0.0
868, 0.0
869, -0.3
870, -0.2
871, -0.2
872, -0.2
873, 0.2
874, 0.1
875, 0.1
876, 0.2
877, 0.3
878, -0.1
879, 0.2
880, -0.1
881, 0.1
882, -0.2
883, 0.3
884, 0.2
885, 0.2
886, -0.3
887, 0.3
888, 0.0
889, -0.2
890, 0.1
891, -0.5
892, 0.0
893, -0.1
894, 0.3
895, 0.2
896, -0.4
897, 0.2
898, -0.1
899, 0.2
900, -0.3
901, 0.2
902, -0.2
903, 0.2
904, 0.0
905, 0.4
906, -0.5
907, 0.2
908, -0.2
909, -0.2
910, 0.2
911, 0.1
912, 0.0
913, -0.3
914, 0.2
915, -0.1
916, -0.3
917, -0.4
918, 0.0
919, -0.2
920, 0.0
921, 0.2
922, -0.1
923, 0.0
924, 0.1
925, -0.2
926, 0.3
927, -0.1
928, 0.0
929, -0.1
930, -0.1
931, -0.1
932, 0.2
933, -0.2
934, 0.0
935, 0.0
936, -0.2
937, 0.2
938, 0.3
939, 0.1
940, 0.3
941, 0.3
942, 0.0
943, -0.2
944, -0.2
945, 0.3
946, -0.1
947, 0.3
948, 0.2
949, -0.1
950, 0.2
951, 0.2
952, 0.0
953, -0.1
954, 0.1
955, 0.1
956, -0.2
957, 0.2
958, 0.1
959, -0.1
960, -0.1
961, -0.1
962, 0.2
963, -0.1
964, 0.1
965, 0.1
966, -0.1
967, -0.3
968, -0.1
969, 0.2
970, 0.2
971, 0.1
972, -0.1
973, 0.1
974, -0.2
975, 0.1
976, -0.2
977, 0.1
978, -0.2
979, -0.1
980, 0.2
981, 0.1
982, 0.2
983, 0.3
984, 0.0
985, 0.0
986, -0.1
987, 0.3
988, 0.0
989, 0.3
990, -0.6
991, 0.4
992, 0.2
993, 0.1
994, -0.3
995, -0.4
996, -0.2
997, 0.0
998, -0.3
999, 0.1
1000, 0.1
1001, 0.1
1002, 0.0
1003, 0.1
1004, -0.3
1005, 0.1
1006, 0.1
1007, 0.1
1008, 0.2
1009, -0.2
1010, 0.1
1011, 0.0
1012, -0.1
1013, -0.4
1014, 0.0
1015, 0.1
1016, -0.3
1017, -0.1
1018, -0.1
1019, 0.2
1020, 0.1
1021, 0.0
1022, 0.0
1023, -0.1
1024, 0.2
1025, -0.2
1026, 0.2
1027, 0.1
1028, 0.1
1029, 0.0
1030, -0.1
1031, 0.1
1032, 0.1
1033, 0.0
1034, -0.5
1035, -0.2
1036, 0.0
1037, 0.3
1038, -0.2
1039, 0.1
1040, 0.3
1041, 0.1
1042, -0.3
1043, 0.1
1044, 0.1
1045, -0.3
1046, -0.1
1047, -0.2
1048, 0.2
1049, -0.2
1050, 0.1
1051, -0.3
1052, 0.0
1053, -0.6
1054, 0.0
1055, 0.2
1056, -0.2
1057, -0.4
1058, 0.4
1059, -0.3
1060, 0.2
1061, -0.1
1062, -0.1
1063, 0.2
1064, 0.2
1065, -0.6
1066, 0.1
1067, 0.0
1068, 0.3
1069, 0.5
1070, 0.2
1071, 0.1
1072, -0.2
1073, -0.2
1074, 0.4
1075, 0.0
1076, 0.0
1077, 0.1
1078, 0.5
1079, 0.1
1080, -0.1
1081, -0.2
1082, 0.2
1083, 0.2
1084, 0.0
1085, 0.1
1086, 0.3
1087, 0.3
1088, 0.2
1089, 0.0
1090, -0.1
1091, 0.0
1092, -0.3
1093, 0.2
1094, 0.3
1095, -0.7
1096, 0.2
1097, -0.2
1098, -0.2
1099, 0.0
1100, -0.2
1101, 0.2
1102, 0.0
1103, -0.3
1104, -0.2
1105, 0.1
1106, 0.1
1107, 0.1
1108, 0.1
1109, 0.2
1110, -0.2
1111, -0.2
1112, 0.1
1113, 0.1
1114, 0.0
1115, -0.1
1116, 0.0
1117, -0.3
1118, 0.1
1119, 0.3
1120, 0.1
1121, 0.3
1122, 0.3
1123, 0.1
1124, -0.4
1125, 0.2
1126, -0.1
1127, -0.3
1128, 0.2
1129, 0.2
1130, -0.1
1131, -0.2
1132, 0.0
1133, -0.1
1134, 0.2
1135, 0.2
1136, 0.1
1137, 0.0
1138, -0.3
1139, 0.1
1140, 0.0
1141, 0.1
1142, 0.1
1143, -0.5
1144, -0.5
1145, 0.0
1146, -0.2
1147, 0.3
1148, 0.1
1149, -0.2
1150, -0.2
1151, 0.4
1152, 0.0
1153, -0.2
1154, -0.4
1155, -0.1
1156, -0.2
1157, 0.1
1158, 0.0
1159, 0.1
1160, 0.1
1161, -0.2
1162, -0.2
1163, 0.1
1164, 0.3
1165, -0.1
1166, 0.3
1167, -0.1
1168, 0.1
1169, 0.1
1170, -0.4
1171, 0.0
1172, 0.2
1173, 0.1
1174, 0.1
1175, -0.5
1176, 0.2
1177, 0.0
1178, 0.1
1179, 0.1
1180, 0.1
1181, -0.1
1182, -0.3
1183, -0.2
1184, -0.1
1185, 0.1
1186, -0.3
1187, 0.1
1188, 0.2
1189, 0.2
1190, -0.4
1191, 0.2
1192, -0.2
1193, 0.2
1194, 0.2
1195, 0.3
1196, 0.1
1197, 0.0
1198, 0.3
1199, -0.2
1200, -0.1
1201, 0.1
1202, 0.2
1203, -0.3
1204, 0.4
1205, 0.1
1206, -0.2
1207, -0.2
1208, 0.2
1209, 0.1
1210, -0.1
1211, -0.1
1212, -0.3
1213, 0.0
1214, 0.3
1215, -0.2
1216, 0.0
1217, -0.1
1218, -0.1
1219, 0.0
1220, 0.0
1221, 0.4
1222, -0.1
1223, 0.1
1224, 0.2
1225, -0.1
1226, -0.3
1227, 0.1
1228, -0.1
1229, -0.3
1230, 0.1
1231, -0.2
1232, 0.4
1233, 0.0
1234, 0.1
1235, -0.3
1236, 0.1
1237, -0.3
1238, 0.0
1239, 0.1
1240, 0.2
1241, 0.1
1242, -0.1
1243, 0.2
1244, 0.0
1245, 0.0
1246, 0.1
1247, 0.0
1248, 0.0
1249, 0.4
1250, 0.1
1251, 0.2
1252, -0.1
1253, 0.4
1254, 0.0
1255, -0.9
1256, 0.1
1257, -0.1
1258, -0.2
1259, 0.0
1260, -0.1
1261, -0.1
1262, -0.2
1263, 0.0
1264, 0.2
1265, 0.4
1266, -0.3
1267, -0.2
1268, 0.0
1269, 0.1
1270, -0.1
1271, 0.2
1272, -0.2
1273, 0.0
1274, -0.4
1275, 0.4
1276, 0.2
1277, -0.4
1278, 0.1
1279, 0.2
1280, 0.2
1281, 0.0
1282, -0.3
1283, -0.2
1284, 0.1
1285, 0.4
1286, 0.0
1287, 0.0
1288, 0.3
1289, 0.0
1290, 0.3
1291, -0.1
1292, -0.1
1293, 0.3
1294, -0.2
1295, -0.1
1296, -0.1
1297, 0.0
1298, 0.2
1299, 0.1
1300, 0.3
1301, 0.3
1302, -0.4
1303, 0.0
1304, 0.1
1305, 0.3
1306, -0.3
1307, -0.2
1308, 0.0
1309, 0.3
1310, -0.2
1311, -0.4
1312, 0.1
1313, 0.1
1314, 0.0
1315, -0.5
1316, 0.2
1317, 0.3
1318, -0.2
1319, 0.2
1320, 0.1
1321, 0.2
1322, 0.1
1323, -0.1
1324, 0.3
1325, 0.0
1326, 0.3
1327, 0.0
1328, 0.4
1329, 0.0
1330, 0.3
1331, 0.3
1332, 0.0
1333, 0.0
1334, 0.0
1335, 0.1
1336, -0.1
1337, -0.1
1338, -0.2
1339, 0.0
1340, -0.1
1341, -0.2
1342, 0.4
1343, 0.1
1344, -0.1
1345, 0.4
1346, 0.2
1347, 0.2
1348, 0.0
1349, -0.2
1350, 0.1
1351, 0.1
1352, -0.2
1353, 0.1
1354, 0.1
1355, -0.2
1356, -0.2
1357, 0.4
1358, 0.0
1359, -0.1
1360, -0.2
1361, 0.0
1362, 0.1
1363, -0.2
1364, 0.3
1365, 0.1
1366, -0.4
1367, 0.0
1368, 0.2
1369, -0.5
1370, 0.1
1371, 0.2
1372, -0.1
1373, 0.3
1374, 0.4
1375, 0.1
1376, 0.3
1377, 0.0
1378, 0.0
1379, 0.3
1380, 0.0
1381, 0.1
1382, -0.2
1383, 0.0
1384, -0.3
1385, -0.2
1386, -0.4
1387, 0.1
1388, 0.3
1389, 0.1
1390, -0.4
1391, -0.3
1392, 0.3
1393, 0.1
1394, 0.0
1395, 0.1
1396, -0.2
1397, 0.2
1398, -0.1
1399, 0.1
1400, 0.2
1401, 0.3
1402, 0.2
1403, 0.2
1404, 0.0
1405, 0.1
1406, 0.0
1407, -0.4
1408, -0.1
1409, 0.3
1410, -0.1
1411, 0.2
1412, 0.1
1413, -0.3
1414, 0.2
1415, -0.3
1416, -0.1
1417, 0.0
1418, -0.6
1419, -0.2
1420, 0.3
1421, -0.3
1422, 0.0
1423, 0.2
1424, -0.1
1425, -0.1
1426, -0.1
1427, 0.1
1428, 0.0
1429, -0.1
1430, -0.5
1431, 0.0
1432, 0.2
1433, 0.2
1434, 0.0
1435, 0.2
1436, 0.3
1437, 0.4
1438, -0.2
1439, -0.2
1440, -0.3
1441, 0.4
1442, 0.2
1443, 0.1
1444, 0.1
1445, -0.1
1446, 0.2
1447, 0.1
1448, -0.1
1449, 0.1
1450, 0.2
1451, 0.2
1452, 0.5
1453, -0.1
1454, 0.1
1455, -0.1
1456, 0.1
1457, 0.0
1458, 0.1
1459, -0.2
1460, 0.1
1461, 0.0
1462, -0.5
1463, -0.1
1464, -0.4
1465, 0.2
1466, -0.2
1467, -0.1
1468, 0.3
1469, 0.2
1470, 0.2
1471, 0.3
1472, -0.1
1473, 0.1
1474, 0.0
1475, -0.1
1476, 0.1
1477, -0.2
1478, -0.1
1479, 0.2
1480, 0.1
1481, -0.3
1482, 0.2
1483, -0.2
1484, 0.0
1485, -0.4
1486, 0.0
1487, 0.2
1488, 0.3
1489, 0.2
1490, 0.4
1491, 0.0
1492, 0.0
1493, 0.0
1494, 0.0
1495, -0.4
1496, 0.1
1497, 0.3
1498, 0.1
1499, 0.1
1500, 0.1
1501, -0.1
1502, -0.2
1503, -0.4
1504, 0.0
1505, -0.2
1506, 0.3
1507, 0.0
1508, -0.4
1509, 0.3
1510, 0.1
1511, -0.3
1512, -0.5
1513, 0.0
1514, 0.0
1515, 0.0
1516, -0.1
1517, 0.0
1518, 0.3
1519, 0.0
1520, 0.0
1521, 0.1
1522, 0.2
1523, -0.2
1524, 0.3
1525, 0.0
1526, 0.0
1527, 0.1
1528, 0.1
1529, -0.2
1530, 0.0
1531, 0.3
1532, -0.3
1533, 0.0
1534, -0.2
1535, -0.5
1536, 0.0
1537, -0.2
1538, 0.1
1539, 0.3
1540, 0.2
1541, -0.1
1542, 0.2
1543, -0.1
1544, 0.2
1545, -0.2
1546, 0.0
1547, 0.2
1548, 0.0
1549, -0.4
1550, 0.0
1551, 0.1
1552, -0.2
1553, 0.2
1554, 0.3
1555, 0.0
1556, -0.3
1557, 0.3
1558, -0.2
1559, -0.1
1560, 0.3
1561, 0.0
1562, -0.1
1563, -0.4
1564, 0.5
1565, 0.2
1566, 0.1
1567, -0.1
1568, 0.2
1569, -0.1
1570, 0.2
1571, -0.5
1572, -0.3
1573, 0.1
1574, 0.1
1575, 0.0
1576, 0.2
1577, -0.2
1578, 0.1
1579, 0.3
1580, 0.0
1581, 0.0
1582, 0.4
1583, 0.1
1584, -0.1
1585, -0.1
1586, 0.3
1587, 0.4
1588, -0.2
1589, 0.0
1590, 0.0
1591, -0.2
1592, 0.4
1593, 0.0
1594, -0.4
1595, -0.2
1596, 0.3
1597, 0.1
1598, 0.1
1599, 0.2
1600, 0.0
1601, 0.1
1602, 0.2
1603, -0.6
1604, 0.2
1605, 0.1
1606, 0.0
1607, 0.2
1608, -0.2
1609, 0.1
1610, -0.1
1611, 0.1
1612, 0.2
1613, 0.1
1614, -0.1
1615, 0.0
1616, 0.3
1617, 0.0
1618, 0.0
1619, 0.0
1620, -0.1
1621, 0.2
1622, 0.1
1623, -0.2
1624, 0.1
1625, -0.2
1626, 0.1
1627, 0.1
1628, -0.2
1629, 0.2
1630, 0.1
1631, -0.1
1632, -0.1
1633, -0.2
1634, 0.1
1635, 0.1
1636, 0.0
1637, -0.4
1638, 0.3
1639, -0.4
1640, 0.3
1641, 0.1
1642, 0.3
1643, -0.3
1644, 0.0
1645, 0.1
1646, 0.0
1647, -0.3
1648, 0.0
1649, 0.1
1650, -0.1
1651, -0.3
1652, -0.1
1653, -0.2
1654, -0.1
1655, 0.2
1656, 0.0
1657, 0.1
1658, 0.0
1659, 0.4
1660, 0.2
1661, 0.4
1662, 0.4
1663, 0.0
1664, -0.4
1665, 0.0
1666, -0.1
1667, 0.1
1668, 0.1
1669, -0.4
1670, 0.2
1671, 0.2
1672, 0.1
1673, 0.1
1674, 0.3
1675, 0.1
1676, -0.2
1677, -0.3
1678, -0.3
1679, -0.3
1680, -0.1
1681, 0.1
1682, 0.2
1683, 0.3
1684, -0.3
1685, 0.1
1686, -0.1
1687, 0.2
1688, 0.1
1689, 0.2
1690, -0.3
1691, 0.0
1692, -0.2
1693, -0.1
1694, 0.0
1695, 0.1
1696, 0.2
1697, -0.3
1698, 0.5
1699, -0.3
1700, 0.3
1701, 0.0
1702, 0.0
1703, 0.1
1704, 0.2
1705, 0.2
1706, 0.0
1707, -0.2
1708, 0.0
1709, 0.1
1710, -0.1
1711, -0.1
1712, -0.2
1713, 0.1
1714, -0.2
1715, -0.1
1716, 0.0
1717, -0.1
1718, -0.1
1719, -0.1
1720, 0.2
1721, 0.3
1722, -0.3
1723, 0.0
1724, 0.1
1725, -0.1
1726, 0.1
1727, 0.0
1728, -0.2
1729, -0.1
1730, 0.1
1731, -0.1
1732, 0.3
1733, 0.0
1734, -0.3
1735, 0.1
1736, 0.1
1737, 0.0
1738, -0.4
1739, 0.1
1740, 0.1
1741, 0.1
1742, -0.2
1743, 0.2
1744, -0.5
1745, 0.2
1746, -0.3
1747, -0.2
1748, -0.1
1749, 0.2
1750, 0.1
1751, 0.1
1752, 0.0
1753, 0.2
1754, 0.0
1755, -0.4
1756, -0.8
1757, 0.1
1758, -0.2
1759, 0.1
1760, -0.2
1761, -0.3
1762, -0.2
1763, 0.2
1764, 0.0
1765, -0.1
1766, 0.2
1767, -0.7
1768, 0.3
1769, -0.1
1770, 0.0
1771, 0.3
1772, 0.2
1773, 0.1
1774, -0.1
1775, 0.2
1776, -0.3
1777, 0.2
1778, 0.2
1779, 0.2
1780, 0.0
1781, -0.1
1782, -0.3
1783, 0.3
1784, -0.1
1785, 0.3
1786, -0.2
1787, 0.1
1788, 0.1
1789, 0.3
1790, 0.4
1791, 0.3
1792, -0.1
1793, 0.0
1794, -0.1
1795, 0.0
1796, 0.1
1797, -0.4
1798, 0.3
1799, 0.2
1800, 0.1
1801, 0.0
1802, -0.1
1803, 0.1
1804, 0.3
1805, 0.2
1806, 0.2
1807, -0.1
1808, -0.2
1809, 0.5
1810, 0.0
1811, 0.3
1812, 0.1
1813, -0.5
1814, 0.1
1815, -0.2
1816, -0.3
1817, 0.1
1818, 0.4
1819, 0.2
1820, 0.4
1821, 0.2
1822, -0.2
1823, 0.0
1824, -0.1
1825, 0.0
1826, 0.2
1827, 0.1
1828, 0.4
1829, -0.2
1830, 0.1
1831, 0.1
1832, 0.0
1833, 0.2
1834, 0.0
1835, 0.1
1836, -0.2
1837, 0.2
1838, 0.2
1839, 0.3
1840, 0.3
1841, 0.1
1842, -0.3
1843, 0.0
1844, 0.0
1845, -0.1
1846, 0.2
1847, -0.1
1848, 0.3
1849, -0.1
1850, 0.1
1851, -0.1
1852, 0.0
1853, 0.2
1854, 0.0
1855, 0.3
1856, 0.0
1857, -0.1
1858, 0.1
1859, 0.2
1860, -0.4
1861, -0.5
1862, 0.0
1863, 0.2
1864, -0.3
1865, -0.1
1866, 0.2
1867, 0.2
1868, -0.2
1869, 0.3
1870, -0.1
1871, -0.2
1872, -0.3
1873, 0.0
1874, 0.0
1875, -0.2
1876, 0.3
1877, 0.3
1878, 0.1
1879, 0.2
1880, 0.0
1881, 0.1
1882, 0.1
1883, 0.1
1884, 0.3
1885, -0.2
1886, 0.3
1887, 0.2
1888, 0.0
1889, 0.0
1890, -0.4
1891, 0.0
1892, 0.1
1893, -0.3
1894, -0.1
1895, -0.3
1896, 0.0
1897, 0.2
1898, 0.2
1899, -0.1
1900, 0.2
1901, -0.3
1902, 0.4
1903, 0.1
1904, 0.1
1905, -0.1
1906, 0.0
1907, 0.3
1908, -0.4
1909, 0.0
1910, 0.1
1911, 0.2
1912, 0.3
1913, 0.2
1914, 0.1
1915, 0.3
1916, -0.3
1917, 0.0
1918, 0.4
1919, -0.4
1920, 0.0
1921, -0.4
1922, 0.0
1923, 0.1
1924, 0.0
1925, 0.4
1926, 0.2
1927, -0.2
1928, 0.2
1929, 0.0
1930, 0.4
1931, 0.4
1932, 0.1
1933, -0.3
1934, 0.3
1935, -0.1
1936, 0.2
1937, 0.3
1938, -0.2
1939, -0.3
1940, 0.1
1941, 0.0
1942, -0.1
1943, 0.2
1944, -0.1
1945, 0.4
1946, 0.1
1947, -0.1
1948, 0.0
1949, 0.0
1950, 0.5
1951, 0.1
1952, -0.3
1953, -0.2
1954, -0.4
1955, 0.4
1956, 0.3
1957, 0.3
1958, -0.3
1959, -0.2
1960, 0.4
1961, 0.2
1962, -0.1
1963, 0.2
1964, 0.0
1965, 0.0
1966, -0.1
1967, 0.2
1968, 0.1
1969, -0.2
1970, -0.3
1971, -0.3
1972, 0.0
1973, 0.0
1974, -0.3
1975, 0.1
1976, 0.0
1977, -0.4
1978, -0.2
1979, 0.0
1980, -0.3
1981, 0.4
1982, -0.3
1983, 0.4
1984, -0.3
1985, -0.1
1986, 0.1
1987, 0.3
1988, -0.1
1989, 0.2
1990, 0.3
1991, -0.2
1992, 0.4
1993, 0.1
1994, 0.2
1995, -0.1
1996, -0.2
1997, 0.1
1998, 0.4
1999, -0.3
2000, -0.4
2001, -0.1
2002, 0.0
2003, -0.2
2004, 0.2
2005, 0.1
2006, 0.1
2007, -0.2
2008, -0.1
2009, 0.3
2010, 0.2
2011, -0.1
2012, -0.2
2013, -0.4
2014, 0.1
2015, 0.1
2016, 0.1
2017, 0.2
2018, 0.0
2019, -0.3
2020, -0.1
2021, -0.1
2022, -0.3
2023, 0.2
2024, -0.4
2025, 0.3
2026, 0.0
2027, 0.4
2028, 0.0
2029, 0.1
2030, 0.2
2031, 0.2
2032, 0.1
2033, -0.2
2034, 0.2
2035, -0.1
2036, -0.3
2037, 0.2
2038, -0.4
2039, 0.4
2040, -0.1
2041, 0.2
2042, 0.1
2043, 0.0
2044, 0.1
2045, 0.0
2046, 0.0
2047, 0.0
2048, -0.2
2049, 0.3
2050, 0.2
2051, 0.1
2052, 0.1
2053, 0.2
2054, 0.2
2055, 0.3
2056, 0.1
2057, 0.4
2058, 0.1
2059, 0.1
2060, -0.2
2061, -0.3
2062, -0.1
2063, -0.2
2064, 0.5
2065, 0.2
2066, 0.2
2067, -0.3
2068, -0.1
2069, -0.2
2070, 0.3
2071, 0.2
2072, 0.0
2073, 0.0
2074, -0.2
2075, 0.0
2076, 0.3
2077, -0.4
2078, 0.1
2079, -0.2
2080, -0.2
2081, -0.2
2082, 0.0
2083, 0.2
2084, 0.1
2085, -0.3
2086, -0.2
2087, -0.3
2088, 0.1
2089, 0.0
2090, -0.2
2091, 0.2
2092, -0.2
2093, 0.1
2094, 0.0
2095, 0.0
2096, -0.4
2097, 0.5
2098, 0.3
2099, 0.0
2100, 0.1
2101, 0.2
2102, -0.3
2103, 0.4
2104, 0.1
2105, 0.3
2106, 0.1
2107, 0.0
2108, -0.3
2109, 0.3
2110, 0.2
2111, 0.0
2112, 0.1
2113, 0.0
2114, -0.2
2115, 0.2
2116, 0.1
2117, 0.0
2118, -0.1
2119, -0.1
2120, 0.0
2121, -0.2
2122, -0.1
2123, 0.2
2124, 0.2
2125, -0.1
2126, -0.5
2127, 0.2
2128, 0.0
2129, -0.2
2130, 0.0
2131, 0.2
2132, 0.3
2133, 0.5
2134, 0.4
2135, 0.2
2136, -0.1
2137, -0.2
2138, 0.5
2139, -0.3
2140, 0.1
2141, -0.4
2142, -0.1
2143, -0.3
2144, 0.0
2145, 0.0
2146, 0.1
2147, 0.1
2148, 0.1
2149, 0.3
2150, -0.1
2151, -0.4
2152, 0.3
2153, -0.1
2154, 0.0
2155, 0.3
2156, 0.1
2157, 0.2
2158, 0.3
2159, 0.0
2160, -0.4
2161, -0.4
2162, 0.1
2163, -0.1
2164, 0.0
2165, 0.1
2166, -0.2
2167, 0.5
2168, 0.0
2169, -0.5
2170, -0.2
2171, 0.2
2172, 0.2
2173, -0.1
2174, 0.1
2175, -0.1
2176, 0.0
2177, 0.2
2178, 0.0
2179, -0.1
2180, 0.3
2181, 0.3
2182, 0.1
2183, 0.0
2184, 0.1
2185, -0.2
2186, 0.0
2187, -0.2
2188, 0.1
2189, 0.1
2190, 0.1
2191, 0.1
2192, 0.2
2193, 0.0
2194, -0.3
2195, 0.1
2196, -0.4
2197, 0.4
2198, 0.1
2199, -0.1
2200, 0.0
2201, 0.1
2202, 0.0
2203, -0.2
2204, 0.0
2205, 0.1
2206, 0.1
2207, 0.0
2208, -0.2
2209, -0.1
2210, 0.3
2211, -0.1
2212, 0.0
2213, 0.1
2214, 0.3
2215, 0.0
2216, 0.0
2217, 0.0
2218, -0.2
2219, -0.1
2220, -0.1
2221, 0.0
2222, 0.0
2223, 0.5
2224, 0.0
2225, -0.3
2226, 0.2
2227, 0.3
2228, 0.2
2229, 0.0
2230, -0.1
2231, -0.1
2232, 0.1
2233, 0.3
2234, -0.2
2235, -0.4
2236, 0.1
2237, 0.1
2238, -0.1
2239, -0.1
2240, 0.1
2241, -0.4
2242, -0.1
2243, -0.2
2244, 0.0
2245, 0.0
2246, 0.3
2247, -0.5
2248, 0.1
2249, 0.3
2250, 0.3
2251, 0.2
2252, 0.1
2253, -0.2
2254, 0.0
2255, 0.1
2256, 0.0
2257, 0.2
2258, 0.3
2259, 0.2
2260, -0.2
2261, -0.2
2262, 0.4
2263, 0.0
2264, 0.2
2265, 0.0
2266, -0.3
2267, 0.0
2268, 0.1
2269, 0.0
2270, 0.2
2271, -0.2
2272, -0.1
2273, -0.1
2274, -0.3
2275, -0.1
2276, -0.3
2277, 0.2
2278, 0.2
2279, -0.4
2280, -0.2
2281, -0.1
2282, -0.4
2283, 0.1
2284, -0.1
2285, 0.0
2286, 0.2
2287, -0.5
2288, 0.0
2289, 0.3
2290, -0.3
2291, 0.2
2292, 0.1
2293, 0.2
2294, 0.3
2295, -0.1
2296, 0.2
2297, 0.1
2298, 0.0
2299, 0.1
2300, 0.1
2301, 0.2
2302, -0.5
2303, 0.2
2304, -0.3
2305, 0.2
2306, 0.0
2307, 0.1
2308, -0.3
2309, -0.2
2310, -0.1
2311, -0.1
2312, -0.2
2313, 0.0
2314, -0.1
2315, 0.2
2316, -0.1
2317, 0.0
2318, 0.2
2319, 0.0
2320, 0.2
2321, -0.3
2322, -0.1
2323, 0.0
2324, -0.4
2325, 0.0
2326, -0.1
2327, 0.0
2328, 0.1
2329, 0.0
2330, 0.0
2331, -0.1
2332, 0.0
2333, -0.2
2334, -0.2
2335, 0.0
2336, -0.3
2337, 0.3
2338, -0.5
2339, -0.3
2340, -0.2
2341, -0.2
2342, -0.1
2343, -0.3
2344, 0.3
2345, 0.0
2346, 0.0
2347, -0.6
2348, 0.1
2349, -0.1
2350, 0.1
2351, 0.2
2352, -0.3
2353, 0.1
2354, 0.2
2355, 0.0
2356, -0.3
2357, -0.1
2358, -0.2
2359, -0.1
2360, -0.2
2361, 0.2
2362, -0.1
2363, -0.1
2364, 0.2
2365, 0.0
2366, 0.1
2367, 0.1
2368, 0.1
2369, -0.1
2370, 0.2
2371, -0.1
2372, 0.3
2373, -0.3
2374, 0.2
2375, 0.0
2376, 0.0
2377, 0.1
2378, 0.3
2379, 0.3
2380, 0.1
2381, 0.0
2382, -0.3
2383, 0.0
2384, -0.1
2385, 0.0
2386, 0.0
2387, -0.2
2388, 0.0
2389, -0.2
2390, -0.2
2391, -0.3
2392, 0.3
2393, -0.1
2394, -0.1
2395, 0.1
2396, 0.3
2397, 0.0
2398, 0.0
2399, 0.3
2400, 0.1
2401, 0.1
2402, 0.4
2403, 0.2
2404, 0.0
2405, 0.0
2406, 0.0
2407, -0.2
2408, 0.4
2409, 0.3
2410, 0.3
2411, -0.3
2412, 0.1
2413, 0.0
2414, -0.2
2415, -0.2
2416, -0.2
2417, 0.2
2418, -0.1
2419, -0.2
2420, 0.3
2421, -0.4
2422, 0.0
2423, 0.2
2424, -0.1
2425, -0.1
2426, 0.4
2427, -0.3
2428, -0.2
2429, 0.0
2430, -0.2
2431, -0.3
2432, 0.0
2433, 0.2
2434, 0.3
2435, 0.4
2436, 0.3
2437, 0.1
2438, -0.1
2439, -0.1
2440, 0.0
2441, -0.1
2442, -0.1
2443, -0.3
2444, 0.0
2445, -0.1
2446, 0.1
2447, 0.1
2448, 0.0
2449, -0.3
2450, 0.2
2451, 0.1
2452, -0.1
2453, 0.3
2454, -0.1
2455, -0.1
2456, -0.3
2457, 0.0
2458, -0.3
2459, 0.2
2460, 0.0
2461, 0.2
2462, 0.0
2463, -0.1
2464, 0.0
2465, -0.2
2466, 0.3
2467, -0.3
2468, 0.1
2469, -0.7
2470, -0.2
2471, 0.0
2472, 0.1
2473, -0.1
2474, 0.1
2475, -0.2
2476, 0.2
2477, 0.1
2478, 0.4
2479, 0.0
2480, 0.2
2481, 0.0
2482, -0.1
2483, 0.1
2484, 0.1
2485, -0.1
2486, 0.0
2487, 0.2
2488, -0.1
2489, 0.0
2490, 0.0
2491, 0.0
2492, 0.0
2493, 0.1
2494, 0.0
2495, -0.2
2496, -0.2
2497, 0.2
2498, 0.0
2499, -0.3
2500, 0.1
2501, -0.1
2502, 0.2
2503, -0.1
2504, 0.4
2505, 0.0
2506, -0.1
2507, 0.3
2508, 0.2
2509, 0.0
2510, -0.1
2511, -0.1
2512, 0.0
2513, 0.1
2514, -0.2
2515, 0.3
2516, 0.0
2517, -0.2
2518, 0.1
2519, 0.1
2520, -0.1
2521, 0.1
2522, -0.2
2523, 0.0
2524, 0.1
2525, 0.3
2526, 0.2
2527, -0.2
2528, 0.0
2529, 0.2
2530, 0.0
2531, -0.2
2532, 0.0
2533, 0.1
2534, 0.0
2535, -0.2
2536, -0.3
2537, -0.2
2538, 0.0
2539, 0.2
2540, -0.3
2541, -0.2
2542, 0.1
2543, 0.4
2544, 0.1
2545, -0.2
2546, -0.1
2547, 0.3
2548, 0.0
2549, 0.1
2550, 0.0
2551, -0.1
2552, 0.2
2553, -0.2
2554, 0.1
2555, 0.1
2556, -0.2
2557, 0.1
2558, -0.2
2559, -0.3
2560, 0.2
2561, 0.1
2562, -0.2
2563, -0.1
2564, -0.3
2565, 0.3
2566, 0.4
2567, 0.1
2568, 0.0
2569, -0.1
2570, -0.3
2571, -0.1
2572, -0.2
2573, -0.1
2574, 0.2
2575, 0.0
2576, -0.1
2577, 0.2
2578, 0.1
2579, 0.1
2580, 0.3
2581, 0.1
2582, -0.3
2583, -0.2
2584, -0.1
2585, -0.1
2586, 0.1
2587, 0.1
2588, -0.2
2589, -0.1
2590, -0.2
2591, 0.2
2592, 0.1
2593, 0.1
2594, -0.2
2595, 0.1
2596, -0.2
2597, 0.1
2598, -0.3
2599, 0.1
2600, 0.3
2601, 0.2
2602, -0.2
2603, 0.2
2604, -0.1
2605, 0.1
2606, 0.0
2607, 0.4
2608, -0.2
2609, 0.2
2610, 0.1
2611, 0.0
2612, -0.2
2613, -0.1
2614, -0.2
2615, 0.0
2616, -0.1
2617, 0.1
2618, -0.2
2619, -0.6
2620, 0.0
2621, -0.2
2622, 0.1
2623, -0.3
2624, -0.2
2625, 0.0
2626, 0.0
2627, 0.0
2628, 0.3
2629, 0.4
2630, -0.1
2631, -0.1
2632, 0.0
2633, 0.2
2634, 0.4
2635, 0.0
2636, 0.2
2637, 0.1
2638, 0.2
2639, 0.2
2640, 0.4
2641, 0.1
2642, 0.2
2643, -0.2
2644, 0.1
2645, -0.3
2646, 0.1
2647, -0.2
2648, -0.1
2649, 0.0
2650, 0.1
2651, -0.1
2652, -0.1
2653, -0.2
2654, 0.0
2655, -0.2
2656, 0.2
2657, -0.3
2658, 0.0
2659, -0.3
2660, 0.1
2661, 0.4
2662, 0.2
2663, -0.1
2664, -0.1
2665, -0.1
2666, -0.3
2667, 0.4
2668, -0.3
2669, 0.1
2670, 0.0
2671, -0.1
2672, 0.3
2673, 0.3
2674, 0.2
2675, 0.2
2676, -0.4
2677, 0.2
2678, 0.4
2679, 0.2
2680, 0.3
2681, 0.3
2682, -0.3
2683, -0.1
2684, 0.4
2685, -0.1
2686, 0.3
2687, -0.1
2688, 0.0
2689, 0.3
2690, 0.2
2691, 0.2
2692, -0.1
2693, 0.1
2694, 0.2
2695, -0.1
2696, 0.2
2697, -0.1
2698, 0.3
2699, -0.1
2700, 0.2
2701, 0.0
2702, -0.3
2703, -0.2
2704, -0.1
2705, 0.2
2706, -0.1
2707, -0.1
2708, -0.1
2709, 0.1
2710, -0.1
2711, -0.5
2712, 0.1
2713, 0.1
2714, -0.1
2715, 0.0
2716, 0.2
2717, -0.9
2718, -0.3
2719, -0.1
2720, -0.3
2721, 0.4
2722, 0.0
2723, 0.0
2724, -0.5
2725, 0.1
2726, 0.1
2727, 0.2
2728, -0.2
2729, 0.0
2730, -0.3
2731, 0.2
2732, -0.3
2733, 0.4
2734, -0.3
2735, 0.4
2736, -0.1
2737, 0.4
2738, 0.3
2739, 0.0
2740, 0.1
2741, 0.3
2742, -0.3
2743, -0.1
2744, 0.1
2745, 0.2
2746, 0.4
2747, -0.4
2748, 0.2
2749, 0.3
2750, 0.2
2751, 0.3
2752, -0.2
2753, 0.3
2754, -0.2
2755, 0.3
2756, 0.1
2757, 0.0
2758, -0.2
2759, -0.2
2760, -0.2
2761, 0.2
2762, 0.1
2763, 0.1
2764, 0.0
2765, -0.4
2766, 0.4
2767, -0.2
2768, -0.2
2769, 0.0
2770, 0.2
2771, 0.3
2772, -0.1
2773, -0.2
2774, -0.2
2775, -0.2
2776, -0.1
2777, -0.3
2778, -0.1
2779, 0.4
2780, -0.3
2781, 0.3
2782, -0.3
2783, -0.1
2784, 0.0
2785, 0.1
2786, -0.1
2787, 0.0
2788, 0.3
2789, -0.1
2790, 0.0
2791, -0.1
2792, -0.1
2793, -0.1
2794, 0.4
2795, 0.1
2796, -0.1
2797, 0.3
2798, 0.2
2799, 0.3
2800, -0.1
2801, 0.0
2802, -0.1
2803, 0.1
2804, 0.2
2805, 0.1
2806, 0.5
2807, 0.2
2808, -0.3
2809, 0.2
2810, 0.0
2811, -0.2
2812, -0.1
2813, 0.0
2814, 0.2
2815, -0.5
2816, -0.2
2817, 0.1
2818, 0.1
2819, 0.1
2820, -0.1
2821, 0.3
2822, -0.3
2823, -0.3
2824, -0.2
2825, 0.2
2826, -0.2
2827, -0.4
2828, -0.6
2829, 0.1
2830, 0.0
2831, -0.2
2832, 0.3
2833, 0.1
2834, -0.3
2835, 0.0
2836, -0.3
2837, 0.1
2838, 0.1
2839, -0.2
2840, 0.0
2841, 0.1
2842, 0.0
2843, -0.1
2844, 0.0
2845, -0.3
2846, 0.2
2847, 0.1
2848, 0.3
2849, 0.2
2850, -0.1
2851, -0.2
2852, 0.1
2853, 0.2
2854, 0.1
2855, -0.1
2856, 0.2
2857, 0.4
2858, 0.3
2859, 0.1
2860, -0.1
2861, 0.1
2862, -0.1
2863, 0.1
2864, 0.3
2865, 0.4
2866, 0.3
2867, 0.4
2868, 0.3
2869, 0.3
2870, 0.3
2871, -0.7
2872, 0.0
2873, 0.0
2874, 0.0
2875, 0.1
2876, 0.4
2877, 0.1
2878, 0.1
2879, -0.2
2880, 0.0
2881, -0.1
2882, -0.4
2883, -0.3
2884, 0.2
2885, 0.1
2886, -0.2
2887, 0.1
2888, -0.3
2889, -0.2
2890, 0.5
2891, 0.0
2892, 0.1
2893, 0.1
2894, -0.1
2895, -0.3
2896, -0.2
2897, -0.2
2898, -0.2
2899, -0.4
2900, 0.3
2901, 0.4
2902, 0.3
2903, 0.2
2904, 0.2
2905, -0.2
2906, 0.3
2907, 0.2
2908, 0.1
2909, 0.0
2910, -0.1
2911, 0.0
2912, 0.2
2913, 0.0
2914, -0.1
2915, 0.1
2916, 0.1
2917, -0.3
2918, 0.0
2919, -0.2
2920, 0.2
2921, -0.1
2922, 0.0
2923, -0.1
2924, 0.1
2925, 0.3
2926, 0.4
2927, -0.4
2928, 0.2
2929, 0.2
2930, 0.1
2931, 0.4
2932, 0.4
2933, 0.3
2934, 0.1
2935, -0.5
2936, 0.0
2937, 0.0
2938, 0.0
2939, 0.1
2940, -0.3
2941, 0.1
2942, -0.2
2943, -0.1
2944, -0.3
2945, -0.3
2946, -0.6
2947, 0.0
2948, -0.2
2949, 0.4
2950, 0.1
2951, -0.4
2952, -0.3
2953, 0.1
2954, 0.2
2955, 0.1
2956, 0.4
2957, 0.0
2958, 0.1
2959, -0.2
2960, 0.1
2961, 0.1
2962, 0.4
2963, -0.1
2964, -0.4
2965, 0.3
2966, 0.0
2967, 0.0
2968, -0.2
2969, -0.4
2970, -0.1
2971, 0.0
2972, 0.1
2973, 0.1
2974, 0.1
2975, 0.1
2976, 0.2
2977, 0.0
2978, -0.4
2979, 0.1
2980, 0.1
2981, -0.1
2982, 0.0
2983, -0.3
2984, 0.0
2985, 0.0
2986, 0.4
2987, -0.1
2988, 0.1
2989, -0.2
2990, -0.2
2991, 0.0
2992, -0.1
2993, 0.0
2994, 0.0
2995, -0.1
2996, -0.1
2997, -0.3
2998, 0.3
2999, -0.5
3000, -0.2
3001, -0.3
3002, 0.2
3003, 0.1
3004, -0.3
3005, -0.2
3006, 0.2
3007, -0.4
3008, -0.2
3009, 0.4
3010, 0.0
3011, 0.4
3012, 0.1
3013, 0.1
3014, -0.3
3015, 0.0
3016, 0.1
3017, 0.3
3018, -0.2
3019, -0.1
3020, -0.1
3021, 0.2
3022, 0.2
3023, 0.3
3024, 0.1
3025, 0.2
3026, 0.3
3027, -0.4
3028, -0.3
3029, 0.2
3030, 0.2
3031, 0.1
3032, -0.1
3033, 0.2
3034, 0.1
3035, 0.0
3036, 0.0
3037, 0.4
3038, 0.2
3039, 0.2
3040, -0.2
3041, -0.3
3042, 0.1
3043, -0.1
3044, 0.0
3045, -0.3
3046, 0.0
3047, -0.1
3048, 0.1
3049, -0.1
3050, -0.1
3051, 0.0
3052, 0.1
3053, 0.0
3054, -0.1
3055, -0.4
3056, 0.0
3057, 0.1
3058, -0.3
3059, -0.1
3060, -0.3
3061, 0.0
3062, -0.1
3063, 0.0
3064, -0.1
3065, -0.2
3066, 0.1
3067, -0.2
3068, 0.0
3069, 0.1
3070, 0.3
3071, -0.1
3072, -0.2
3073, 0.3
3074, 0.0
3075, -0.2
3076, 0.4
3077, 0.0
3078, 0.0
3079, -0.1
3080, 0.4
3081, -0.6
3082, 0.0
3083, -0.4
3084, 0.2
3085, -0.1
3086, 0.1
3087, 0.3
3088, -0.2
3089, 0.0
3090, -0.4
3091, 0.2
3092, -0.1
3093, -0.3
3094, 0.1
3095, -0.2
3096, -0.7
3097, -0.2
3098, -0.3
3099, -0.3
3100, 0.1
3101, 0.3
3102, 0.1
3103, -0.1
3104, 0.1
3105, 0.0
3106, 0.2
3107, 0.0
3108, -0.2
3109, 0.1
3110, 0.1
3111, 0.0
3112, 0.3
3113, 0.3
3114, 0.1
3115, 0.0
3116, -0.1
3117, -0.1
3118, -0.2
3119, 0.0
3120, -0.4
3121, -0.2
3122, 0.0
3123, 0.3
3124, 0.3
3125, 0.1
3126, -0.1
3127, -0.3
3128, 0.0
3129, 0.2
3130, 0.2
3131, -0.3
3132, -0.3
3133, -0.2
3134, 0.0
3135, 0.2
3136, 0.2
3137, 0.2
3138, 0.0
3139, 0.2
3140, -0.2
3141, -0.1
3142, 0.5
3143, -0.1
3144, 0.1
3145, 0.3
3146, 0.2
3147, 0.1
3148, 0.1
3149, -0.3
3150, 0.0
3151, -0.3
3152, 0.2
3153, -0.1
3154, 0.1
3155, 0.1
3156, 0.0
3157, 0.0
3158, 0.3
3159, 0.1
3160, -0.4
3161, -0.2
3162, -0.2
3163, 0.3
3164, -0.1
3165, 0.1
3166, 0.1
3167, 0.0
3168, 0.1
3169, 0.0
3170, -0.1
3171, 0.1
3172, -0.4
3173, 0.3
3174, 0.2
3175, 0.3
3176, 0.0
3177, -0.3
3178, -0.1
3179, 0.1
3180, 0.1
3181, -0.3
3182, -0.3
3183, -0.1
3184, 0.1
3185, 0.2
3186, 0.2
3187, -0.3
3188, -0.1
3189, 0.4
3190, -0.2
3191, 0.2
3192, 0.0
3193, -0.3
3194, -0.2
3195, 0.0
3196, -0.1
3197, 0.1
3198, 0.1
3199, -0.2
3200, 0.4
3201, 0.3
3202, 0.1
3203, 0.1
3204, -0.2
3205, 0.0
3206, -0.4
3207, 0.1
3208, 0.1
3209, 0.2
3210, 0.0
3211, 0.3
3212, 0.0
3213, -0.2
3214, -0.1
3215, 0.0
3216, 0.4
3217, 0.4
3218, 0.1
3219, 0.5
3220, -0.1
3221, 0.0
3222, 0.0
3223, 0.4
3224, 0.1
3225, 0.2
3226, 0.2
3227, 0.0
3228, 0.0
3229, 0.3
3230, -0.1
3231, 0.3
3232, 0.0
3233, 0.1
3234, -0.3
3235, 0.2
3236, -0.6
3237, -0.4
3238, 0.1
3239, 0.0
3240, 0.0
3241, 0.3
3242, -0.2
3243, 0.1
3244, 0.0
3245, 0.2
3246, -0.2
3247, -0.4
3248, 0.1
3249, 0.3
3250, -0.1
3251, 0.4
3252, -0.1
3253, -0.1
3254, 0.4
3255, 0.1
3256, 0.2
3257, 0.3
3258, 0.1
3259, -0.1
3260, 0.3
3261, 0.1
3262, 0.2
3263, -0.3
3264, 0.1
3265, 0.1
3266, 0.0
3267, 0.2
3268, -0.1
3269, -0.1
3270, -0.1
3271, -0.1
3272, -0.3
3273, 0.1
3274, 0.1
3275, -0.5
3276, -0.1
3277, -0.2
3278, 0.1
3279, 0.2
3280, 0.1
3281, 0.1
3282, -0.1
3283, 0.3
3284, 0.1
3285, 0.3
3286, 0.1
3287, 0.2
3288, 0.0
3289, -0.1
3290, 0.3
3291, 0.1
3292, 0.3
3293, 0.1
3294, -0.1
3295, 0.0
3296, 0.0
3297, 0.1
3298, -0.1
3299, -0.2
3300, 0.2
3301, 0.0
3302, 0.0
3303, -0.1
3304, 0.2
3305, 0.0
3306, 0.0
3307, 0.0
3308, -0.2
3309, 0.2
3310, 0.3
3311, 0.0
3312, 0.1
3313, -0.3
3314, 0.0
3315, -0.2
3316, 0.0
3317, -0.2
3318, -0.2
3319, -0.1
3320, 0.5
3321, -0.1
3322, 0.0
3323, 0.0
3324, 0.0
3325, 0.1
3326, 0.4
3327, 0.0
3328, 0.0
3329, 0.2
3330, -0.3
3331, -0.2
3332, 0.2
3333, 0.3
3334, 0.1
3335, -0.1
3336, -0.1
3337, -0.1
3338, 0.0
3339, -0.1
3340, 0.2
3341, 0.2
3342, 0.1
3343, 0.0
3344, -0.1
3345, 0.0
3346, -0.2
3347, 0.0
3348, 0.1
3349, -0.5
3350, 0.0
3351, -0.6
3352, -0.1
3353, 0.2
3354, 0.1
3355, -0.4
3356, 0.0
3357, 0.2
3358, -0.2
3359, 0.2
3360, 0.1
3361, 0.0
3362, 0.3
3363, 0.0
3364, 0.3
3365, 0.4
3366, 0.2
3367, 0.2
3368, -0.1
3369, 0.1
3370, -0.3
3371, 0.3
3372, -0.2
3373, 0.0
3374, 0.0
3375, 0.2
3376, 0.1
3377, -0.1
3378, -0.1
3379, 0.0
3380, 0.0
3381, -0.1
3382, 0.0
3383, 0.3
3384, -0.4
3385, 0.0
3386, -0.3
3387, 0.4
3388, 0.2
3389, -0.1
3390, 0.1
3391, 0.1
3392, -0.1
3393, 0.3
3394, 0.0
3395, 0.1
3396, 0.1
3397, 0.0
3398, 0.3
3399, 0.2
3400, 0.1
3401, 0.2
3402, 0.0
3403, 0.4
3404, -0.2
3405, -0.3
3406, -0.4
3407, -0.3
3408, -0.2
3409, 0.0
3410, 0.1
3411, 0.1
3412, 0.2
3413, 0.3
3414, 0.0
3415, 0.0
3416, 0.1
3417, 0.1
3418, -0.2
3419, -0.3
3420, -0.3
3421, 0.0
3422, 0.2
3423, -0.1
3424, -0.1
3425, 0.2
3426, -0.1
3427, -0.1
3428, 0.2
3429, 0.3
3430, -0.2
3431, 0.0
3432, 0.2
3433, 0.0
3434, 0.1
3435, -0.1
3436, 0.1
3437, -0.1
3438, 0.3
3439, -0.2
3440, 0.2
3441, -0.2
3442, 0.2
3443, 0.0
3444, 0.3
3445, 0.1
3446, -0.3
3447, 0.3
3448, 0.1
3449, -0.1
3450, 0.1
3451, 0.2
3452, 0.0
3453, 0.1
3454, -0.3
3455, 0.3
3456, -0.2
3457, -0.2
3458, -0.2
3459, 0.3
3460, 0.0
3461, -0.2
3462, -0.1
3463, 0.1
3464, 0.2
3465, -0.2
3466, 0.0
3467, -0.4
3468, 0.1
3469, -0.1
3470, 0.0
3471, -0.1
3472, 0.2
3473, -0.4
3474, 0.2
3475, 0.3
3476, 0.2
3477, -0.5
3478, 0.3
3479, -0.3
3480, -0.3
3481, 0.0
3482, -0.1
3483, 0.4
3484, -0.1
3485, -0.2
3486, 0.2
3487, 0.1
3488, 0.0
3489, 0.0
3490, -0.4
3491, -0.4
3492, -0.3
3493, 0.0
3494, 0.3
3495, 0.2
3496, 0.3
3497, 0.1
3498, -0.1
3499, 0.0
3500, 0.2
3501, -0.1
3502, 0.1
3503, -0.2
3504, -0.2
3505, 0.1
3506, 0.4
3507, -0.5
3508, -0.2
3509, -0.2
3510, 0.1
3511, 0.3
3512, 0.0
3513, 0.3
3514, 0.0
3515, 0.0
3516, -0.5
3517, 0.1
3518, 0.0
3519, 0.2
3520, 0.2
3521, 0.1
3522, 0.0
3523, 0.1
3524, 0.1
3525, 0.4
3526, 0.0
3527, -0.4
3528, 0.0
3529, -0.3
3530, 0.2
3531, -0.3
3532, -0.4
3533, 0.0
3534, -0.2
3535, 0.2
3536, -0.2
3537, 0.2
3538, 0.0
3539, 0.4
3540, -0.2
3541, 0.2
3542, 0.1
3543, 0.0
3544, -0.2
3545, 0.1
3546, 0.4
3547, 0.0
3548, 0.1
3549, 0.1
3550, 0.0
3551, 0.0
3552, 0.1
3553, -0.1
3554, -0.4
3555, 0.1
3556, -0.1
3557, 0.2
3558, -0.3
3559, 0.2
3560, 0.0
3561, 0.3
3562, 0.0
3563, 0.3
3564, 0.0
3565, 0.0
3566, -0.3
3567, -0.3
3568, 0.0
3569, -0.1
3570, -0.1
3571, 0.2
3572, -0.2
3573, -0.4
3574, -0.2
3575, 0.1
3576, -0.1
3577, -0.1
3578, 0.1
3579, 0.1
3580, 0.1
3581, -0.2
3582, -0.2
3583, -0.2
3584, 0.1
3585, -0.4
3586, -0.3
3587, 0.5
3588, 0.1
3589, -0.4
3590, 0.1
3591, -0.1
3592, -0.1
3593, -0.4
3594, 0.2
3595, 0.0
3596, 0.2
3597, 0.0
3598, -0.2
3599, -0.3
3600, -0.5
3601, 0.0
3602, 0.2
3603, 0.2
3604, -0.3
3605, 0.3
3606, 0.3
3607, -0.2
3608, 0.3
3609, 0.1
3610, -0.1
3611, -0.1
3612, 0.2
3613, -0.2
3614, -0.3
3615, 0.1
3616, -0.1
3617, 0.3
3618, -0.2
3619, 0.0
3620, 0.2
3621, -0.3
3622, -0.2
3623, 0.1
3624, 0.2
3625, -0.2
3626, 0.3
3627, -0.5
3628, 0.0
3629, -0.1
3630, -0.1
3631, -0.1
3632, -0.1
3633, 0.1
3634, 0.0
3635, 0.1
3636, -0.1
3637, -0.5
3638, 0.0
3639, -0.1
3640, 0.2
3641, 0.0
3642, 0.1
3643, 0.0
3644, -0.1
3645, 0.2
3646, 0.1
3647, 0.0
3648, -0.4
3649, -0.1
3650, -0.1
3651, -0.2
3652, 0.2
3653, 0.5
3654, -0.2
3655, 0.1
3656, -0.6
3657, 0.0
3658, 0.1
3659, 0.1
3660, -0.1
3661, 0.0
3662, -0.4
3663, -0.2
3664, 0.2
3665, -0.1
3666, 0.0
3667, 0.0
3668, 0.2
3669, 0.0
3670, 0.0
3671, 0.1
3672, 0.0
3673, 0.1
3674, 0.0
3675, 0.0
3676, -0.5
3677, 0.3
3678, 0.2
3679, 0.0
3680, 0.1
3681, 0.2
3682, -0.1
3683, -0.3
3684, 0.2
3685, 0.0
3686, 0.1
3687, 0.1
3688, 0.0
3689, 0.2
3690, -0.1
3691, -0.1
3692, -0.1
3693, 0.2
3694, -0.2
3695, 0.0
3696, 0.2
3697, 0.1
3698, 0.3
3699, 0.2
3700, -0.1
3701, -0.1
3702, 0.1
3703, -0.2
3704, -0.2
3705, -0.2
3706, 0.1
3707, -0.4
3708, 0.1
3709, 0.4
3710, -0.5
3711, 0.0
3712, 0.0
3713, 0.2
3714, -0.1
3715, 0.0
3716, 0.2
3717, 0.1
3718, 0.2
3719, -0.7
3720, -0.1
3721, 0.1
3722, 0.1
3723, 0.2
3724, 0.2
3725, -0.2
3726, -0.2
3727, 0.0
3728, -0.1
3729, -0.4
3730, 0.0
3731, 0.2
3732, -0.5
3733, -0.5
3734, 0.0
3735, 0.2
3736, 0.2
3737, -0.1
3738, 0.0
3739, -0.4
3740, 0.0
3741, -0.2
3742, -0.1
3743, 0.0
3744, -0.2
3745, 0.2
3746, -0.1
3747, 0.1
3748, 0.0
3749, -0.4
3750, 0.1
3751, -0.1
3752, 0.1
3753, 0.3
3754, 0.0
3755, 0.4
3756, 0.1
3757, 0.3
3758, 0.1
3759, -0.1
3760, 0.0
3761, -0.2
3762, 0.1
3763, 0.1
3764, 0.1
3765, 0.0
3766, -0.3
3767, 0.2
3768, 0.1
3769, -0.2
3770, -0.4
3771, -0.2
3772, 0.1
3773, 0.0
3774, 0.4
3775, 0.1
3776, 0.3
3777, 0.0
3778, 0.1
3779, -0.1
3780, -0.2
3781, 0.2
3782, -0.1
3783, 0.0
3784, 0.0
3785, 0.0
3786, 0.0
3787, 0.3
3788, 0.0
3789, 0.2
3790, 0.1
3791, 0.2
3792, 0.3
3793, 0.0
3794, 0.3
3795, -0.1
3796, -0.2
3797, 0.1
3798, 0.3
3799, -0.1
3800, -0.2
3801, -0.3
3802, 0.1
3803, 0.3
3804, -0.3
3805, -0.2
3806, 0.0
3807, -0.1
3808, -0.1
3809, 0.2
3810, 0.4
3811, -0.4
3812, -0.1
3813, 0.1
3814, -0.1
3815, 0.2
3816, 0.2
3817, 0.0
3818, -0.2
3819, -0.1
3820, -0.5
3821, 0.1
3822, -0.3
3823, -0.1
3824, -0.2
3825, -0.2
3826, -0.3
3827, -0.4
3828, 0.0
3829, 0.0
3830, 0.4
3831, 0.1
3832, 0.1
3833, -0.2
3834, 0.0
3835, -0.3
3836, 0.2
3837, 0.0
3838, -0.1
3839, 0.3
3840, -0.3
3841, 0.0
3842, 0.0
3843, -0.1
3844, -0.3
3845, -0.1
3846, -0.3
3847, -0.5
3848, -0.2
3849, 0.1
3850, 0.0
3851, 0.2
3852, -0.1
3853, -0.1
3854, 0.1
3855, -0.2
3856, 0.1
3857, 0.3
3858, -0.5
3859, -0.2
3860, -0.1
3861, -0.1
3862, 0.2
3863, 0.1
3864, 0.3
3865, -0.2
3866, -0.2
3867, 0.0
3868, -0.5
3869, -0.3
3870, 0.0
3871, 0.2
3872, 0.2
3873, -0.1
3874, 0.0
3875, -0.1
3876, 0.2
3877, 0.0
3878, 0.0
3879, 0.0
3880, -0.1
3881, -0.2
3882, -0.1
3883, 0.0
3884, 0.2
3885, 0.3
3886, -0.2
3887, 0.0
3888, -0.2
3889, 0.0
3890, -0.1
3891, -0.1
3892, 0.3
3893, 0.2
3894, 0.2
3895, 0.3
3896, 0.2
3897, 0.0
3898, 0.1
3899, 0.0
3900, 0.0
3901, 0.0
3902, -0.1
3903, 0.0
3904, -0.1
3905, 0.2
3906, 0.0
3907, 0.1
3908, 0.3
3909, 0.2
3910, 0.5
3911, -0.2
3912, -0.4
3913, 0.1
3914, 0.3
3915, 0.0
3916, 0.2
3917, 0.0
3918, -0.1
3919, 0.3
3920, 0.1
3921, -0.2
3922, 0.1
3923, -0.3
3924, -0.6
3925, 0.2
3926, 0.2
3927, -0.3
3928, -0.3
3929, 0.2
3930, -0.2
3931, 0.1
3932, -0.4
3933, 0.0
3934, -0.2
3935, -0.3
3936, 0.2
3937, 0.2
3938, -0.3
3939, 0.4
3940, 0.3
3941, -0.1
3942, -0.1
3943, 0.3
3944, 0.3
3945, -0.2
3946, 0.1
3947, -0.1
3948, -0.2
3949, -0.3
3950, 0.0
3951, -0.3
3952, 0.1
3953, -0.1
3954, -0.2
3955, 0.2
3956, -0.4
3957, 0.1
3958, 0.2
3959, -0.2
3960, -0.2
3961, 0.1
3962, 0.4
3963, -0.5
3964, 0.0
3965, -0.3
3966, -0.1
3967, -0.2
3968, -0.1
3969, -0.1
3970, 0.1
3971, 0.0
3972, -0.3
3973, -0.2
3974, 0.4
3975, -0.1
3976, -0.1
3977, 0.2
3978, -0.4
3979, -0.1
3980, 0.2
3981, 0.2
3982, 0.0
3983, -0.1
3984, 0.3
3985, 0.1
3986, 0.2
3987, 0.3
3988, 0.1
3989, -0.1
3990, 0.0
3991, 0.0
3992, 0.2
3993, -0.5
3994, 0.1
3995, 0.0
3996, 0.0
3997, -0.2
3998, 0.0
3999, -0.2
