0, 0.1
1, 0.3
2, 0.2
3, -0.1
4, 0.1
5, 0.0
6, 0.3
7, 0.4
8, 0.0
9, 0.0
10, -0.2
11, 0.1
12, -0.1
13, 0.3
14, 0.2
15, 0.1
16, -0.3
17, -0.2
18, -0.3
19, -0.1
20, -0.2
21, -0.3
22, 0.2
23, 0.1
24, -0.4
25, 0.2
26, -0.1
27, 0.2
28, -0.1
29, 0.1
30, -0.4
31, 0.3
32, 0.2
33, -0.3
34, -0.1
35, 0.0
36, 0.1
37, 0.2
38, 0.1
39, 0.0
40, -0.1
41, -0.1
42, 0.1
43, 0.0
44, 0.4
45, -0.3
46, -0.2
47, 0.5
48, -0.2
49, -0.1
50, 0.5
51, 0.1
52, -0.6
53, -0.2
54, 0.1
55, 0.0
56, -0.4
57, -0.2
58, -0.2
59, -0.5
60, -0.3
61, 0.2
62, -0.3
63, 0.0
64, 0.6
65, 0.2
66, 0.3
67, 0.0
68, -0.4
69, 0.1
70, 0.1
71, -0.3
72, -0.2
73, 0.2
74, -0.1
75, 0.1
76, -0.1
77, 0.0
78, 0.1
79, -0.2
80, 0.1
81, 0.2
82, 0.0
83, -0.1
84, 0.6
85, 0.2
86, -0.1
87, 0.0
88, 0.2
89, 0.4
90, 0.1
91, 0.0
92, 0.2
93, 0.0
94, 0.1
95, -0.2
96, 0.0
97, 0.0
98, -0.3
99, 0.2
100, 0.1
101, -0.4
102, 0.1
103, -0.3
104, -0.1
105, 0.1
106, 0.1
107, 0.1
108, 0.0
109, -0.1
110, -0.3
111, -0.1
112, 0.5
113, -0.2
114, -0.3
115, 0.0
116, 0.2
117, 0.0
118, -0.2
119, 0.4
120, 0.2
121, -0.3
122, 0.0
123, -0.2
124, 0.0
125, 0.2
126, -0.1
127, 0.0
128, 0.3
129, 0.3
130, 0.0
131, 0.0
132, -0.4
133, -0.5
134, -0.1
135, 0.1
136, 0.1
137, -0.1
138, 0.3
139, 0.1
140, -0.1
141, 0.3
142, -0.2
143, 0.1
144, 0.4
145, 0.4
146, 0.1
147, 0.4
148, 0.1
149, 0.3
150, 0.0
151, 0.2
152, 0.2
153, 0.1
154, 0.4
155, 0.2
156, 0.0
157, -0.3
158, -0.3
159, 0.1
160, -0.3
161, 0.0
162, 0.1
163, 0.1
164, 0.0
165, -0.5
166, 0.4
167, -0.3
168, -0.1
169, 0.2
170, 0.2
171, -0.1
172, 0.0
173, -0.1
174, 0.2
175, 0.0
176, 0.1
177, 0.1
178, 0.1
179, 0.3
180, -0.2
181, 0.2
182, 0.0
183, -0.1
184, 0.2
185, 0.1
186, -0.3
187, 0.0
188, -0.1
189, -0.1
190, -0.1
191, 0.3
192, -0.1
193, -0.2
194, -0.1
195, 0.1
196, 0.0
197, -0.1
198, 0.3
199, -0.3
200, 0.2
201, 0.1
202, -0.4
203, -0.2
204, 0.2
205, 0.1
206, -0.1
207, 0.0
208, 0.0
209, 0.5
210, 0.0
211, 0.1
212, -0.3
213, -0.4
214, 0.2
215, -0.1
216, -0.3
217, 0.8
218, -0.2
219, 0.0
220, 0.6
221, 0.0
222, 0.2
223, -0.3
224, 0.2
225, -0.2
226, -0.1
227, -0.2
228, -0.1
229, 0.1
230, -0.1
231, -0.1
232, 0.1
233, -0.3
234, 0.2
235, -0.1
236, -0.2
237, 0.2
238, -0.1
239, -0.5
240, -0.2
241, -0.1
242, -0.3
243, -0.3
244, 0.1
245, 0.3
246, 0.2
247, 0.2
248, 0.0
249, 0.2
250, 0.4
251, 0.0
252, 0.3
253, -0.1
254, -0.1
255, 0.3
256, -0.1
257, 0.1
258, 0.1
259, -0.1
260, 0.2
261, -0.3
262, -0.2
263, 0.1
264, 0.0
265, 0.4
266, 0.0
267, 0.1
268, 0.2
269, -0.6
270, 0.2
271, 0.1
272, -0.3
273, -0.1
274, 0.1
275, -0.2
276, 0.3
277, 0.2
278, 0.2
279, 0.1
280, -0.2
281, -0.2
282, -0.5
283, 0.0
284, 0.1
285, -0.2
286, -0.2
287, 0.1
288, 0.1
289, -0.1
290, -0.4
291, 0.2
292, -0.2
293, -0.4
294, -0.1
295, 0.1
296, 0.2
297, 0.2
298, 0.3
299, 0.4
300, 0.0
301, 0.5
302, 0.0
303, -0.1
304, 0.3
305, 0.0
306, 0.0
307, 0.3
308, -0.1
309, -0.3
310, -0.3
311, 0.1
312, -0.1
313, 0.0
314, -0.2
315, 0.1
316, 0.3
317, 0.1
318, -0.1
319, 0.0
320, 0.2
321, 0.1
322, 0.2
323, -0.1
324, 0.0
325, 0.0
326, -0.1
327, 0.3
328, 0.3
329, 0.1
330, 0.0
331, -0.4
332, 0.2
333, -0.2
334, -0.1
335, -0.3
336, 0.2
337, 0.0
338, -0.5
339, -0.1
340, -0.1
341, 0.0
342, 0.1
343, 0.0
344, 0.0
345, -0.2
346, 0.5
347, 0.3
348, -0.2
349, 0.3
350, -0.2
351, -0.2
352, -0.3
353, -0.2
354, 0.3
355, -0.1
356, -0.2
357, 0.1
358, -0.1
359, 0.1
360, 0.1
361, -0.3
362, -0.3
363, -0.2
364, -0.2
365, -0.2
366, 0.2
367, 0.2
368, 0.0
369, -0.1
370, -0.1
371, 0.1
372, 0.1
373, 0.0
374, -0.4
375, 0.2
376, -0.1
377, 0.0
378, 0.0
379, 0.2
380, -0.3
381, -0.3
382, -0.1
383, 0.2
384, 0.0
385, -0.1
386, 0.2
387, 0.1
388, 0.1
389, -0.4
390, 0.1
391, -0.2
392, -0.3
393, -0.2
394, 0.3
395, 0.0
396, 0.3
397, 0.1
398, 0.3
399, -0.1
400, 0.1
401, -0.1
402, -0.4
403, 0.0
404, -0.3
405, -0.4
406, 0.2
407, 0.2
408, -0.1
409, -0.1
410, -0.4
411, -0.1
412, 0.0
413, 0.2
414, 0.0
415, 0.4
416, -0.2
417, 0.3
418, 0.0
419, 0.1
420, 0.0
421, -0.1
422, 0.1
423, 0.1
424, -0.1
425, 0.3
426, 0.2
427, 0.4
428, 0.1
429, -0.1
430, 0.1
431, 0.4
432, 0.1
433, 0.1
434, 0.2
435, 0.3
436, 0.1
437, 0.0
438, -0.3
439, -0.2
440, -0.5
441, 0.3
442, -0.4
443, 0.1
444, 0.1
445, -0.2
446, 0.0
447, -0.5
448, 0.1
449, -0.2
450, 0.2
451, 0.4
452, -0.2
453, 0.0
454, -0.1
455, -0.3
456, 0.0
457, -0.3
458, -0.1
459, -0.2
460, 0.4
461, 0.2
462, 0.1
463, -0.5
464, -0.1
465, -0.1
466, -0.1
467, 0.1
468, 0.2
469, -0.4
470, 0.1
471, -0.2
472, 0.3
473, 0.3
474, 0.0
475, 0.0
476, 0.1
477, -0.5
478, -0.5
479, 0.3
480, 0.4
481, 0.1
482, 0.0
483, -0.2
484, 0.3
485, 0.3
486, 0.2
487, 0.0
488, -0.2
489, -0.1
490, 0.2
491, 0.0
492, 0.0
493, 0.3
494, 0.4
495, -0.1
496, -0.1
497, 0.0
498, 0.3
499, -0.4
500, 0.0
501, -0.4
502, -0.4
503, -0.2
504, -0.1
505, -0.2
506, 0.2
507, 0.2
508, -0.3
509, -0.5
510, 0.1
511, 0.0
512, 0.5
513, -0.1
514, 0.0
515, -0.4
516, 0.1
517, 0.0
518, 0.2
519, 0.3
520, 0.0
521, -0.2
522, 0.1
523, 0.2
524, 0.0
525, 0.2
526, 0.2
527, -0.4
528, -0.4
529, 0.0
530, -0.2
531, 0.3
532, 0.1
533, 0.2
534, 0.2
535, 0.4
536, 0.3
537, -0.2
538, -0.1
539, 0.3
540, 0.2
541, -0.2
542, 0.5
543, -0.3
544, -0.2
545, 0.0
546, 0.0
547, -0.2
548, 0.0
549, -0.4
550, 0.3
551, -0.3
552, -0.5
553, 0.1
554, -0.2
555, 0.0
556, -0.3
557, 0.1
558, -0.3
559, -0.6
560, 0.2
561, 0.2
562, -0.2
563, 0.2
564, 0.1
565, 0.4
566, 0.2
567, -0.3
568, -0.6
569, -0.1
570, -0.2
571, -0.1
572, 0.3
573, -0.3
574, 0.2
575, -0.3
576, -0.4
577, 0.3
578, -0.4
579, -0.1
580, -0.5
581, -0.2
582, 0.0
583, -0.2
584, 0.0
585, 0.0
586, -0.2
587, 0.2
588, -0.2
589, 0.0
590, 0.0
591, -0.2
592, -0.4
593, 0.0
594, -0.4
595, -0.2
596, 0.2
597, -0.2
598, 0.1
599, -0.1
600, -0.2
601, 0.2
602, -0.1
603, -0.4
604, 0.0
605, 0.4
606, -0.3
607, -0.3
608, 0.2
609, 0.3
610, 0.1
611, -0.1
612, -0.2
613, -0.3
614, 0.4
615, 0.0
616, 0.0
617, -0.4
618, -0.4
619, 0.1
620, -0.1
621, 0.1
622, -0.4
623, -0.1
624, 0.0
625, 0.4
626, -0.2
627, 0.0
628, -0.2
629, 0.1
630, 0.1
631, 0.2
632, 0.1
633, 0.2
634, -0.2
635, -0.2
636, 0.0
637, 0.1
638, 0.3
639, -0.2
640, 0.0
641, 0.1
642, 0.0
643, 0.2
644, -0.1
645, 0.5
646, 0.0
647, -0.2
648, -0.2
649, 0.2
650, 0.3
651, 0.1
652, 0.1
653, 0.0
654, 0.0
655, 0.2
656, 0.0
657, -0.2
658, 0.2
659, 0.0
660, 0.0
661, -0.2
662, 0.0
663, -0.1
664, -0.1
665, 0.0
666, -0.2
667, 0.3
668, 0.1
669, 0.0
670, -0.2
671, -0.1
672, -0.1
673, -0.2
674, 0.0
675, 0.3
676, 0.3
677, -0.2
678, -0.1
679, 0.1
680, -0.1
681, 0.2
682, 0.3
683, 0.1
684, 0.2
685, -0.3
686, -0.1
687, -0.2
688, -0.2
689, -0.1
690, 0.1
691, -0.2
692, 0.2
693, 0.3
694, -0.1
695, 0.1
696, 0.3
697, 0.1
698, 0.1
699, -0.1
700, 0.0
701, 0.0
702, 0.1
703, -0.5
704, -0.4
705, 0.0
706, 0.3
707, -0.4
708, -0.1
709, 0.4
710, -0.1
711, -0.1
712, 0.2
713, -0.1
714, 0.1
715, -0.4
716, -0.1
717, 0.0
718, 0.1
719, 0.0
720, 0.0
721, 0.0
722, 0.0
723, 0.1
724, -0.1
725, -0.1
726, -0.4
727, -0.2
728, -0.4
729, -0.1
730, -0.1
731, 0.2
732, -0.3
733, 0.2
734, -0.6
735, 0.2
736, 0.1
737, 0.2
738, -0.1
739, 0.1
740, -0.4
741, 0.4
742, -0.2
743, 0.3
744, 0.4
745, 0.2
746, 0.2
747, 0.0
748, 0.0
749, -0.3
750, 0.1
751, -0.4
752, 0.1
753, 0.2
754, 0.1
755, -0.1
756, -0.4
757, 0.0
758, 0.4
759, 0.0
760, -0.3
761, -0.2
762, -0.3
763, 0.2
764, 0.2
765, 0.3
766, -0.5
767, 0.2
768, -0.2
769, 0.3
770, 0.0
771, -0.1
772, 0.1
773, -0.3
774, 0.2
775, -0.3
776, 0.1
777, -0.4
778, 0.3
779, -0.3
780, 0.1
781, -0.1
782, 0.2
783, -0.3
784, 0.0
785, 0.0
786, 0.1
787, 0.3
788, -0.2
789, 0.3
790, 0.3
791, -0.2
792, 0.2
793, 0.4
794, -0.1
795, 0.0
796, -0.5
797, -0.1
798, -0.4
799, 0.3
800, -0.3
801, 0.0
802, 0.2
803, 0.0
804, 0.2
805, 0.2
806, 0.0
807, -0.1
808, -0.3
809, -0.5
810, 0.0
811, -0.1
812, -0.1
813, -0.2
814, 0.0
815, 0.1
816, 0.1
817, 0.1
818, -0.2
819, -0.3
820, 0.3
821, -0.1
822, -0.2
823, 0.0
824, 0.0
825, 0.2
826, -0.1
827, 0.0
828, -0.1
829, 0.1
830, 0.0
831, 0.1
832, -0.3
833, 0.1
834, -0.1
835, 0.0
836, 0.3
837, -0.1
838, -0.1
839, -0.2
840, 0.2
841, 0.1
842, 0.1
843, 0.1
844, 0.3
845, -0.1
846, 0.4
847, 0.0
848, 0.4
849, -0.1
850, -0.1
851, -0.3
852, -0.1
853, -0.2
854, -0.5
855, 0.1
856, 0.2
857, 0.0
858, 0.0
859, -0.3
860, -0.3
861, 0.2
862, -0.1
863, 0.1
864, -0.2
865, 0.1
866, -0.4
867, 0.3
868, 0.4
869, 0.1
870, 0.4
871, -0.3
872, 0.4
873, 0.2
874, 0.0
875, 0.3
876, 0.2
877, 0.0
878, 0.1
879, 0.1
880, -0.5
881, 0.0
882, -0.2
883, 0.1
884, 0.0
885, -0.1
886, 0.4
887, 0.0
888, 0.0
889, -0.2
890, 0.1
891, 0.1
892, 0.2
893, 0.2
894, 0.2
895, -0.2
896, 0.1
897, -0.4
898, -0.4
899, 0.0
900, 0.0
901, -0.3
902, 0.1
903, 0.0
904, 0.0
905, 0.2
906, 0.1
907, 0.1
908, 0.0
909, 0.2
910, 0.0
911, -0.3
912, 0.2
913, 0.1
914, -0.2
915, -0.3
916, 0.1
917, 0.4
918, -0.2
919, -0.1
920, 0.0
921, -0.1
922, 0.1
923, 0.1
924, 0.2
925, 0.1
926, -0.1
927, 0.3
928, 0.0
929, 0.5
930, 0.0
931, 0.0
932, -0.3
933, 0.5
934, -0.3
935, -0.1
936, -0.4
937, 0.2
938, -0.2
939, -0.3
940, 0.4
941, 0.1
942, -0.4
943, 0.3
944, 0.0
945, -0.5
946, -0.2
947, 0.1
948, 0.0
949, 0.4
950, 0.0
951, -0.3
952, -0.3
953, 0.2
954, 0.2
955, 0.1
956, -0.3
957, 0.3
958, 0.5
959, 0.1
960, 0.1
961, 0.0
962, -0.1
963, 0.0
964, -0.1
965, 0.0
966, 0.2
967, -0.2
968, 0.2
969, 0.3
970, 0.0
971, 0.2
972, 0.1
973, -0.2
974, 0.2
975, 0.2
976, 0.3
977, 0.1
978, -0.1
979, -0.3
980, 0.1
981, 0.3
982, 0.0
983, -0.1
984, 0.0
985, -0.2
986, -0.1
987, 0.0
988, 0.1
989, 0.4
990, 0.2
991, -0.1
992, 0.2
993, 0.4
994, 0.1
995, -0.1
996, 0.1
997, 0.0
998, -0.2
999, 0.1
1000, 0.2
1001, -0.2
1002, 0.1
1003, -0.2
1004, -0.3
1005, 0.0
1006, 0.5
1007, 0.3
1008, 0.2
1009, -0.1
1010, 0.1
1011, -0.3
1012, 0.0
1013, 0.4
1014, -0.1
1015, 0.0
1016, -0.1
1017, 0.4
1018, -0.2
1019, 0.0
1020, 0.1
1021, 0.3
1022, 0.0
1023, 0.1
1024, -0.1
1025, -0.3
1026, 0.2
1027, 0.0
1028, -0.4
1029, -0.2
1030, 0.3
1031, -0.4
1032, 0.0
1033, -0.4
1034, -0.1
1035, 0.0
1036, 0.0
1037, -0.1
1038, 0.2
1039, 0.4
1040, 0.1
1041, -0.1
1042, 0.1
1043, 0.2
1044, -0.1
1045, -0.2
1046, 0.2
1047, 0.2
1048, -0.4
1049, -0.1
1050, 0.3
1051, -0.2
1052, 0.1
1053, 0.3
1054, 0.1
1055, 0.4
1056, 0.3
1057, 0.0
1058, -0.1
1059, -0.1
1060, 0.0
1061, -0.6
1062, 0.2
1063, 0.2
1064, -0.5
1065, -0.2
1066, -0.1
1067, 0.1
1068, 0.0
1069, -0.8
1070, 0.1
1071, -0.8
1072, 0.2
1073, 0.1
1074, 0.0
1075, 0.2
1076, 0.4
1077, -0.4
1078, -0.3
1079, -0.5
1080, -0.4
1081, 0.2
1082, -0.1
1083, 0.0
1084, 0.1
1085, -0.7
1086, 0.0
1087, -0.5
1088, -0.3
1089, 0.1
1090, 0.2
1091, 0.1
1092, 0.2
1093, 0.2
1094, 0.3
1095, 0.2
1096, 0.2
1097, -0.2
1098, -0.5
1099, 0.1
1100, 0.0
1101, 0.3
1102, 0.2
1103, 0.0
1104, -0.4
1105, 0.4
1106, 0.3
1107, 0.1
1108, 0.0
1109, 0.1
1110, -0.2
1111, -0.1
1112, 0.2
1113, -0.5
1114, 0.0
1115, -0.2
1116, 0.4
1117, -0.3
1118, 0.3
1119, -0.4
1120, 0.2
1121, 0.0
1122, 0.1
1123, 0.1
1124, -0.5
1125, 0.0
1126, 0.2
1127, 0.0
1128, -0.2
1129, 0.1
1130, 0.2
1131, 0.0
1132, -0.3
1133, 0.1
1134, -0.3
1135, 0.1
1136, 0.1
1137, -0.3
1138, 0.3
1139, 0.2
1140, 0.0
1141, -0.2
1142, 0.1
1143, 0.4
1144, 0.0
1145, -0.1
1146, 0.0
1147, 0.3
1148, -0.1
1149, 0.1
1150, 0.4
1151, 0.0
1152, -0.1
1153, -0.4
1154, -0.3
1155, 0.3
1156, -0.1
1157, 0.0
1158, 0.0
1159, -0.2
1160, -0.1
1161, 0.1
1162, -0.3
1163, 0.0
1164, -0.3
1165, -0.2
1166, 0.1
1167, 0.4
1168, -0.1
1169, 0.3
1170, 0.0
1171, 0.1
1172, -0.1
1173, 0.0
1174, 0.3
1175, 0.1
1176, -0.2
1177, 0.2
1178, -0.1
1179, -0.1
1180, -0.2
1181, -0.1
1182, -0.3
1183, 0.1
1184, 0.2
1185, -0.3
1186, 0.0
1187, -0.3
1188, -0.1
1189, 0.2
1190, 0.2
1191, -0.3
1192, -0.3
1193, 0.0
1194, 0.3
1195, -0.2
1196, 0.1
1197, -0.3
1198, -0.4
1199, 0.3
1200, 0.0
1201, 0.6
1202, 0.0
1203, 0.0
1204, 0.1
1205, -0.2
1206, -0.3
1207, -0.3
1208, -0.2
1209, 0.0
1210, -0.1
1211, 0.0
1212, -0.4
1213, 0.3
1214, 0.0
1215, 0.3
1216, 0.0
1217, 0.4
1218, -0.3
1219, -0.4
1220, 0.0
1221, 0.1
1222, -0.2
1223, 0.0
1224, -0.3
1225, -0.1
1226, -0.3
1227, -0.1
1228, -0.1
1229, -0.3
1230, -0.2
1231, 0.1
1232, -0.2
1233, 0.1
1234, 0.0
1235, 0.2
1236, -0.3
1237, 0.1
1238, 0.3
1239, -0.1
1240, 0.1
1241, 0.0
1242, -0.1
1243, -0.2
1244, 0.0
1245, 0.0
1246, 0.0
1247, -0.2
1248, -0.2
1249, -0.3
1250, -0.2
1251, 0.1
1252, -0.4
1253, 0.2
1254, 0.3
1255, 0.1
1256, 0.2
1257, -0.2
1258, 0.2
1259, 0.0
1260, 0.1
1261, -0.1
1262, 0.2
1263, 0.2
1264, 0.0
1265, -0.2
1266, -0.1
1267, 0.2
1268, 0.1
1269, 0.1
1270, 0.2
1271, 0.0
1272, -0.2
1273, 0.0
1274, 0.0
1275, 0.1
1276, 0.4
1277, 0.4
1278, 0.2
1279, -0.4
1280, 0.1
1281, 0.1
1282, -0.1
1283, 0.1
1284, 0.1
1285, -0.1
1286, 0.2
1287, 0.1
1288, 0.1
1289, -0.6
1290, -0.1
1291, -0.3
1292, -0.1
1293, 0.0
1294, 0.1
1295, 0.1
1296, -0.2
1297, -0.2
1298, -0.2
1299, 0.2
1300, 0.2
1301, 0.0
1302, 0.1
1303, 0.0
1304, -0.2
1305, -0.2
1306, 0.0
1307, 0.0
1308, -0.1
1309, -0.1
1310, -0.2
1311, 0.1
1312, -0.2
1313, -0.3
1314, 0.0
1315, 0.2
1316, -0.1
1317, 0.3
1318, 0.4
1319, 0.4
1320, -0.3
1321, -0.3
1322, -0.2
1323, 0.0
1324, -0.5
1325, -0.1
1326, -0.1
1327, 0.0
1328, 0.1
1329, -0.1
1330, 0.2
1331, -0.2
1332, 0.0
1333, -0.1
1334, -0.1
1335, -0.1
1336, 0.1
1337, -0.1
1338, 0.2
1339, 0.1
1340, 0.3
1341, -0.4
1342, 0.1
1343, 0.2
1344, 0.3
1345, 0.3
1346, 0.1
1347, 0.1
1348, 0.3
1349, -0.3
1350, 0.4
1351, -0.2
1352, 0.2
1353, 0.2
1354, 0.0
1355, -0.1
1356, 0.1
1357, -0.1
1358, 0.3
1359, 0.2
1360, -0.4
1361, -0.5
1362, -0.1
1363, 0.2
1364, 0.2
1365, -0.1
1366, 0.4
1367, 0.2
1368, 0.0
1369, 0.1
1370, 0.2
1371, -0.1
1372, 0.0
1373, 0.2
1374, -0.2
1375, -0.2
1376, -0.3
1377, 0.3
1378, 0.1
1379, 0.4
1380, -0.1
1381, 0.3
1382, 0.2
1383, 0.0
1384, -0.2
1385, 0.1
1386, 0.3
1387, -0.4
1388, -0.1
1389, 0.1
1390, 0.1
1391, 0.0
1392, -0.1
1393, 0.0
1394, 0.2
1395, 0.1
1396, -0.2
1397, -0.3
1398, -0.2
1399, 0.0
1400, 0.2
1401, 0.3
1402, 0.2
1403, 0.2
1404, 0.1
1405, 0.3
1406, 0.0
1407, -0.1
1408, 0.0
1409, 0.1
1410, -0.2
1411, 0.2
1412, 0.0
1413, -0.3
1414, 0.0
1415, 0.1
1416, -0.4
1417, 0.2
1418, 0.0
1419, 0.1
1420, 0.0
1421, -0.2
1422, 0.0
1423, 0.1
1424, -0.3
1425, -0.2
1426, 0.1
1427, 0.1
1428, 0.0
1429, 0.1
1430, 0.2
1431, -0.1
1432, 0.3
1433, -0.1
1434, 0.2
1435, -0.2
1436, -0.1
1437, -0.1
1438, 0.1
1439, -0.2
1440, 0.2
1441, -0.2
1442, 0.3
1443, -0.1
1444, -0.1
1445, -0.2
1446, 0.2
1447, 0.0
1448, -0.2
1449, 0.1
1450, 0.0
1451, 0.1
1452, -0.1
1453, 0.1
1454, -0.1
1455, -0.1
1456, 0.1
1457, 0.1
1458, -0.2
1459, 0.1
1460, 0.0
1461, -0.4
1462, 0.4
1463, -0.2
1464, -0.1
1465, 0.1
1466, 0.0
1467, -0.3
1468, 0.1
1469, -0.1
1470, -0.2
1471, 0.0
1472, -0.1
1473, 0.3
1474, 0.2
1475, 0.0
1476, -0.2
1477, -0.2
1478, 0.1
1479, 0.0
1480, 0.2
1481, -0.3
1482, 0.3
1483, 0.0
1484, 0.0
1485, 0.0
1486, 0.0
1487, 0.3
1488, -0.1
1489, 0.2
1490, 0.3
1491, 0.2
1492, -0.4
1493, 0.3
1494, -0.1
1495, -0.1
1496, 0.4
1497, 0.1
1498, 0.1
1499, 0.1
1500, -0.2
1501, 0.4
1502, 0.1
1503, -0.2
1504, 0.0
1505, 0.2
1506, 0.1
1507, -0.4
1508, -0.1
1509, -0.4
1510, 0.2
1511, 0.1
1512, 0.2
1513, 0.0
1514, -0.3
1515, 0.3
1516, -0.4
1517, -0.3
1518, 0.0
1519, 0.3
1520, 0.2
1521, -0.1
1522, -0.1
1523, -0.2
1524, 0.2
1525, 0.1
1526, -0.1
1527, 0.2
1528, 0.0
1529, 0.1
1530, -0.1
1531, -0.1
1532, 0.1
1533, -0.4
1534, 0.0
1535, -0.2
1536, -0.3
1537, -0.2
1538, 0.3
1539, -0.1
1540, -0.1
1541, 0.1
1542, -0.1
1543, 0.3
1544, 0.0
1545, 0.2
1546, 0.1
1547, 0.0
1548, 0.0
1549, 0.0
1550, 0.1
1551, -0.3
1552, 0.5
1553, 0.0
1554, -0.1
1555, -0.4
1556, 0.0
1557, 0.1
1558, -0.4
1559, -0.1
1560, -0.2
1561, 0.3
1562, 0.1
1563, -0.2
1564, 0.1
1565, 0.1
1566, -0.2
1567, 0.2
1568, 0.2
1569, -0.2
1570, -0.3
1571, 0.0
1572, 0.4
1573, 0.0
1574, 0.0
1575, 0.3
1576, 0.0
1577, -0.1
1578, 0.0
1579, -0.2
1580, -0.1
1581, -0.2
1582, -0.1
1583, 0.1
1584, 0.1
1585, 0.0
1586, -0.1
1587, 0.2
1588, 0.0
1589, -0.3
1590, -0.3
1591, -0.2
1592, -0.1
1593, 0.3
1594, -0.2
1595, 0.3
1596, -0.1
1597, -0.1
1598, 0.0
1599, 0.1
1600, -0.2
1601, 0.2
1602, -0.1
1603, 0.1
1604, -0.2
1605, 0.2
1606, 0.1
1607, 0.0
1608, -0.1
1609, -0.1
1610, 0.3
1611, 0.2
1612, -0.1
1613, 0.0
1614, -0.1
1615, -0.3
1616, 0.4
1617, 0.0
1618, -0.1
1619, 0.3
1620, 0.2
1621, -0.2
1622, 0.1
1623, 0.2
1624, 0.1
1625, -0.1
1626, 0.2
1627, -0.4
1628, -0.1
1629, 0.1
1630, 0.1
1631, 0.0
1632, 0.3
1633, 0.2
1634, 0.2
1635, -0.2
1636, -0.1
1637, 0.4
1638, 0.1
1639, -0.3
1640, -0.1
1641, 0.3
1642, 0.1
1643, -0.2
1644, -0.1
1645, -0.1
1646, 0.3
1647, 0.3
1648, 0.2
1649, 0.1
1650, 0.3
1651, 0.2
1652, 0.1
1653, -0.1
1654, -0.1
1655, -0.5
1656, -0.1
1657, -0.3
1658, -0.3
1659, 0.0
1660, -0.1
1661, 0.1
1662, -0.3
1663, 0.1
1664, 0.3
1665, -0.2
1666, 0.1
1667, 0.0
1668, -0.1
1669, -0.1
1670, 0.0
1671, -0.4
1672, 0.1
1673, 0.1
1674, -0.6
1675, 0.2
1676, 0.0
1677, -0.4
1678, -0.2
1679, 0.2
1680, -0.1
1681, 0.3
1682, -0.1
1683, -0.1
1684, -0.1
1685, 0.4
1686, -0.1
1687, -0.1
1688, 0.2
1689, 0.0
1690, 0.1
1691, 0.0
1692, 0.0
1693, 0.1
1694, 0.0
1695, 0.0
1696, 0.1
1697, -0.2
1698, 0.0
1699, 0.0
1700, -0.4
1701, -0.2
1702, 0.3
1703, -0.2
1704, 0.0
1705, -0.1
1706, 0.4
1707, 0.4
1708, -0.1
1709, -0.3
1710, 0.1
1711, -0.3
1712, -0.1
1713, 0.0
1714, -0.3
1715, 0.3
1716, -0.1
1717, 0.2
1718, 0.1
1719, 0.1
1720, 0.1
1721, 0.2
1722, 0.1
1723, -0.1
1724, 0.1
1725, 0.0
1726, 0.1
1727, 0.2
1728, -0.2
1729, 0.0
1730, -0.2
1731, -0.4
1732, 0.0
1733, 0.0
1734, 0.2
1735, -0.3
1736, 0.0
1737, 0.0
1738, 0.3
1739, 0.0
1740, -0.3
1741, 0.0
1742, -0.2
1743, -0.3
1744, 0.1
1745, 0.0
1746, -0.1
1747, -0.4
1748, -0.2
1749, -0.2
1750, -0.2
1751, 0.2
1752, 0.3
1753, 0.0
1754, 0.2
1755, 0.1
1756, 0.0
1757, -0.4
1758, -0.2
1759, 0.0
1760, 0.3
1761, 0.4
1762, 0.2
1763, 0.2
1764, 0.5
1765, -0.5
1766, -0.4
1767, 0.1
1768, 0.2
1769, 0.4
1770, -0.2
1771, 0.0
1772, -0.1
1773, -0.2
1774, 0.0
1775, -0.1
1776, 0.0
1777, 0.0
1778, 0.1
1779, -0.3
1780, -0.1
1781, 0.0
1782, 0.2
1783, 0.2
1784, 0.1
1785, -0.1
1786, -0.1
1787, 0.0
1788, 0.1
1789, -0.3
1790, -0.2
1791, 0.1
1792, 0.3
1793, 0.0
1794, 0.2
1795, 0.1
1796, -0.1
1797, -0.2
1798, -0.2
1799, 0.0
1800, -0.1
1801, 0.0
1802, 0.0
1803, 0.0
1804, 0.3
1805, -0.1
1806, 0.1
1807, -0.3
1808, -0.1
1809, 0.4
1810, 0.1
1811, 0.1
1812, -0.1
1813, -0.1
1814, -0.2
1815, 0.2
1816, 0.1
1817, 0.1
1818, -0.3
1819, -0.2
1820, 0.0
1821, -0.1
1822, 0.2
1823, -0.3
1824, 0.3
1825, -0.3
1826, 0.1
1827, -0.5
1828, 0.2
1829, 0.3
1830, 0.1
1831, -0.3
1832, 0.0
1833, 0.2
1834, -0.3
1835, 0.2
1836, 0.0
1837, 0.3
1838, -0.2
1839, 0.0
1840, 0.0
1841, -0.1
1842, -0.1
1843, -0.2
1844, 0.3
1845, 0.3
1846, -0.3
1847, -0.2
1848, -0.3
1849, 0.0
1850, 0.1
1851, 0.2
1852, -0.1
1853, 0.2
1854, 0.0
1855, 0.0
1856, 0.4
1857, -0.2
1858, 0.4
1859, 0.0
1860, 0.1
1861, -0.2
1862, 0.4
1863, 0.4
1864, 0.2
1865, 0.0
1866, 0.0
1867, -0.2
1868, 0.1
1869, 0.3
1870, 0.1
1871, 0.0
1872, -0.1
1873, -0.2
1874, -0.3
1875, 0.3
1876, -0.2
1877, -0.1
1878, 0.3
1879, 0.0
1880, 0.1
1881, -0.5
1882, 0.2
1883, 0.1
1884, -0.4
1885, 0.0
1886, 0.0
1887, 0.0
1888, 0.2
1889, -0.3
1890, 0.0
1891, -0.1
1892, -0.1
1893, 0.3
1894, 0.1
1895, 0.0
1896, -0.1
1897, -0.1
1898, 0.0
1899, 0.2
1900, -0.2
1901, 0.0
1902, -0.3
1903, -0.2
1904, 0.0
1905, 0.0
1906, 0.1
1907, 0.1
1908, 0.1
1909, 0.1
1910, 0.0
1911, 0.0
1912, 0.0
1913, 0.0
1914, 0.2
1915, -0.3
1916, 0.0
1917, -0.1
1918, 0.1
1919, -0.2
1920, -0.1
1921, 0.3
1922, 0.1
1923, 0.1
1924, 0.0
1925, 0.1
1926, 0.0
1927, -0.2
1928, -0.1
1929, 0.2
1930, -0.1
1931, 0.1
1932, 0.1
1933, -0.1
1934, 0.0
1935, -0.1
1936, -0.3
1937, 0.1
1938, 0.4
1939, -0.2
1940, -0.1
1941, 0.3
1942, 0.3
1943, 0.2
1944, -0.5
1945, 0.3
1946, 0.1
1947, 0.3
1948, -0.1
1949, -0.1
1950, 0.2
1951, -0.1
1952, 0.2
1953, -0.1
1954, 0.0
1955, -0.1
1956, 0.1
1957, 0.3
1958, -0.3
1959, 0.2
1960, -0.3
1961, -0.1
1962, 0.0
1963, 0.0
1964, 0.0
1965, 0.0
1966, 0.3
1967, 0.2
1968, 0.3
1969, 0.0
1970, 0.0
1971, 0.0
1972, 0.3
1973, 0.2
1974, 0.4
1975, 0.3
1976, 0.3
1977, 0.1
1978, 0.4
1979, -0.1
1980, 0.1
1981, 0.2
1982, 0.1
1983, -0.4
1984, -0.2
1985, -0.1
1986, 0.3
1987, 0.0
1988, -0.2
1989, 0.2
1990, -0.2
1991, 0.2
1992, -0.2
1993, -0.1
1994, 0.0
1995, -0.4
1996, 0.0
1997, 0.2
1998, 0.0
1999, -0.2
2000, 0.1
2001, 0.2
2002, 0.4
2003, 0.1
2004, -0.3
2005, -0.6
2006, -0.6
2007, 0.0
2008, 0.1
2009, 0.2
2010, 0.2
2011, -0.1
2012, 0.2
2013, 0.3
2014, 0.3
2015, 0.3
2016, -0.2
2017, 0.0
2018, -0.1
2019, 0.1
2020, 0.1
2021, 0.3
2022, 0.3
2023, 0.0
2024, -0.1
2025, 0.1
2026, -0.3
2027, 0.1
2028, 0.2
2029, 0.0
2030, 0.1
2031, 0.2
2032, 0.0
2033, 0.3
2034, 0.2
2035, 0.0
2036, 0.1
2037, -0.3
2038, 0.0
2039, -0.1
2040, 0.1
2041, -0.2
2042, 0.3
2043, -0.1
2044, 0.0
2045, -0.1
2046, 0.5
2047, 0.0
2048, -0.2
2049, 0.2
2050, -0.3
2051, 0.3
2052, 0.1
2053, 0.1
2054, 0.0
2055, 0.4
2056, 0.0
2057, 0.1
2058, 0.2
2059, -0.1
2060, -0.3
2061, 0.2
2062, -0.1
2063, 0.0
2064, 0.0
2065, -0.5
2066, 0.1
2067, -0.2
2068, -0.1
2069, -0.1
2070, 0.1
2071, -0.2
2072, -0.1
2073, 0.1
2074, -0.3
2075, 0.0
2076, -0.2
2077, -0.1
2078, 0.2
2079, 0.3
2080, -0.3
2081, -0.1
2082, -0.3
2083, -0.2
2084, 0.2
2085, 0.0
2086, 0.1
2087, -0.2
2088, -0.1
2089, 0.2
2090, 0.2
2091, -0.2
2092, 0.0
2093, 0.4
2094, 0.1
2095, 0.3
2096, 0.0
2097, 0.3
2098, 0.2
2099, 0.1
2100, 0.0
2101, 0.2
2102, 0.4
2103, 0.2
2104, 0.2
2105, -0.1
2106, 0.0
2107, -0.2
2108, -0.2
2109, 0.2
2110, -0.1
2111, 0.1
2112, -0.1
2113, 0.4
2114, -0.3
2115, -0.2
2116, 0.1
2117, 0.2
2118, 0.2
2119, -0.1
2120, 0.4
2121, -0.1
2122, 0.0
2123, -0.2
2124, 0.1
2125, 0.0
2126, -0.2
2127, 0.2
2128, -0.1
2129, -0.4
2130, -0.2
2131, 0.3
2132, 0.3
2133, -0.1
2134, 0.1
2135, -0.4
2136, 0.2
2137, -0.3
2138, 0.0
2139, 0.1
2140, 0.2
2141, 0.2
2142, 0.2
2143, 0.1
2144, 0.2
2145, 0.2
2146, -0.1
2147, -0.4
2148, 0.1
2149, 0.0
2150, -0.2
2151, -0.1
2152, 0.3
2153, 0.2
2154, -0.4
2155, 0.3
2156, -0.2
2157, 0.0
2158, 0.2
2159, -0.4
2160, 0.0
2161, -0.3
2162, 0.1
2163, -0.1
2164, 0.0
2165, -0.1
2166, 0.0
2167, -0.3
2168, -0.5
2169, 0.0
2170, -0.3
2171, -0.3
2172, -0.2
2173, 0.3
2174, -0.1
2175, 0.2
2176, 0.0
2177, 0.2
2178, 0.1
2179, -0.3
2180, -0.2
2181, 0.0
2182, -0.2
2183, 0.3
2184, -0.2
2185, 0.0
2186, 0.1
2187, -0.5
2188, 0.2
2189, 0.1
2190, -0.2
2191, 0.1
2192, 0.1
2193, -0.3
2194, 0.0
2195, 0.3
2196, -0.3
2197, -0.1
2198, 0.1
2199, 0.2
2200, 0.1
2201, -0.5
2202, -0.2
2203, 0.0
2204, 0.3
2205, 0.3
2206, -0.1
2207, 0.0
2208, 0.2
2209, 0.0
2210, 0.0
2211, -0.4
2212, -0.2
2213, 0.2
2214, -0.2
2215, 0.2
2216, 0.4
2217, 0.0
2218, 0.1
2219, 0.1
2220, 0.2
2221, 0.0
2222, 0.5
2223, 0.0
2224, 0.1
2225, -0.4
2226, 0.3
2227, 0.2
2228, -0.3
2229, -0.4
2230, 0.0
2231, -0.4
2232, 0.3
2233, 0.0
2234, 0.1
2235, -0.3
2236, 0.0
2237, 0.2
2238, 0.5
2239, -0.2
2240, 0.3
2241, -0.2
2242, -0.1
2243, 0.0
2244, 0.3
2245, 0.0
2246, -0.3
2247, -0.1
2248, -0.1
2249, -0.1
2250, 0.0
2251, 0.1
2252, -0.1
2253, -0.2
2254, 0.2
2255, 0.1
2256, -0.2
2257, 0.2
2258, -0.1
2259, -0.3
2260, -0.2
2261, 0.1
2262, 0.2
2263, -0.1
2264, 0.1
2265, -0.1
2266, 0.0
2267, 0.1
2268, 0.3
2269, 0.2
2270, 0.0
2271, -0.3
2272, 0.3
2273, -0.3
2274, 0.2
2275, 0.3
2276, 0.0
2277, 0.1
2278, 0.0
2279, 0.1
2280, 0.2
2281, 0.3
2282, 0.3
2283, 0.0
2284, 0.0
2285, -0.6
2286, 0.2
2287, -0.1
2288, 0.1
2289, 0.1
2290, 0.5
2291, 0.1
2292, 0.1
2293, 0.0
2294, 0.3
2295, 0.0
2296, 0.2
2297, 0.0
2298, 0.1
2299, -0.3
2300, 0.3
2301, -0.4
2302, 0.1
2303, 0.2
2304, -0.1
2305, -0.1
2306, 0.1
2307, -0.1
2308, 0.0
2309, 0.0
2310, 0.0
2311, 0.0
2312, -0.1
2313, 0.5
2314, 0.2
2315, 0.1
2316, -0.1
2317, 0.3
2318, -0.3
2319, 0.1
2320, 0.0
2321, 0.4
2322, 0.2
2323, -0.1
2324, 0.2
2325, 0.0
2326, 0.1
2327, 0.3
2328, 0.1
2329, -0.1
2330, 0.3
2331, 0.2
2332, -0.2
2333, 0.3
2334, 0.3
2335, 0.4
2336, 0.2
2337, 0.1
2338, 0.4
2339, -0.1
2340, 0.2
2341, -0.1
2342, -0.4
2343, -0.4
2344, 0.2
2345, 0.0
2346, 0.5
2347, 0.2
2348, 0.3
2349, -0.5
2350, 0.3
2351, 0.2
2352, -0.3
2353, -0.3
2354, -0.1
2355, -0.4
2356, -0.1
2357, 0.1
2358, -0.3
2359, -0.2
2360, 0.2
2361, -0.5
2362, -0.1
2363, 0.0
2364, 0.1
2365, 0.2
2366, 0.3
2367, 0.0
2368, 0.2
2369, -0.2
2370, -0.2
2371, 0.2
2372, 0.0
2373, -0.3
2374, 0.1
2375, 0.1
2376, -0.1
2377, -0.1
2378, 0.3
2379, -0.1
2380, -0.1
2381, 0.1
2382, 0.2
2383, 0.3
2384, -0.1
2385, 0.3
2386, 0.1
2387, -0.1
2388, 0.1
2389, -0.4
2390, -0.4
2391, 0.2
2392, -0.2
2393, 0.0
2394, 0.0
2395, 0.3
2396, -0.2
2397, -0.1
2398, 0.1
2399, 0.2
2400, 0.0
2401, -0.2
2402, -0.1
2403, -0.2
2404, 0.1
2405, 0.0
2406, -0.1
2407, -0.3
2408, -0.1
2409, -0.1
2410, 0.1
2411, -0.3
2412, 0.0
2413, -0.2
2414, 0.3
2415, 0.1
2416, 0.5
2417, -0.3
2418, -0.1
2419, -0.2
2420, 0.1
2421, -0.1
2422, 0.1
2423, 0.3
2424, -0.1
2425, 0.3
2426, 0.4
2427, 0.2
2428, 0.3
2429, -0.1
2430, 0.0
2431, 0.2
2432, -0.3
2433, 0.4
2434, 0.0
2435, -0.4
2436, -0.4
2437, 0.4
2438, -0.5
2439, -0.2
2440, -0.2
2441, 0.3
2442, -0.3
2443, 0.1
2444, -0.1
2445, -0.3
2446, -0.1
2447, -0.1
2448, -0.2
2449, -0.4
2450, -0.2
2451, 0.1
2452, 0.0
2453, 0.1
2454, 0.1
2455, 0.1
2456, -0.3
2457, -0.1
2458, 0.1
2459, -0.1
2460, 0.0
2461, -0.3
2462, 0.1
2463, 0.0
2464, -0.1
2465, -0.2
2466, 0.1
2467, -0.3
2468, -0.2
2469, 0.5
2470, 0.0
2471, -0.4
2472, 0.5
2473, 0.1
2474, 0.0
2475, 0.0
2476, 0.4
2477, 0.1
2478, 0.3
2479, 0.4
2480, 0.0
2481, 0.0
2482, 0.3
2483, -0.2
2484, 0.3
2485, -0.3
2486, 0.1
2487, -0.1
2488, 0.2
2489, 0.0
2490, -0.3
2491, -0.1
2492, -0.1
2493, 0.2
2494, 0.1
2495, 0.0
2496, 0.3
2497, -0.5
2498, 0.0
2499, 0.0
2500, 0.1
2501, 0.4
2502, -0.1
2503, 0.2
2504, 0.3
2505, -0.2
2506, 0.1
2507, 0.0
2508, -0.4
2509, -0.2
2510, -0.2
2511, -0.1
2512, -0.2
2513, 0.0
2514, 0.2
2515, -0.1
2516, -0.1
2517, -0.1
2518, -0.1
2519, 0.0
2520, 0.1
2521, -0.1
2522, -0.4
2523, -0.1
2524, -0.2
2525, 0.4
2526, 0.4
2527, 0.2
2528, 0.0
2529, 0.0
2530, 0.0
2531, 0.3
2532, -0.1
2533, 0.2
2534, -0.1
2535, -0.3
2536, 0.3
2537, 0.1
2538, -0.2
2539, 0.2
2540, 0.3
2541, 0.3
2542, 0.2
2543, 0.2
2544, -0.1
2545, 0.0
2546, 0.0
2547, -0.1
2548, -0.1
2549, 0.1
2550, -0.1
2551, 0.2
2552, 0.0
2553, 0.2
2554, 0.2
2555, -0.3
2556, 0.2
2557, -0.2
2558, 0.3
2559, 0.3
2560, -0.2
2561, 0.3
2562, 0.7
2563, -0.1
2564, -0.6
2565, 0.0
2566, 0.0
2567, -0.3
2568, -0.4
2569, -0.2
2570, -0.3
2571, 0.0
2572, -0.3
2573, -0.4
2574, 0.2
2575, 0.0
2576, -0.1
2577, 0.1
2578, 0.0
2579, 0.3
2580, 0.2
2581, 0.0
2582, -0.5
2583, -0.2
2584, -0.1
2585, -0.1
2586, 0.1
2587, 0.2
2588, 0.2
2589, 0.0
2590, 0.1
2591, 0.3
2592, -0.4
2593, 0.3
2594, -0.2
2595, 0.2
2596, 0.0
2597, -0.2
2598, 0.1
2599, -0.1
2600, 0.3
2601, -0.2
2602, 0.2
2603, 0.1
2604, -0.5
2605, 0.2
2606, -0.6
2607, 0.1
2608, -0.1
2609, 0.0
2610, -0.2
2611, -0.3
2612, 0.1
2613, -0.2
2614, 0.2
2615, -0.3
2616, -0.2
2617, 0.1
2618, -0.3
2619, 0.5
2620, 0.2
2621, 0.2
2622, -0.2
2623, -0.1
2624, -0.1
2625, 0.2
2626, -0.2
2627, 0.3
2628, -0.1
2629, 0.1
2630, 0.5
2631, 0.0
2632, -0.2
2633, 0.1
2634, -0.1
2635, -0.1
2636, -0.1
2637, -0.1
2638, 0.2
2639, -0.3
2640, -0.1
2641, -0.1
2642, 0.0
2643, -0.2
2644, -0.2
2645, -0.1
2646, 0.0
2647, 0.0
2648, -0.1
2649, 0.2
2650, -0.4
2651, -0.2
2652, 0.3
2653, 0.0
2654, 0.0
2655, -0.1
2656, 0.0
2657, 0.2
2658, -0.2
2659, 0.4
2660, 0.1
2661, -0.1
2662, -0.3
2663, -0.1
2664, 0.1
2665, -0.1
2666, 0.4
2667, 0.2
2668, 0.1
2669, 0.2
2670, 0.1
2671, -0.2
2672, -0.1
2673, 0.2
2674, -0.5
2675, 0.2
2676, 0.0
2677, 0.2
2678, 0.2
2679, -0.3
2680, 0.3
2681, -0.1
2682, -0.1
2683, 0.0
2684, 0.2
2685, 0.2
2686, -0.1
2687, 0.0
2688, -0.2
2689, -0.1
2690, 0.0
2691, 0.2
2692, -0.2
2693, -0.6
2694, -0.1
2695, 0.4
2696, 0.5
2697, 0.3
2698, 0.0
2699, 0.1
2700, 0.3
2701, 0.0
2702, 0.1
2703, -0.2
2704, -0.2
2705, 0.1
2706, -0.2
2707, -0.1
2708, 0.1
2709, 0.1
2710, 0.1
2711, 0.0
2712, -0.3
2713, 0.2
2714, 0.1
2715, 0.3
2716, -0.4
2717, -0.2
2718, -0.3
2719, 0.4
2720, 0.2
2721, 0.0
2722, 0.0
2723, -0.1
2724, -0.4
2725, -0.3
2726, 0.0
2727, 0.2
2728, -0.3
2729, 0.0
2730, 0.1
2731, 0.1
2732, -0.1
2733, 0.1
2734, 0.2
2735, 0.2
2736, 0.2
2737, -0.2
2738, 0.2
2739, 0.0
2740, 0.1
2741, 0.2
2742, -0.4
2743, -0.3
2744, 0.0
2745, 0.0
2746, 0.0
2747, 0.2
2748, -0.2
2749, 0.0
2750, 0.2
2751, -0.3
2752, 0.5
2753, -0.4
2754, 0.0
2755, -0.2
2756, -0.1
2757, 0.0
2758, 0.2
2759, -0.4
2760, 0.3
2761, 0.0
2762, 0.0
2763, -0.1
2764, 0.1
2765, -0.1
2766, 0.2
2767, 0.1
2768, 0.1
2769, 0.1
2770, -0.1
2771, 0.4
2772, 0.1
2773, 0.0
2774, 0.2
2775, 0.2
2776, -0.1
2777, 0.0
2778, -0.6
2779, 0.3
2780, 0.2
2781, 0.3
2782, 0.3
2783, 0.2
2784, -0.4
2785, -0.2
2786, 0.2
2787, -0.1
2788, 0.1
2789, -0.1
2790, 0.2
2791, -0.2
2792, -0.3
2793, 0.2
2794, 0.0
2795, 0.1
2796, 0.0
2797, 0.4
2798, 0.0
2799, -0.4
2800, -0.2
2801, 0.1
2802, 0.0
2803, 0.2
2804, -0.1
2805, -0.1
2806, 0.0
2807, -0.5
2808, -0.1
2809, -0.2
2810, -0.1
2811, 0.0
2812, 0.2
2813, 0.1
2814, 0.0
2815, -0.3
2816, 0.3
2817, -0.2
2818, -0.3
2819, -0.4
2820, -0.3
2821, -0.1
2822, 0.1
2823, -0.3
2824, 0.0
2825, -0.2
2826, 0.1
2827, 0.0
2828, -0.3
2829, -0.1
2830, -0.6
2831, 0.0
2832, 0.3
2833, 0.1
2834, -0.5
2835, -0.3
2836, 0.4
2837, -0.1
2838, 0.0
2839, 0.4
2840, 0.0
2841, 0.2
2842, 0.2
2843, -0.3
2844, -0.1
2845, -0.3
2846, 0.1
2847, -0.2
2848, -0.2
2849, 0.0
2850, 0.1
2851, -0.1
2852, -0.2
2853, 0.1
2854, -0.4
2855, 0.1
2856, 0.1
2857, 0.2
2858, -0.2
2859, 0.5
2860, 0.3
2861, 0.2
2862, 0.3
2863, 0.3
2864, -0.5
2865, -0.4
2866, 0.1
2867, 0.1
2868, 0.3
2869, 0.1
2870, -0.3
2871, 0.0
2872, -0.1
2873, 0.2
2874, 0.2
2875, -0.3
2876, 0.0
2877, 0.0
2878, -0.2
2879, 0.1
2880, -0.2
2881, -0.1
2882, 0.1
2883, 0.0
2884, 0.4
2885, 0.4
2886, -0.7
2887, 0.2
2888, -0.1
2889, 0.3
2890, -0.3
2891, -0.3
2892, 0.1
2893, 0.3
2894, 0.0
2895, -0.1
2896, 0.0
2897, -0.1
2898, -0.4
2899, 0.1
2900, 0.2
2901, 0.0
2902, 0.3
2903, 0.1
2904, 0.0
2905, -0.1
2906, -0.1
2907, -0.1
2908, 0.3
2909, -0.3
2910, -0.1
2911, 0.2
2912, 0.3
2913, 0.3
2914, -0.1
2915, -0.2
2916, -0.1
2917, -0.2
2918, -0.1
2919, -0.3
2920, 0.1
2921, -0.2
2922, -0.2
2923, 0.0
2924, -0.5
2925, 0.1
2926, 0.0
2927, -0.3
2928, -0.4
2929, 0.1
2930, 0.3
2931, 0.0
2932, 0.1
2933, 0.2
2934, 0.1
2935, 0.2
2936, -0.4
2937, 0.1
2938, 0.5
2939, 0.2
2940, -0.2
2941, 0.3
2942, -0.2
2943, 0.1
2944, 0.2
2945, 0.0
2946, 0.4
2947, 0.3
2948, -0.2
2949, 0.1
2950, 0.0
2951, 0.6
2952, -0.4
2953, -0.3
2954, 0.1
2955, -0.1
2956, 0.0
2957, -0.2
2958, 0.0
2959, 0.0
2960, 0.1
2961, 0.0
2962, -0.2
2963, -0.2
2964, 0.0
2965, 0.3
2966, 0.1
2967, -0.1
2968, 0.1
2969, 0.0
2970, -0.1
2971, -0.2
2972, -0.1
2973, -0.3
2974, 0.2
2975, 0.3
2976, 0.0
2977, 0.0
2978, 0.1
2979, -0.3
2980, 0.1
2981, -0.2
2982, 0.0
2983, -0.2
2984, -0.1
2985, 0.3
2986, -0.5
2987, 0.0
2988, 0.0
2989, 0.1
2990, 0.1
2991, 0.1
2992, -0.1
2993, 0.3
2994, 0.0
2995, -0.1
2996, 0.2
2997, 0.0
2998, 0.1
2999, 0.2
3000, 0.1
3001, 0.2
3002, -0.2
3003, -0.1
3004, 0.0
3005, 0.1
3006, 0.1
3007, -0.2
3008, 0.0
3009, -0.2
3010, 0.3
3011, -0.1
3012, 0.0
3013, 0.2
3014, -0.3
3015, 0.1
3016, 0.1
3017, 0.1
3018, 0.0
3019, 0.1
3020, -0.4
3021, 0.2
3022, -0.3
3023, 0.2
3024, 0.1
3025, 0.1
3026, 0.1
3027, -0.1
3028, 0.0
3029, 0.0
3030, -0.3
3031, -0.3
3032, 0.2
3033, 0.0
3034, 0.0
3035, 0.0
3036, 0.0
3037, -0.1
3038, -0.2
3039, -0.3
3040, 0.3
3041, -0.1
3042, 0.4
3043, -0.6
3044, 0.3
3045, 0.0
3046, 0.0
3047, 0.1
3048, 0.0
3049, 0.3
3050, -0.2
3051, -0.3
3052, -0.3
3053, 0.1
3054, 0.1
3055, -0.2
3056, 0.1
3057, 0.1
3058, -0.1
3059, -0.1
3060, 0.0
3061, 0.4
3062, 0.3
3063, 0.2
3064, -0.3
3065, 0.0
3066, 0.2
3067, 0.0
3068, 0.3
3069, 0.1
3070, -0.2
3071, 0.0
3072, 0.0
3073, 0.1
3074, -0.2
3075, 0.1
3076, 0.0
3077, 0.1
3078, 0.2
3079, 0.3
3080, -0.3
3081, 0.3
3082, 0.0
3083, 0.0
3084, 0.0
3085, 0.0
3086, 0.3
3087, -0.5
3088, 0.0
3089, 0.3
3090, 0.0
3091, -0.1
3092, -0.3
3093, -0.2
3094, -0.3
3095, 0.5
3096, 0.2
3097, 0.3
3098, 0.2
3099, -0.1
3100, -0.7
3101, 0.1
3102, -0.5
3103, 0.0
3104, 0.3
3105, 0.0
3106, 0.1
3107, 0.2
3108, 0.3
3109, 0.3
3110, 0.0
3111, 0.2
3112, 0.3
3113, -0.2
3114, -0.2
3115, 0.1
3116, 0.0
3117, 0.1
3118, -0.1
3119, -0.1
3120, 0.3
3121, 0.1
3122, -0.4
3123, -0.4
3124, 0.3
3125, -0.7
3126, -0.2
3127, -0.4
3128, 0.1
3129, -0.3
3130, -0.2
3131, 0.1
3132, -0.2
3133, -0.3
3134, -0.2
3135, 0.3
3136, -0.5
3137, 0.0
3138, 0.0
3139, 0.1
3140, 0.4
3141, -0.4
3142, -0.2
3143, 0.0
3144, 0.1
3145, -0.2
3146, 0.1
3147, -0.1
3148, -0.3
3149, -0.1
3150, 0.2
3151, -0.1
3152, 0.4
3153, 0.1
3154, 0.1
3155, 0.1
3156, 0.0
3157, 0.1
3158, -0.1
3159, 0.0
3160, -0.4
3161, -0.1
3162, 0.0
3163, -0.2
3164, 0.1
3165, -0.4
3166, -0.1
3167, -0.1
3168, 0.1
3169, 0.0
3170, 0.0
3171, 0.0
3172, -0.6
3173, -0.1
3174, 0.0
3175, 0.2
3176, 0.3
3177, -0.2
3178, -0.1
3179, 0.0
3180, 0.1
3181, -0.1
3182, 0.2
3183, 0.4
3184, 0.2
3185, -0.1
3186, -0.4
3187, -0.1
3188, -0.6
3189, 0.3
3190, 0.0
3191, 0.4
3192, 0.3
3193, -0.1
3194, -0.1
3195, 0.1
3196, 0.1
3197, -0.1
3198, -0.1
3199, -0.6
3200, 0.2
3201, 0.2
3202, -0.1
3203, 0.0
3204, 0.2
3205, -0.4
3206, 0.3
3207, 0.0
3208, 0.3
3209, 0.1
3210, 0.2
3211, -0.2
3212, 0.2
3213, 0.3
3214, -0.1
3215, 0.0
3216, -0.4
3217, 0.0
3218, 0.1
3219, 0.0
3220, -0.3
3221, 0.4
3222, -0.1
3223, 0.0
3224, 0.2
3225, -0.1
3226, 0.2
3227, -0.1
3228, 0.0
3229, -0.2
3230, -0.4
3231, -0.1
3232, -0.5
3233, 0.1
3234, 0.1
3235, 0.0
3236, 0.4
3237, -0.1
3238, 0.0
3239, 0.1
3240, -0.1
3241, 0.2
3242, -0.3
3243, -0.1
3244, 0.2
3245, -0.1
3246, -0.2
3247, 0.0
3248, -0.4
3249, 0.4
3250, 0.2
3251, -0.4
3252, 0.1
3253, -0.2
3254, 0.1
3255, -0.4
3256, 0.2
3257, 0.3
3258, 0.4
3259, 0.2
3260, 0.2
3261, -0.2
3262, -0.1
3263, 0.1
3264, 0.0
3265, 0.0
3266, 0.2
3267, -0.1
3268, 0.0
3269, 0.0
3270, 0.1
3271, 0.0
3272, 0.0
3273, 0.0
3274, 0.1
3275, 0.2
3276, 0.0
3277, -0.3
3278, -0.2
3279, 0.0
3280, -0.1
3281, 0.0
3282, 0.1
3283, 0.4
3284, 0.1
3285, -0.1
3286, 0.4
3287, -0.1
3288, 0.0
3289, -0.5
3290, -0.3
3291, 0.5
3292, -0.1
3293, 0.2
3294, -0.2
3295, 0.0
3296, 0.2
3297, 0.1
3298, 0.1
3299, -0.3
3300, -0.1
3301, -0.1
3302, -0.4
3303, 0.1
3304, 0.1
3305, 0.2
3306, -0.3
3307, -0.1
3308, 0.1
3309, 0.2
3310, 0.1
3311, -0.2
3312, 0.3
3313, 0.2
3314, 0.0
3315, 0.1
3316, 0.1
3317, 0.3
3318, 0.2
3319, 0.5
3320, -0.1
3321, 0.2
3322, 0.1
3323, -0.1
3324, 0.0
3325, 0.2
3326, -0.1
3327, 0.1
3328, 0.1
3329, 0.1
3330, 0.0
3331, 0.2
3332, -0.4
3333, 0.4
3334, 0.4
3335, -0.4
3336, -0.1
3337, 0.1
3338, 0.3
3339, 0.3
3340, 0.2
3341, 0.2
3342, 0.1
3343, 0.1
3344, -0.2
3345, 0.1
3346, 0.1
3347, -0.3
3348, 0.4
3349, 0.1
3350, 0.0
3351, 0.0
3352, -0.3
3353, -0.4
3354, 0.2
3355, -0.1
3356, -0.1
3357, -0.2
3358, -0.1
3359, 0.5
3360, 0.0
3361, 0.2
3362, 0.0
3363, 0.3
3364, -0.3
3365, -0.1
3366, -0.1
3367, -0.6
3368, -0.3
3369, 0.0
3370, -0.1
3371, 0.1
3372, 0.2
3373, 0.1
3374, 0.2
3375, -0.3
3376, 0.0
3377, 0.3
3378, 0.2
3379, 0.3
3380, 0.2
3381, -0.2
3382, -0.1
3383, 0.1
3384, 0.1
3385, 0.1
3386, 0.2
3387, 0.1
3388, -0.1
3389, 0.0
3390, 0.2
3391, 0.2
3392, 0.2
3393, 0.3
3394, 0.2
3395, 0.0
3396, -0.3
3397, 0.1
3398, -0.1
3399, -0.1
3400, 0.1
3401, -0.3
3402, 0.2
3403, 0.1
3404, -0.3
3405, -0.1
3406, 0.1
3407, 0.1
3408, 0.1
3409, 0.1
3410, 0.3
3411, -0.2
3412, 0.3
3413, -0.4
3414, -0.2
3415, 0.1
3416, 0.2
3417, -0.1
3418, 0.0
3419, -0.1
3420, 0.1
3421, 0.1
3422, 0.3
3423, 0.2
3424, -0.4
3425, 0.0
3426, 0.3
3427, -0.1
3428, -0.4
3429, 0.3
3430, 0.0
3431, -0.1
3432, -0.3
3433, -0.2
3434, 0.4
3435, 0.0
3436, -0.2
3437, -0.2
3438, 0.5
3439, -0.2
3440, 0.1
3441, -0.2
3442, 0.2
3443, 0.0
3444, 0.0
3445, -0.6
3446, 0.1
3447, 0.5
3448, -0.1
3449, -0.2
3450, 0.0
3451, 0.3
3452, -0.1
3453, 0.1
3454, 0.1
3455, -0.1
3456, -0.1
3457, 0.1
3458, 0.0
3459, 0.1
3460, -0.1
3461, 0.0
3462, -0.5
3463, -0.2
3464, 0.3
3465, 0.2
3466, 0.1
3467, 0.3
3468, -0.2
3469, 0.3
3470, 0.0
3471, 0.0
3472, 0.2
3473, 0.2
3474, -0.4
3475, 0.3
3476, 0.0
3477, 0.2
3478, -0.5
3479, -0.4
3480, 0.0
3481, 0.1
3482, -0.2
3483, 0.1
3484, 0.1
3485, 0.0
3486, 0.0
3487, 0.0
3488, 0.1
3489, -0.4
3490, 0.1
3491, -0.2
3492, 0.3
3493, -0.3
3494, 0.1
3495, 0.1
3496, -0.1
3497, 0.3
3498, 0.1
3499, 0.1
3500, -0.1
3501, 0.2
3502, -0.4
3503, 0.4
3504, 0.3
3505, -0.4
3506, 0.1
3507, 0.0
3508, 0.0
3509, -0.1
3510, 0.0
3511, 0.3
3512, 0.2
3513, 0.2
3514, 0.0
3515, 0.0
3516, 0.3
3517, 0.1
3518, 0.0
3519, 0.2
3520, -0.1
3521, -0.1
3522, -0.3
3523, -0.3
3524, -0.2
3525, 0.1
3526, 0.5
3527, -0.2
3528, -0.1
3529, 0.1
3530, 0.2
3531, 0.0
3532, -0.2
3533, 0.4
3534, 0.2
3535, -0.3
3536, 0.1
3537, -0.2
3538, 0.2
3539, -0.1
3540, -0.1
3541, 0.1
3542, 0.2
3543, 0.1
3544, 0.2
3545, 0.0
3546, 0.2
3547, 0.0
3548, 0.2
3549, 0.0
3550, 0.4
3551, 0.2
3552, -0.1
3553, -0.1
3554, -0.1
3555, -0.3
3556, -0.1
3557, -0.2
3558, 0.1
3559, 0.2
3560, 0.2
3561, -0.3
3562, 0.1
3563, -0.1
3564, -0.1
3565, -0.4
3566, 0.1
3567, -0.1
3568, 0.2
3569, -0.2
3570, 0.1
3571, 0.1
3572, -0.1
3573, 0.1
3574, 0.4
3575, 0.4
3576, -0.1
3577, -0.1
3578, -0.3
3579, -0.2
3580, -0.4
3581, -0.2
3582, -0.2
3583, -0.2
3584, 0.2
3585, -0.1
3586, 0.3
3587, 0.3
3588, 0.3
3589, 0.0
3590, 0.2
3591, -0.1
3592, 0.5
3593, 0.1
3594, 0.3
3595, 0.2
3596, 0.1
3597, 0.4
3598, 0.1
3599, 0.0
3600, -0.3
3601, 0.0
3602, -0.1
3603, -0.3
3604, -0.3
3605, -0.3
3606, 0.2
3607, 0.4
3608, -0.2
3609, -0.3
3610, 0.0
3611, 0.2
3612, -0.2
3613, -0.1
3614, -0.3
3615, -0.1
3616, -0.1
3617, 0.3
3618, -0.2
3619, 0.2
3620, -0.1
3621, 0.0
3622, 0.2
3623, 0.1
3624, -0.1
3625, -0.5
3626, -0.4
3627, -0.1
3628, 0.4
3629, 0.1
3630, -0.4
3631, 0.1
3632, 0.2
3633, 0.1
3634, -0.4
3635, 0.1
3636, -0.4
3637, 0.0
3638, 0.2
3639, -0.3
3640, 0.2
3641, -0.1
3642, -0.4
3643, 0.0
3644, 0.0
3645, -0.3
3646, 0.2
3647, 0.2
3648, 0.1
3649, -0.3
3650, -0.1
3651, 0.0
3652, 0.5
3653, -0.3
3654, -0.2
3655, 0.3
3656, -0.2
3657, -0.5
3658, 0.3
3659, 0.2
3660, -0.1
3661, -0.1
3662, 0.1
3663, 0.1
3664, 0.2
3665, -0.1
3666, -0.2
3667, 0.3
3668, -0.2
3669, 0.1
3670, 0.0
3671, -0.3
3672, -0.5
3673, -0.2
3674, 0.4
3675, -0.2
3676, 0.1
3677, -0.1
3678, -0.3
3679, 0.1
3680, -0.4
3681, 0.0
3682, 0.3
3683, 0.2
3684, -0.4
3685, 0.1
3686, -0.1
3687, 0.3
3688, 0.1
3689, 0.0
3690, 0.0
3691, 0.0
3692, -0.2
3693, 0.1
3694, 0.1
3695, 0.1
3696, 0.0
3697, 0.1
3698, 0.2
3699, 0.0
3700, 0.0
3701, 0.0
3702, 0.0
3703, 0.0
3704, 0.3
3705, 0.0
3706, -0.2
3707, 0.0
3708, 0.0
3709, -0.2
3710, -0.2
3711, -0.1
3712, -0.1
3713, 0.2
3714, 0.1
3715, 0.0
3716, 0.0
3717, 0.2
3718, 0.2
3719, 0.1
3720, 0.1
3721, 0.2
3722, -0.4
3723, 0.2
3724, 0.2
3725, -0.3
3726, -0.4
3727, -0.5
3728, 0.1
3729, -0.1
3730, 0.1
3731, 0.0
3732, -0.1
3733, -0.2
3734, 0.4
3735, 0.0
3736, 0.4
3737, -0.3
3738, 0.0
3739, 0.1
3740, 0.0
3741, 0.4
3742, 0.0
3743, -0.2
3744, -0.6
3745, 0.0
3746, 0.0
3747, -0.1
3748, 0.2
3749, 0.0
3750, 0.2
3751, 0.4
3752, 0.1
3753, -0.2
3754, -0.4
3755, 0.0
3756, 0.2
3757, 0.1
3758, -0.1
3759, 0.0
3760, 0.1
3761, 0.0
3762, 0.2
3763, 0.1
3764, -0.1
3765, 0.0
3766, -0.1
3767, 0.3
3768, 0.2
3769, -0.1
3770, 0.0
3771, 0.3
3772, 0.0
3773, 0.3
3774, 0.0
3775, 0.2
3776, 0.2
3777, -0.2
3778, 0.1
3779, -0.1
3780, 0.1
3781, -0.1
3782, 0.1
3783, -0.5
3784, 0.2
3785, 0.2
3786, -0.2
3787, 0.1
3788, 0.0
3789, 0.1
3790, 0.1
3791, -0.1
3792, 0.1
3793, 0.5
3794, 0.5
3795, 0.1
3796, -0.5
3797, 0.1
3798, -0.1
3799, 0.0
3800, -0.1
3801, -0.1
3802, 0.2
3803, -0.2
3804, -0.2
3805, 0.2
3806, 0.0
3807, 0.4
3808, 0.2
3809, 0.4
3810, -0.2
3811, 0.1
3812, -0.1
3813, -0.5
3814, 0.1
3815, 0.1
3816, 0.0
3817, -0.2
3818, -0.1
3819, 0.0
3820, 0.3
3821, 0.1
3822, 0.1
3823, 0.2
3824, 0.0
3825, 0.2
3826, 0.0
3827, 0.1
3828, 0.3
3829, -0.2
3830, 0.3
3831, 0.4
3832, 0.3
3833, -0.2
3834, -0.1
3835, 0.1
3836, 0.3
3837, -0.1
3838, -0.2
3839, -0.3
3840, 0.2
3841, 0.1
3842, -0.3
3843, 0.1
3844, 0.0
3845, 0.2
3846, 0.0
3847, 0.3
3848, -0.2
3849, -0.1
3850, 0.1
3851, 0.1
3852, -0.1
3853, 0.1
3854, -0.2
3855, 0.0
3856, 0.3
3857, 0.1
3858, 0.0
3859, 0.0
3860, 0.0
3861, 0.3
3862, -0.1
3863, -0.1
3864, 0.1
3865, -0.4
3866, 0.1
3867, -0.3
3868, -0.1
3869, -0.5
3870, -0.1
3871, 0.2
3872, 0.0
3873, 0.2
3874, 0.2
3875, -0.2
3876, -0.5
3877, -0.1
3878, 0.4
3879, 0.2
3880, -0.2
3881, 0.1
3882, 0.0
3883, 0.0
3884, -0.2
3885, 0.1
3886, 0.3
3887, 0.0
3888, -0.1
3889, 0.4
3890, 0.3
3891, 0.1
3892, 0.0
3893, 0.0
3894, 0.0
3895, 0.3
3896, 0.2
3897, 0.0
3898, -0.2
3899, 0.5
3900, 0.1
3901, 0.0
3902, 0.1
3903, 0.1
3904, 0.0
3905, 0.0
3906, 0.1
3907, -0.1
3908, -0.2
3909, 0.4
3910, -0.4
3911, -0.3
3912, 0.2
3913, -0.1
3914, -0.1
3915, 0.0
3916, 0.1
3917, 0.4
3918, 0.1
3919, 0.2
3920, -0.3
3921, -0.1
3922, -0.1
3923, 0.0
3924, -0.5
3925, 0.0
3926, -0.1
3927, -0.1
3928, -0.2
3929, 0.1
3930, -0.2
3931, 0.2
3932, 0.0
3933, 0.0
3934, 0.2
3935, -0.1
3936, -0.2
3937, 0.2
3938, 0.0
3939, 0.2
3940, -0.1
3941, 0.2
3942, 0.1
3943, 0.3
3944, -0.2
3945, 0.1
3946, 0.1
3947, 0.2
3948, -0.1
3949, -0.3
3950, 0.4
3951, -0.2
3952, -0.2
3953, -0.2
3954, 0.2
3955, -0.4
3956, 0.1
3957, -0.3
3958, 0.1
3959, -0.1
3960, 0.1
3961, -0.2
3962, -0.3
3963, -0.2
3964, -0.2
3965, -0.3
3966, 0.2
3967, 0.0
3968, 0.3
3969, 0.1
3970, 0.0
3971, 0.1
3972, 0.2
3973, 0.0
3974, -0.1
3975, -0.2
3976, 0.0
3977, 0.3
3978, 0.1
3979, 0.0
3980, 0.1
3981, 0.4
3982, 0.1
3983, -0.2
3984, -0.1
3985, 0.5
3986, 0.0
3987, 0.1
3988, 0.5
3989, 0.5
3990, -0.1
3991, 0.1
3992, -0.2
3993, 0.0
3994, -0.3
3995, 0.2
3996, 0.1
3997, 0.1
3998, -0.1
3999, 0.0
