0, -0.2
1, -0.1
2, 0.2
3, 0.3
4, -0.3
5, -0.1
6, 0.1
7, -0.3
8, 0.1
9, -0.4
10, -0.3
11, -0.3
12, 0.2
13, -0.1
14, 0.2
15, 0.2
16, -0.1
17, -0.1
18, 0.6
19, -0.4
20, -0.1
21, 0.0
22, 0.1
23, 0.1
24, -0.2
25, -0.1
26, 0.0
27, -0.1
28, 0.1
29, 0.1
30, -0.4
31, -0.4
32, 0.3
33, -0.1
34, 0.1
35, 0.4
36, -0.4
37, 0.2
38, 0.2
39, 0.1
40, 0.1
41, -0.1
42, -0.3
43, 0.1
44, 0.4
45, 0.1
46, -0.5
47, -0.1
48, -0.3
49, 0.0
50, 0.2
51, 0.3
52, 0.1
53, 0.0
54, 0.1
55, 0.2
56, 0.2
57, -0.4
58, -0.1
59, -0.1
60, 0.3
61, 0.3
62, -0.1
63, -0.2
64, -0.4
65, -0.4
66, 0.0
67, -0.2
68, 0.0
69, 0.1
70, 0.0
71, 0.1
72, 0.2
73, 0.0
74, 0.2
75, 0.3
76, 0.5
77, 0.0
78, 0.2
79, -0.4
80, 0.2
81, 0.2
82, 0.3
83, 0.0
84, 0.1
85, -0.1
86, -0.4
87, -0.2
88, -0.1
89, 0.1
90, 0.1
91, 0.0
92, 0.0
93, 0.3
94, -0.2
95, 0.1
96, -0.3
97, -0.3
98, -0.5
99, 0.0
100, -0.1
101, -0.3
102, 0.4
103, 0.1
104, 0.0
105, 0.0
106, -0.1
107, -0.2
108, -0.3
109, 0.0
110, 0.1
111, -0.2
112, -0.2
113, 0.3
114, -0.1
115, 0.5
116, 0.2
117, -0.3
118, 0.1
119, -0.2
120, -0.4
121, 0.0
122, -0.2
123, -0.1
124, 0.1
125, 0.0
126, 0.1
127, -0.2
128, -0.1
129, 0.0
130, 0.3
131, -0.2
132, -0.1
133, 0.5
134, 0.3
135, -0.2
136, 0.3
137, 0.2
138, 0.1
139, 0.2
140, -0.1
141, -0.4
142, 0.0
143, -0.2
144, 0.2
145, -0.5
146, 0.2
147, -0.3
148, 0.1
149, -0.1
150, 0.2
151, 0.1
152, -0.2
153, -0.4
154, 0.1
155, 0.4
156, -0.1
157, -0.2
158, -0.1
159, 0.3
160, -0.1
161, 0.2
162, -0.1
163, 0.4
164, -0.3
165, 0.3
166, 0.3
167, 0.3
168, 0.0
169, 0.2
170, 0.2
171, 0.3
172, 0.0
173, -0.1
174, -0.2
175, 0.0
176, -0.3
177, 0.2
178, -0.1
179, 0.2
180, -0.1
181, 0.2
182, -0.1
183, -0.2
184, 0.1
185, 0.4
186, 0.1
187, 0.4
188, -0.2
189, -0.2
190, 0.1
191, 0.3
192, 0.0
193, 0.0
194, 0.3
195, -0.1
196, -0.2
197, 0.3
198, 0.1
199, -0.2
200, 0.5
201, 0.2
202, 0.1
203, 0.1
204, 0.1
205, 0.1
206, 0.1
207, -0.2
208, 0.2
209, -0.1
210, -0.4
211, 0.1
212, 0.4
213, -0.4
214, 0.1
215, -0.1
216, 0.1
217, -0.1
218, 0.3
219, -0.1
220, 0.1
221, 0.1
222, -0.2
223, -0.1
224, -0.3
225, 0.4
226, 0.0
227, -0.2
228, 0.1
229, 0.1
230, 0.0
231, -0.4
232, 0.0
233, 0.0
234, 0.3
235, 0.3
236, 0.1
237, 0.1
238, 0.0
239, 0.3
240, -0.1
241, 0.1
242, -0.3
243, 0.1
244, 0.2
245, 0.0
246, 0.4
247, 0.1
248, 0.1
249, 0.1
250, 0.1
251, -0.1
252, 0.2
253, 0.0
254, -0.2
255, -0.2
256, 0.2
257, 0.0
258, -0.1
259, 0.2
260, -0.3
261, 0.3
262, 0.5
263, -0.1
264, 0.0
265, 0.0
266, -0.7
267, -0.3
268, -0.3
269, -0.4
270, 0.1
271, -0.2
272, 0.1
273, 0.1
274, -0.1
275, 0.3
276, 0.1
277, 0.1
278, 0.1
279, 0.0
280, -0.5
281, -0.2
282, 0.1
283, -0.2
284, 0.4
285, -0.1
286, -0.2
287, 0.1
288, 0.0
289, 0.0
290, 0.3
291, 0.3
292, 0.2
293, 0.2
294, 0.2
295, 0.0
296, -0.4
297, -0.1
298, 0.0
299, 0.1
300, 0.2
301, 0.1
302, 0.1
303, -0.1
304, -0.2
305, -0.2
306, 0.0
307, -0.6
308, 0.3
309, 0.2
310, 0.2
311, -0.2
312, -0.1
313, -0.4
314, 0.0
315, 0.1
316, 0.0
317, 0.4
318, -0.1
319, 0.0
320, 0.2
321, 0.5
322, 0.1
323, 0.0
324, 0.0
325, -0.3
326, -0.3
327, 0.3
328, -0.4
329, -0.6
330, 0.2
331, 0.2
332, 0.3
333, 0.2
334, -0.1
335, -0.4
336, 0.2
337, 0.0
338, 0.1
339, -0.2
340, -0.2
341, -0.3
342, -0.1
343, 0.0
344, 0.1
345, 0.0
346, 0.1
347, -0.3
348, 0.1
349, 0.1
350, 0.3
351, 0.0
352, 0.0
353, -0.3
354, 0.0
355, 0.1
356, 0.1
357, -0.2
358, -0.4
359, 0.0
360, 0.0
361, 0.4
362, 0.1
363, -0.3
364, -0.2
365, 0.0
366, -0.1
367, -0.1
368, -0.6
369, -0.2
370, 0.3
371, 0.1
372, 0.2
373, -0.2
374, -0.2
375, -0.1
376, -0.4
377, 0.4
378, 0.1
379, -0.3
380, -0.1
381, 0.0
382, -0.1
383, -0.2
384, 0.3
385, -0.3
386, -0.3
387, 0.2
388, -0.2
389, 0.0
390, -0.3
391, -0.1
392, -0.1
393, -0.1
394, 0.0
395, -0.2
396, 0.4
397, 0.2
398, -0.2
399, -0.2
400, -0.1
401, 0.0
402, 0.0
403, 0.2
404, 0.1
405, -0.1
406, 0.0
407, -0.2
408, -0.4
409, -0.1
410, -0.5
411, 0.3
412, 0.2
413, -0.1
414, 0.2
415, 0.4
416, -0.4
417, 0.3
418, 0.2
419, -0.2
420, -0.1
421, 0.0
422, 0.3
423, 0.0
424, 0.0
425, -0.3
426, 0.0
427, 0.2
428, -0.1
429, 0.1
430, -0.1
431, 0.2
432, 0.0
433, 0.2
434, 0.1
435, -0.3
436, -0.3
437, 0.2
438, 0.2
439, 0.1
440, 0.1
441, 0.0
442, -0.2
443, 0.3
444, 0.1
445, 0.1
446, -0.2
447, -0.2
448, -0.3
449, 0.1
450, 0.2
451, 0.3
452, -0.4
453, 0.0
454, -0.1
455, 0.2
456, -0.3
457, -0.3
458, -0.1
459, 0.1
460, 0.2
461, 0.2
462, 0.2
463, 0.0
464, 0.0
465, -0.1
466, 0.3
467, 0.0
468, 0.3
469, -0.2
470, -0.2
471, -0.2
472, 0.0
473, -0.2
474, -0.2
475, 0.3
476, -0.1
477, 0.3
478, 0.2
479, 0.0
480, 0.3
481, -0.2
482, -0.1
483, 0.1
484, -0.5
485, 0.1
486, 0.0
487, -0.2
488, -0.3
489, 0.3
490, 0.0
491, -0.1
492, -0.3
493, 0.0
494, 0.1
495, -0.3
496, -0.3
497, 0.1
498, 0.0
499, 0.2
500, 0.1
501, 0.3
502, 0.3
503, 0.1
504, -0.2
505, 0.2
506, 0.2
507, 0.1
508, -0.4
509, 0.1
510, -0.2
511, 0.2
512, -0.3
513, -0.1
514, 0.1
515, 0.0
516, -0.1
517, -0.1
518, 0.1
519, 0.1
520, -0.3
521, 0.0
522, 0.1
523, -0.3
524, 0.4
525, 0.0
526, 0.1
527, -0.1
528, 0.1
529, -0.4
530, -0.1
531, 0.2
532, 0.2
533, 0.3
534, 0.1
535, 0.2
536, 0.1
537, 0.1
538, 0.4
539, 0.0
540, 0.2
541, -0.4
542, -0.2
543, 0.0
544, 0.5
545, 0.3
546, -0.1
547, 0.3
548, 0.0
549, -0.2
550, 0.3
551, 0.0
552, 0.1
553, 0.3
554, -0.3
555, 0.4
556, 0.1
557, 0.1
558, 0.0
559, 0.5
560, 0.3
561, 0.0
562, -0.3
563, -0.2
564, 0.0
565, 0.0
566, 0.0
567, 0.0
568, 0.4
569, -0.6
570, -0.2
571, 0.2
572, -0.2
573, 0.0
574, -0.2
575, -0.1
576, -0.1
577, 0.2
578, -0.3
579, -0.3
580, 0.1
581, 0.1
582, -0.2
583, -0.1
584, -0.5
585, -0.1
586, 0.0
587, -0.1
588, -0.3
589, 0.1
590, 0.2
591, 0.2
592, 0.3
593, 0.1
594, 0.1
595, -0.2
596, 0.0
597, 0.0
598, 0.0
599, 0.1
600, 0.0
601, -0.4
602, 0.3
603, -0.1
604, 0.3
605, 0.2
606, 0.0
607, -0.1
608, -0.1
609, 0.0
610, 0.3
611, 0.0
612, 0.1
613, 0.0
614, -0.1
615, 0.1
616, 0.0
617, 0.2
618, 0.0
619, -0.1
620, -0.1
621, 0.0
622, 0.1
623, -0.1
624, 0.0
625, 0.0
626, 0.3
627, -0.1
628, 0.1
629, 0.1
630, 0.2
631, 0.0
632, 0.0
633, -0.4
634, 0.1
635, -0.5
636, -0.2
637, -0.4
638, 0.1
639, 0.2
640, 0.3
641, -0.4
642, -0.3
643, 0.0
644, -0.1
645, -0.1
646, 0.3
647, 0.2
648, -0.2
649, -0.1
650, -0.2
651, 0.0
652, -0.4
653, -0.2
654, -0.1
655, 0.2
656, 0.3
657, 0.3
658, 0.0
659, 0.1
660, 0.2
661, 0.2
662, 0.5
663, 0.2
664, 0.2
665, 0.4
666, 0.3
667, 0.1
668, -0.1
669, 0.0
670, 0.1
671, -0.1
672, -0.2
673, -0.3
674, -0.3
675, 0.3
676, -0.3
677, 0.1
678, -0.1
679, 0.2
680, 0.0
681, 0.0
682, 0.2
683, -0.3
684, -0.1
685, 0.0
686, 0.2
687, -0.3
688, 0.0
689, 0.2
690, 0.2
691, -0.5
692, 0.3
693, -0.3
694, -0.4
695, 0.0
696, 0.0
697, 0.0
698, -0.1
699, -0.1
700, -0.3
701, -0.2
702, -0.3
703, 0.1
704, -0.2
705, -0.1
706, -0.1
707, -0.5
708, 0.4
709, 0.3
710, -0.1
711, -0.2
712, 0.0
713, -0.4
714, -0.5
715, 0.1
716, 0.3
717, -0.1
718, 0.5
719, 0.1
720, 0.1
721, 0.1
722, 0.4
723, 0.0
724, -0.2
725, -0.1
726, 0.0
727, 0.0
728, 0.0
729, 0.2
730, 0.2
731, -0.4
732, 0.1
733, 0.2
734, 0.2
735, 0.0
736, 0.0
737, -0.1
738, 0.0
739, -0.2
740, 0.1
741, 0.0
742, 0.1
743, 0.1
744, -0.4
745, 0.0
746, 0.3
747, 0.0
748, 0.1
749, 0.3
750, 0.4
751, -0.1
752, 0.0
753, 0.2
754, 0.1
755, 0.0
756, 0.1
757, -0.2
758, 0.0
759, -0.3
760, 0.0
761, 0.1
762, 0.0
763, -0.1
764, 0.1
765, 0.3
766, 0.0
767, 0.0
768, 0.2
769, 0.0
770, 0.0
771, -0.2
772, 0.2
773, -0.2
774, 0.3
775, 0.2
776, 0.2
777, -0.2
778, -0.3
779, -0.1
780, 0.3
781, -0.3
782, 0.1
783, 0.4
784, 0.1
785, 0.0
786, 0.1
787, -0.5
788, 0.2
789, -0.2
790, 0.1
791, -0.2
792, 0.3
793, 0.0
794, 0.2
795, 0.1
796, 0.3
797, 0.1
798, -0.3
799, 0.3
800, 0.2
801, 0.4
802, -0.4
803, -0.3
804, 0.1
805, 0.1
806, 0.2
807, -0.3
808, 0.3
809, 0.0
810, 0.1
811, -0.4
812, -0.2
813, 0.1
814, -0.1
815, -0.1
816, -0.1
817, -0.1
818, -0.2
819, -0.1
820, 0.1
821, -0.3
822, -0.2
823, -0.2
824, -0.2
825, -0.2
826, -0.1
827, 0.0
828, -0.4
829, -0.5
830, 0.1
831, 0.2
832, 0.0
833, -0.3
834, 0.1
835, 0.3
836, 0.0
837, -0.2
838, 0.1
839, 0.1
840, 0.1
841, -0.5
842, -0.1
843, 0.3
844, 0.3
845, -0.2
846, -0.3
847, -0.2
848, 0.3
849, -0.2
850, 0.0
851, 0.3
852, 0.3
853, -0.2
854, -0.2
855, -0.3
856, -0.3
857, -0.1
858, -0.2
859, 0.2
860, 0.3
861, -0.4
862, -0.5
863, 0.4
864, 0.0
865, 0.5
866, 0.1
867, -0.2
868, 0.0
869, -0.1
870, 0.0
871, 0.3
872, -0.1
873, -0.5
874, 0.0
875, -0.2
876, -0.4
877, 0.1
878, 0.0
879, -0.2
880, -0.1
881, 0.2
882, 0.0
883, 0.4
884, -0.4
885, 0.1
886, -0.3
887, -0.4
888, 0.2
889, 0.1
890, -0.1
891, -0.2
892, -0.4
893, -0.2
894, -0.1
895, 0.1
896, 0.0
897, 0.0
898, -0.1
899, -0.1
900, -0.2
901, 0.0
902, -0.4
903, 0.0
904, -0.2
905, -0.1
906, 0.0
907, 0.0
908, 0.2
909, 0.0
910, 0.3
911, 0.0
912, 0.2
913, -0.1
914, -0.2
915, 0.3
916, -0.2
917, 0.2
918, 0.4
919, 0.3
920, -0.2
921, 0.3
922, 0.4
923, 0.1
924, 0.3
925, -0.2
926, -0.1
927, 0.2
928, 0.1
929, -0.2
930, -0.2
931, 0.1
932, 0.2
933, 0.2
934, -0.5
935, 0.3
936, -0.2
937, 0.1
938, -0.3
939, 0.2
940, 0.0
941, 0.1
942, 0.0
943, -0.2
944, -0.2
945, -0.2
946, -0.1
947, 0.3
948, 0.1
949, -0.4
950, -0.6
951, -0.2
952, -0.2
953, 0.4
954, 0.3
955, -0.2
956, 0.1
957, 0.0
958, -0.2
959, 0.1
960, 0.4
961, -0.1
962, 0.0
963, -0.4
964, -0.3
965, -0.4
966, 0.1
967, 0.3
968, 0.1
969, 0.3
970, 0.0
971, 0.1
972, 0.3
973, 0.1
974, 0.2
975, 0.2
976, -0.1
977, -0.3
978, -0.1
979, 0.2
980, -0.1
981, 0.2
982, 0.0
983, -0.1
984, 0.2
985, 0.3
986, 0.1
987, 0.1
988, 0.2
989, 0.2
990, -0.1
991, 0.1
992, 0.2
993, 0.0
994, 0.0
995, 0.3
996, -0.1
997, -0.1
998, -0.2
999, 0.3
1000, -0.2
1001, 0.5
1002, 0.0
1003, 0.0
1004, 0.2
1005, -0.3
1006, -0.2
1007, 0.1
1008, -0.4
1009, 0.4
1010, -0.2
1011, -0.3
1012, -0.2
1013, 0.1
1014, 0.2
1015, -0.5
1016, 0.3
1017, 0.1
1018, -0.2
1019, 0.0
1020, -0.1
1021, -0.2
1022, 0.0
1023, 0.1
1024, 0.3
1025, 0.1
1026, 0.2
1027, 0.0
1028, 0.1
1029, 0.0
1030, 0.0
1031, -0.1
1032, 0.3
1033, -0.1
1034, 0.0
1035, 0.0
1036, -0.2
1037, -0.2
1038, 0.0
1039, -0.1
1040, 0.2
1041, 0.0
1042, 0.0
1043, 0.4
1044, 0.2
1045, 0.0
1046, 0.3
1047, -0.3
1048, 0.1
1049, 0.2
1050, -0.1
1051, 0.1
1052, 0.2
1053, -0.2
1054, -0.1
1055, -0.1
1056, 0.2
1057, 0.2
1058, -0.1
1059, 0.1
1060, 0.3
1061, -0.1
1062, -0.2
1063, 0.2
1064, 0.0
1065, -0.1
1066, -0.3
1067, -0.1
1068, 0.5
1069, 0.0
1070, 0.3
1071, 0.3
1072, 0.3
1073, 0.0
1074, 0.1
1075, 0.4
1076, -0.1
1077, 0.0
1078, 0.2
1079, 0.2
1080, -0.4
1081, 0.2
1082, 0.2
1083, 0.4
1084, -0.2
1085, 0.1
1086, 0.2
1087, 0.5
1088, 0.0
1089, -0.1
1090, 0.0
1091, 0.0
1092, -0.1
1093, -0.4
1094, -0.2
1095, 0.0
1096, -0.4
1097, 0.1
1098, -0.4
1099, -0.3
1100, 0.0
1101, 0.0
1102, -0.1
1103, 0.0
1104, 0.0
1105, -0.1
1106, -0.5
1107, 0.4
1108, 0.0
1109, 0.4
1110, 0.1
1111, 0.0
1112, 0.2
1113, 0.0
1114, 0.3
1115, 0.4
1116, 0.1
1117, -0.2
1118, 0.0
1119, 0.0
1120, -0.1
1121, -0.3
1122, 0.1
1123, -0.1
1124, 0.1
1125, 0.0
1126, 0.1
1127, 0.3
1128, 0.1
1129, 0.2
1130, 0.0
1131, -0.1
1132, 0.0
1133, -0.3
1134, -0.2
1135, -0.4
1136, -0.2
1137, 0.2
1138, 0.1
1139, 0.0
1140, 0.2
1141, 0.0
1142, -0.5
1143, 0.2
1144, -0.3
1145, 0.2
1146, -0.1
1147, 0.0
1148, 0.1
1149, 0.2
1150, -0.5
1151, 0.0
1152, -0.4
1153, -0.1
1154, 0.2
1155, -0.2
1156, 0.0
1157, -0.2
1158, 0.0
1159, -0.1
1160, 0.0
1161, -0.1
1162, 0.1
1163, 0.3
1164, 0.0
1165, -0.5
1166, 0.4
1167, -0.3
1168, 0.1
1169, 0.1
1170, 0.2
1171, 0.4
1172, 0.1
1173, 0.4
1174, 0.0
1175, 0.0
1176, -0.3
1177, -0.4
1178, -0.1
1179, 0.3
1180, 0.0
1181, -0.2
1182, -0.1
1183, 0.1
1184, 0.4
1185, 0.0
1186, 0.1
1187, 0.0
1188, -0.3
1189, -0.1
1190, 0.2
1191, -0.1
1192, 0.0
1193, 0.1
1194, -0.1
1195, -0.3
1196, 0.0
1197, 0.0
1198, 0.1
1199, -0.1
1200, 0.3
1201, -0.3
1202, 0.1
1203, -0.1
1204, 0.1
1205, 0.1
1206, 0.4
1207, -0.1
1208, 0.4
1209, 0.0
1210, -0.1
1211, 0.1
1212, 0.2
1213, -0.2
1214, 0.2
1215, 0.4
1216, 0.3
1217, 0.1
1218, 0.0
1219, 0.0
1220, 0.1
1221, -0.2
1222, 0.0
1223, -0.2
1224, 0.2
1225, 0.1
1226, -0.1
1227, 0.3
1228, -0.1
1229, 0.0
1230, 0.0
1231, -0.1
1232, -0.7
1233, 0.3
1234, -0.1
1235, -0.1
1236, -0.3
1237, 0.1
1238, 0.0
1239, 0.2
1240, -0.5
1241, -0.4
1242, 0.1
1243, 0.3
1244, 0.4
1245, 0.0
1246, -0.2
1247, -0.2
1248, -0.2
1249, 0.3
1250, 0.4
1251, 0.0
1252, -0.2
1253, -0.2
1254, -0.1
1255, 0.3
1256, 0.2
1257, 0.2
1258, 0.1
1259, -0.4
1260, 0.0
1261, -0.4
1262, 0.1
1263, -0.4
1264, 0.2
1265, 0.3
1266, -0.1
1267, -0.2
1268, 0.2
1269, 0.2
1270, 0.2
1271, 0.1
1272, 0.1
1273, 0.2
1274, 0.0
1275, 0.2
1276, 0.1
1277, 0.1
1278, 0.0
1279, 0.4
1280, -0.3
1281, -0.1
1282, 0.3
1283, 0.4
1284, 0.1
1285, -0.1
1286, -0.3
1287, 0.1
1288, 0.3
1289, 0.1
1290, -0.3
1291, 0.0
1292, 0.0
1293, -0.3
1294, 0.3
1295, 0.4
1296, -0.1
1297, 0.0
1298, 0.3
1299, 0.2
1300, 0.1
1301, 0.3
1302, -0.3
1303, 0.1
1304, 0.2
1305, -0.2
1306, 0.0
1307, -0.1
1308, 0.1
1309, 0.0
1310, -0.1
1311, -0.1
1312, 0.0
1313, 0.2
1314, -0.2
1315, 0.2
1316, 0.2
1317, 0.1
1318, 0.2
1319, -0.1
1320, 0.1
1321, -0.2
1322, 0.0
1323, 0.0
1324, -0.1
1325, -0.4
1326, 0.3
1327, 0.3
1328, -0.1
1329, -0.5
1330, -0.5
1331, 0.1
1332, -0.1
1333, 0.2
1334, 0.0
1335, 0.2
1336, 0.3
1337, -0.3
1338, 0.1
1339, 0.1
1340, 0.3
1341, -0.5
1342, 0.1
1343, 0.0
1344, -0.6
1345, 0.0
1346, 0.0
1347, 0.3
1348, 0.3
1349, 0.2
1350, 0.1
1351, -0.1
1352, -0.1
1353, -0.1
1354, 0.1
1355, -0.2
1356, 0.3
1357, 0.0
1358, -0.1
1359, 0.1
1360, -0.1
1361, 0.0
1362, -0.2
1363, -0.2
1364, 0.4
1365, 0.1
1366, 0.4
1367, -0.4
1368, 0.3
1369, 0.2
1370, 0.2
1371, 0.1
1372, 0.1
1373, 0.1
1374, -0.4
1375, -0.2
1376, 0.4
1377, 0.2
1378, 0.4
1379, -0.3
1380, 0.2
1381, -0.4
1382, 0.2
1383, 0.1
1384, 0.3
1385, 0.1
1386, 0.2
1387, -0.2
1388, -0.2
1389, -0.1
1390, 0.1
1391, 0.0
1392, -0.2
1393, 0.2
1394, 0.1
1395, 0.1
1396, -0.3
1397, 0.1
1398, -0.1
1399, -0.5
1400, -0.1
1401, -0.2
1402, 0.0
1403, 0.2
1404, 0.1
1405, -0.2
1406, -0.3
1407, -0.3
1408, -0.2
1409, -0.2
1410, 0.3
1411, -0.2
1412, 0.4
1413, 0.0
1414, 0.2
1415, 0.2
1416, -0.3
1417, 0.0
1418, 0.0
1419, 0.1
1420, -0.2
1421, -0.1
1422, -0.1
1423, 0.0
1424, 0.3
1425, 0.0
1426, 0.1
1427, -0.1
1428, 0.3
1429, -0.1
1430, 0.0
1431, 0.0
1432, 0.2
1433, -0.4
1434, -0.1
1435, -0.2
1436, 0.1
1437, 0.2
1438, 0.1
1439, 0.2
1440, -0.5
1441, -0.6
1442, 0.1
1443, 0.2
1444, -0.1
1445, 0.3
1446, -0.1
1447, 0.1
1448, -0.3
1449, 0.3
1450, 0.0
1451, 0.2
1452, -0.1
1453, 0.4
1454, 0.1
1455, 0.0
1456, 0.0
1457, 0.1
1458, -0.3
1459, 0.2
1460, -0.2
1461, 0.1
1462, 0.2
1463, 0.1
1464, -0.2
1465, -0.2
1466, 0.1
1467, -0.4
1468, 0.0
1469, -0.2
1470, 0.0
1471, 0.0
1472, -0.2
1473, 0.1
1474, -0.1
1475, -0.2
1476, 0.0
1477, 0.0
1478, -0.3
1479, 0.1
1480, 0.3
1481, -0.1
1482, 0.4
1483, -0.1
1484, -0.1
1485, 0.1
1486, -0.3
1487, 0.0
1488, -0.1
1489, -0.3
1490, -0.1
1491, 0.1
1492, 0.1
1493, -0.3
1494, -0.3
1495, 0.3
1496, 0.1
1497, 0.2
1498, 0.1
1499, -0.1
1500, 0.0
1501, 0.4
1502, -0.4
1503, 0.0
1504, 0.1
1505, -0.2
1506, -0.1
1507, 0.1
1508, 0.0
1509, 0.2
1510, 0.3
1511, 0.0
1512, 0.1
1513, 0.1
1514, -0.3
1515, -0.1
1516, -0.3
1517, 0.1
1518, -0.1
1519, 0.0
1520, 0.0
1521, 0.1
1522, -0.2
1523, 0.0
1524, 0.1
1525, 0.1
1526, 0.3
1527, -0.3
1528, 0.2
1529, 0.0
1530, 0.3
1531, -0.2
1532, 0.1
1533, -0.1
1534, 0.3
1535, -0.5
1536, -0.4
1537, -0.2
1538, -0.1
1539, -0.2
1540, -0.2
1541, 0.1
1542, 0.3
1543, -0.3
1544, 0.0
1545, 0.0
1546, -0.2
1547, 0.1
1548, -0.1
1549, -0.2
1550, 0.0
1551, 0.2
1552, 0.3
1553, 0.0
1554, 0.2
1555, 0.3
1556, -0.2
1557, 0.1
1558, -0.2
1559, 0.0
1560, 0.2
1561, -0.1
1562, -0.3
1563, 0.0
1564, 0.0
1565, -0.5
1566, 0.2
1567, -0.1
1568, 0.0
1569, 0.0
1570, -0.1
1571, 0.2
1572, 0.2
1573, 0.0
1574, 0.5
1575, -0.1
1576, -0.3
1577, 0.0
1578, -0.4
1579, 0.0
1580, 0.3
1581, -0.5
1582, -0.4
1583, -0.1
1584, 0.1
1585, 0.1
1586, 0.1
1587, -0.3
1588, 0.1
1589, -0.2
1590, 0.0
1591, 0.3
1592, -0.3
1593, -0.1
1594, -0.4
1595, -0.2
1596, -0.2
1597, -0.1
1598, 0.4
1599, -0.1
1600, 0.1
1601, 0.1
1602, 0.2
1603, -0.1
1604, 0.0
1605, 0.0
1606, 0.0
1607, 0.2
1608, 0.1
1609, 0.2
1610, 0.2
1611, 0.0
1612, 0.1
1613, 0.2
1614, 0.0
1615, 0.0
1616, 0.2
1617, 0.1
1618, 0.1
1619, -0.2
1620, -0.3
1621, 0.2
1622, 0.0
1623, 0.0
1624, 0.0
1625, 0.2
1626, -0.2
1627, -0.6
1628, 0.1
1629, 0.3
1630, -0.1
1631, -0.1
1632, 0.4
1633, -0.1
1634, 0.1
1635, -0.2
1636, 0.1
1637, 0.2
1638, -0.1
1639, -0.2
1640, 0.1
1641, 0.0
1642, 0.0
1643, -0.1
1644, 0.2
1645, -0.4
1646, 0.0
1647, -0.1
1648, 0.0
1649, 0.1
1650, 0.0
1651, -0.2
1652, 0.1
1653, -0.4
1654, 0.2
1655, 0.3
1656, 0.2
1657, 0.1
1658, -0.5
1659, 0.1
1660, -0.3
1661, 0.1
1662, 0.3
1663, 0.3
1664, -0.2
1665, -0.2
1666, 0.1
1667, 0.5
1668, 0.1
1669, 0.1
1670, 0.1
1671, 0.0
1672, -0.2
1673, 0.0
1674, 0.0
1675, 0.0
1676, 0.2
1677, -0.1
1678, 0.2
1679, -0.2
1680, -0.2
1681, 0.2
1682, 0.2
1683, 0.1
1684, -0.5
1685, 0.5
1686, -0.1
1687, 0.1
1688, -0.3
1689, -0.1
1690, 0.0
1691, -0.3
1692, -0.2
1693, -0.3
1694, 0.1
1695, 0.1
1696, -0.4
1697, -0.3
1698, 0.2
1699, -0.2
1700, -0.2
1701, -0.2
1702, 0.1
1703, -0.1
1704, 0.1
1705, 0.1
1706, -0.3
1707, 0.3
1708, -0.1
1709, 0.1
1710, 0.1
1711, 0.2
1712, 0.2
1713, -0.2
1714, -0.3
1715, -0.2
1716, 0.0
1717, -0.1
1718, -0.1
1719, 0.1
1720, -0.5
1721, -0.1
1722, 0.1
1723, 0.2
1724, -0.3
1725, -0.5
1726, -0.2
1727, 0.0
1728, -0.1
1729, -0.1
1730, 0.0
1731, 0.4
1732, 0.2
1733, -0.2
1734, 0.1
1735, 0.0
1736, -0.3
1737, 0.1
1738, -0.2
1739, -0.3
1740, -0.2
1741, -0.1
1742, 0.2
1743, -0.3
1744, 0.1
1745, 0.0
1746, -0.2
1747, -0.2
1748, 0.1
1749, 0.3
1750, 0.3
1751, -0.4
1752, 0.0
1753, 0.3
1754, -0.1
1755, 0.1
1756, 0.1
1757, -0.2
1758, 0.1
1759, -0.4
1760, -0.1
1761, 0.2
1762, 0.3
1763, 0.1
1764, 0.2
1765, 0.2
1766, 0.2
1767, -0.5
1768, -0.6
1769, -0.1
1770, 0.0
1771, -0.2
1772, 0.2
1773, -0.1
1774, -0.1
1775, 0.0
1776, -0.3
1777, 0.1
1778, 0.1
1779, 0.2
1780, 0.1
1781, 0.2
1782, 0.4
1783, 0.4
1784, -0.2
1785, -0.2
1786, 0.2
1787, 0.0
1788, 0.3
1789, -0.3
1790, 0.3
1791, 0.0
1792, 0.1
1793, 0.1
1794, -0.4
1795, 0.3
1796, -0.6
1797, 0.1
1798, 0.1
1799, -0.1
1800, -0.2
1801, 0.0
1802, -0.4
1803, 0.1
1804, -0.1
1805, 0.1
1806, 0.2
1807, -0.1
1808, 0.1
1809, 0.2
1810, -0.1
1811, 0.3
1812, -0.1
1813, 0.1
1814, -0.1
1815, -0.6
1816, -0.5
1817, 0.1
1818, 0.1
1819, 0.2
1820, 0.3
1821, 0.2
1822, -0.1
1823, -0.3
1824, 0.1
1825, 0.0
1826, 0.1
1827, -0.1
1828, -0.2
1829, 0.2
1830, -0.2
1831, 0.1
1832, 0.0
1833, 0.0
1834, -0.3
1835, 0.1
1836, 0.2
1837, 0.1
1838, -0.1
1839, 0.2
1840, 0.1
1841, -0.3
1842, -0.2
1843, 0.0
1844, 0.1
1845, -0.1
1846, 0.2
1847, 0.0
1848, -0.3
1849, 0.1
1850, 0.2
1851, 0.1
1852, 0.0
1853, -0.1
1854, 0.3
1855, 0.0
1856, 0.0
1857, 0.3
1858, -0.2
1859, -0.2
1860, 0.1
1861, -0.2
1862, -0.1
1863, 0.2
1864, -0.2
1865, 0.3
1866, -0.2
1867, -0.1
1868, -0.1
1869, -0.1
1870, 0.0
1871, 0.0
1872, 0.1
1873, -0.1
1874, 0.3
1875, 0.3
1876, 0.1
1877, -0.3
1878, 0.1
1879, -0.3
1880, 0.3
1881, 0.4
1882, 0.0
1883, 0.0
1884, -0.4
1885, 0.1
1886, 0.0
1887, 0.1
1888, -0.1
1889, 0.2
1890, 0.0
1891, 0.2
1892, -0.1
1893, -0.1
1894, 0.3
1895, 0.1
1896, 0.2
1897, -0.1
1898, 0.0
1899, -0.4
1900, 0.1
1901, 0.1
1902, 0.4
1903, -0.2
1904, -0.1
1905, 0.5
1906, -0.3
1907, -0.3
1908, 0.1
1909, -0.3
1910, 0.2
1911, 0.0
1912, 0.1
1913, -0.2
1914, -0.2
1915, 0.1
1916, 0.0
1917, -0.2
1918, 0.0
1919, 0.4
1920, 0.5
1921, -0.3
1922, 0.0
1923, 0.1
1924, 0.1
1925, -0.4
1926, -0.6
1927, -0.4
1928, 0.1
1929, 0.0
1930, -0.2
1931, -0.2
1932, -0.1
1933, -0.3
1934, -0.1
1935, 0.1
1936, 0.0
1937, 0.1
1938, -0.1
1939, 0.1
1940, 0.2
1941, 0.1
1942, 0.1
1943, -0.3
1944, 0.3
1945, -0.1
1946, 0.1
1947, 0.5
1948, 0.1
1949, -0.1
1950, -0.1
1951, 0.0
1952, -0.1
1953, 0.4
1954, 0.2
1955, 0.3
1956, 0.1
1957, 0.1
1958, 0.4
1959, 0.0
1960, -0.1
1961, 0.3
1962, -0.1
1963, -0.2
1964, -0.7
1965, -0.2
1966, 0.0
1967, 0.2
1968, 0.2
1969, 0.0
1970, -0.1
1971, 0.0
1972, 0.4
1973, -0.1
1974, 0.3
1975, -0.2
1976, 0.2
1977, 0.3
1978, -0.1
1979, -0.1
1980, 0.3
1981, 0.2
1982, 0.0
1983, 0.1
1984, 0.2
1985, -0.5
1986, 0.1
1987, 0.2
1988, -0.1
1989, 0.0
1990, 0.2
1991, -0.2
1992, 0.2
1993, -0.1
1994, -0.3
1995, -0.2
1996, 0.1
1997, -0.3
1998, 0.5
1999, -0.1
2000, -0.1
2001, 0.3
2002, 0.1
2003, 0.2
2004, 0.3
2005, -0.2
2006, -0.6
2007, 0.5
2008, 0.1
2009, 0.2
2010, 0.3
2011, -0.3
2012, -0.1
2013, -0.5
2014, 0.5
2015, 0.1
2016, -0.4
2017, 0.2
2018, 0.3
2019, 0.0
2020, 0.0
2021, -0.1
2022, 0.2
2023, 0.2
2024, 0.2
2025, 0.2
2026, 0.0
2027, -0.2
2028, 0.5
2029, 0.1
2030, 0.2
2031, -0.2
2032, -0.4
2033, 0.0
2034, -0.3
2035, 0.3
2036, 0.1
2037, 0.2
2038, -0.1
2039, 0.0
2040, -0.2
2041, 0.3
2042, 0.1
2043, 0.1
2044, -0.1
2045, -0.5
2046, 0.1
2047, 0.0
2048, -0.1
2049, -0.1
2050, -0.3
2051, -0.3
2052, 0.2
2053, -0.2
2054, -0.3
2055, -0.1
2056, 0.0
2057, -0.4
2058, -0.3
2059, 0.2
2060, 0.1
2061, 0.2
2062, 0.2
2063, 0.1
2064, 0.1
2065, 0.1
2066, 0.1
2067, -0.2
2068, -0.2
2069, 0.1
2070, -0.1
2071, 0.1
2072, 0.3
2073, 0.0
2074, 0.2
2075, 0.0
2076, 0.0
2077, 0.1
2078, 0.2
2079, 0.2
2080, -0.1
2081, -0.3
2082, 0.2
2083, -0.3
2084, -0.1
2085, 0.0
2086, 0.1
2087, 0.2
2088, 0.0
2089, -0.6
2090, 0.2
2091, 0.0
2092, -0.1
2093, -0.3
2094, -0.3
2095, -0.3
2096, 0.1
2097, 0.2
2098, 0.0
2099, 0.0
2100, 0.1
2101, 0.3
2102, -0.1
2103, 0.3
2104, -0.2
2105, 0.3
2106, 0.1
2107, -0.1
2108, -0.3
2109, -0.2
2110, -0.3
2111, 0.3
2112, -0.2
2113, 0.1
2114, 0.4
2115, -0.1
2116, 0.1
2117, -0.1
2118, -0.2
2119, -0.2
2120, 0.0
2121, 0.4
2122, 0.3
2123, 0.1
2124, 0.2
2125, -0.1
2126, 0.0
2127, 0.3
2128, 0.1
2129, 0.2
2130, 0.1
2131, 0.2
2132, -0.2
2133, 0.3
2134, 0.4
2135, 0.3
2136, -0.2
2137, -0.3
2138, 0.0
2139, 0.3
2140, -0.1
2141, -0.2
2142, -0.1
2143, 0.4
2144, -0.2
2145, -0.2
2146, 0.3
2147, -0.2
2148, 0.0
2149, 0.1
2150, 0.3
2151, 0.0
2152, 0.3
2153, 0.1
2154, -0.1
2155, 0.1
2156, 0.3
2157, -0.1
2158, -0.1
2159, -0.2
2160, 0.4
2161, 0.2
2162, 0.2
2163, -0.1
2164, -0.1
2165, 0.0
2166, -0.1
2167, -0.2
2168, -0.2
2169, 0.1
2170, 0.1
2171, -0.1
2172, 0.0
2173, -0.2
2174, 0.1
2175, 0.0
2176, 0.2
2177, -0.3
2178, 0.0
2179, 0.1
2180, 0.0
2181, 0.2
2182, -0.3
2183, 0.4
2184, 0.1
2185, -0.5
2186, -0.3
2187, 0.0
2188, -0.1
2189, -0.4
2190, -0.4
2191, -0.1
2192, 0.0
2193, -0.4
2194, 0.2
2195, 0.2
2196, 0.1
2197, 0.2
2198, 0.0
2199, 0.0
2200, 0.2
2201, -0.4
2202, 0.1
2203, -0.2
2204, 0.3
2205, 0.1
2206, 0.0
2207, -0.1
2208, -0.3
2209, -0.1
2210, 0.0
2211, -0.4
2212, 0.0
2213, 0.0
2214, 0.0
2215, 0.2
2216, 0.0
2217, -0.3
2218, -0.1
2219, 0.1
2220, -0.1
2221, -0.6
2222, -0.1
2223, 0.0
2224, 0.4
2225, 0.2
2226, 0.0
2227, -0.1
2228, -0.3
2229, 0.4
2230, 0.1
2231, 0.0
2232, 0.2
2233, 0.4
2234, 0.2
2235, 0.0
2236, -0.1
2237, 0.2
2238, -0.1
2239, 0.3
2240, 0.3
2241, 0.3
2242, 0.3
2243, 0.0
2244, 0.0
2245, 0.0
2246, -0.1
2247, -0.2
2248, -0.4
2249, 0.0
2250, -0.2
2251, 0.1
2252, -0.1
2253, 0.0
2254, 0.2
2255, 0.2
2256, 0.0
2257, 0.1
2258, -0.2
2259, 0.4
2260, -0.1
2261, 0.3
2262, -0.2
2263, -0.1
2264, 0.2
2265, 0.1
2266, 0.2
2267, 0.0
2268, 0.0
2269, -0.1
2270, -0.2
2271, 0.5
2272, 0.4
2273, 0.3
2274, 0.1
2275, 0.0
2276, 0.3
2277, 0.2
2278, -0.7
2279, 0.3
2280, 0.0
2281, -0.2
2282, 0.1
2283, 0.1
2284, 0.1
2285, 0.1
2286, 0.1
2287, 0.4
2288, -0.2
2289, 0.0
2290, -0.1
2291, 0.1
2292, 0.0
2293, -0.4
2294, -0.4
2295, -0.2
2296, 0.4
2297, -0.1
2298, 0.0
2299, 0.3
2300, -0.1
2301, 0.2
2302, 0.3
2303, 0.0
2304, -0.5
2305, -0.1
2306, 0.0
2307, -0.2
2308, 0.2
2309, 0.1
2310, 0.1
2311, 0.0
2312, -0.2
2313, -0.1
2314, -0.1
2315, 0.2
2316, 0.2
2317, -0.4
2318, -0.1
2319, -0.1
2320, 0.0
2321, -0.1
2322, -0.1
2323, -0.3
2324, -0.4
2325, 0.3
2326, 0.1
2327, 0.0
2328, -0.1
2329, 0.2
2330, 0.0
2331, 0.3
2332, 0.0
2333, -0.4
2334, -0.1
2335, -0.3
2336, 0.4
2337, 0.3
2338, -0.4
2339, 0.2
2340, 0.0
2341, 0.1
2342, 0.4
2343, 0.0
2344, -0.2
2345, 0.2
2346, -0.3
2347, 0.1
2348, -0.1
2349, 0.3
2350, 0.5
2351, 0.0
2352, -0.2
2353, 0.1
2354, 0.1
2355, -0.1
2356, 0.5
2357, 0.1
2358, -0.2
2359, -0.2
2360, 0.3
2361, 0.5
2362, -0.2
2363, -0.3
2364, 0.1
2365, 0.0
2366, -0.1
2367, 0.0
2368, -0.5
2369, 0.0
2370, -0.6
2371, 0.1
2372, 0.0
2373, 0.2
2374, -0.5
2375, 0.1
2376, 0.3
2377, 0.2
2378, 0.3
2379, -0.4
2380, -0.1
2381, 0.0
2382, 0.2
2383, 0.0
2384, -0.3
2385, 0.1
2386, -0.3
2387, 0.1
2388, 0.2
2389, -0.1
2390, -0.2
2391, 0.0
2392, 0.1
2393, 0.4
2394, -0.2
2395, -0.2
2396, -0.6
2397, 0.1
2398, -0.1
2399, 0.3
2400, -0.1
2401, -0.3
2402, 0.0
2403, 0.0
2404, -0.2
2405, 0.2
2406, 0.0
2407, -0.1
2408, -0.2
2409, -0.6
2410, 0.0
2411, 0.4
2412, 0.1
2413, 0.0
2414, -0.1
2415, 0.3
2416, 0.4
2417, 0.2
2418, 0.1
2419, -0.1
2420, 0.0
2421, 0.4
2422, 0.1
2423, -0.4
2424, 0.1
2425, 0.3
2426, -0.1
2427, 0.4
2428, -0.1
2429, -0.2
2430, 0.0
2431, -0.1
2432, 0.0
2433, 0.1
2434, -0.2
2435, -0.1
2436, -0.2
2437, 0.0
2438, 0.0
2439, 0.3
2440, 0.1
2441, 0.0
2442, 0.2
2443, -0.4
2444, -0.1
2445, 0.0
2446, 0.0
2447, 0.2
2448, 0.0
2449, -0.3
2450, -0.1
2451, -0.2
2452, -0.1
2453, -0.1
2454, -0.1
2455, -0.1
2456, -0.4
2457, -0.1
2458, -0.1
2459, 0.0
2460, -0.1
2461, 0.3
2462, -0.6
2463, -0.1
2464, 0.4
2465, 0.0
2466, -0.1
2467, 0.1
2468, 0.1
2469, 0.4
2470, -0.1
2471, 0.3
2472, 0.0
2473, -0.2
2474, 0.1
2475, -0.2
2476, -0.2
2477, 0.0
2478, 0.0
2479, -0.5
2480, -0.3
2481, 0.3
2482, -0.2
2483, -0.4
2484, -0.3
2485, -0.2
2486, 0.2
2487, 0.1
2488, -0.1
2489, -0.1
2490, -0.7
2491, -0.1
2492, 0.1
2493, 0.0
2494, 0.5
2495, 0.3
2496, -0.1
2497, 0.0
2498, 0.1
2499, 0.0
2500, -0.1
2501, -0.2
2502, 0.2
2503, 0.2
2504, -0.3
2505, -0.2
2506, 0.1
2507, 0.4
2508, 0.3
2509, -0.2
2510, -0.2
2511, -0.3
2512, -0.2
2513, -0.3
2514, 0.4
2515, -0.2
2516, -0.3
2517, 0.1
2518, -0.3
2519, 0.2
2520, 0.2
2521, 0.0
2522, 0.2
2523, -0.2
2524, 0.1
2525, -0.1
2526, -0.1
2527, -0.2
2528, 0.3
2529, 0.2
2530, 0.2
2531, 0.0
2532, -0.3
2533, 0.1
2534, -0.2
2535, 0.0
2536, 0.1
2537, 0.0
2538, -0.5
2539, 0.3
2540, -0.1
2541, 0.2
2542, 0.0
2543, 0.0
2544, -0.2
2545, -0.1
2546, 0.0
2547, -0.2
2548, 0.0
2549, -0.3
2550, 0.3
2551, 0.1
2552, 0.0
2553, -0.1
2554, 0.0
2555, 0.1
2556, 0.0
2557, -0.5
2558, 0.2
2559, 0.3
2560, -0.2
2561, -0.5
2562, 0.2
2563, 0.1
2564, 0.0
2565, 0.1
2566, 0.0
2567, 0.1
2568, 0.1
2569, -0.4
2570, -0.1
2571, 0.3
2572, 0.4
2573, -0.2
2574, 0.5
2575, -0.3
2576, 0.2
2577, 0.1
2578, 0.1
2579, 0.1
2580, 0.1
2581, -0.3
2582, 0.4
2583, 0.0
2584, -0.5
2585, -0.1
2586, -0.3
2587, 0.3
2588, 0.2
2589, 0.0
2590, 0.2
2591, 0.0
2592, 0.0
2593, 0.1
2594, -0.4
2595, 0.1
2596, -0.1
2597, -0.5
2598, -0.3
2599, 0.2
2600, 0.0
2601, 0.0
2602, -0.3
2603, 0.1
2604, -0.4
2605, 0.3
2606, -0.2
2607, 0.4
2608, 0.0
2609, 0.0
2610, 0.0
2611, 0.0
2612, 0.0
2613, -0.4
2614, 0.2
2615, 0.1
2616, 0.0
2617, 0.0
2618, -0.2
2619, 0.2
2620, -0.1
2621, -0.3
2622, 0.3
2623, 0.3
2624, -0.2
2625, 0.0
2626, -0.1
2627, -0.2
2628, 0.1
2629, 0.0
2630, 0.3
2631, 0.0
2632, -0.1
2633, 0.0
2634, 0.1
2635, -0.3
2636, -0.1
2637, -0.2
2638, 0.0
2639, 0.1
2640, 0.2
2641, 0.0
2642, 0.2
2643, -0.1
2644, 0.1
2645, 0.1
2646, 0.1
2647, 0.0
2648, 0.0
2649, 0.4
2650, -0.5
2651, 0.2
2652, -0.2
2653, 0.3
2654, 0.1
2655, -0.1
2656, 0.4
2657, -0.2
2658, 0.0
2659, 0.3
2660, 0.1
2661, 0.0
2662, -0.4
2663, 0.3
2664, 0.0
2665, 0.1
2666, 0.0
2667, 0.0
2668, 0.3
2669, 0.3
2670, -0.2
2671, 0.4
2672, -0.1
2673, -0.1
2674, -0.3
2675, 0.0
2676, 0.2
2677, 0.2
2678, -0.3
2679, -0.1
2680, 0.2
2681, -0.1
2682, -0.2
2683, 0.0
2684, 0.1
2685, 0.0
2686, 0.0
2687, 0.3
2688, 0.1
2689, 0.0
2690, 0.1
2691, -0.1
2692, 0.0
2693, 0.2
2694, -0.4
2695, -0.4
2696, 0.1
2697, 0.2
2698, 0.0
2699, 0.1
2700, -0.1
2701, -0.2
2702, 0.2
2703, -0.2
2704, -0.4
2705, 0.0
2706, -0.3
2707, 0.2
2708, -0.3
2709, -0.2
2710, -0.3
2711, -0.2
2712, -0.3
2713, -0.4
2714, -0.1
2715, 0.0
2716, 0.5
2717, 0.0
2718, 0.4
2719, 0.1
2720, -0.1
2721, -0.1
2722, -0.1
2723, 0.1
2724, -0.5
2725, -0.4
2726, -0.1
2727, -0.2
2728, 0.0
2729, 0.1
2730, 0.1
2731, -0.1
2732, 0.1
2733, 0.2
2734, -0.1
2735, -0.3
2736, 0.1
2737, 0.2
2738, 0.2
2739, 0.3
2740, 0.0
2741, 0.3
2742, 0.0
2743, -0.2
2744, -0.1
2745, 0.0
2746, 0.2
2747, -0.2
2748, 0.0
2749, 0.1
2750, 0.2
2751, 0.3
2752, -0.2
2753, -0.1
2754, -0.1
2755, 0.2
2756, 0.4
2757, 0.4
2758, 0.2
2759, 0.2
2760, 0.2
2761, 0.1
2762, -0.4
2763, 0.2
2764, -0.1
2765, 0.0
2766, 0.1
2767, 0.1
2768, 0.0
2769, -0.4
2770, 0.4
2771, 0.1
2772, 0.1
2773, 0.0
2774, 0.1
2775, 0.0
2776, -0.2
2777, -0.3
2778, 0.1
2779, -0.2
2780, -0.1
2781, -0.1
2782, -0.2
2783, 0.3
2784, -0.3
2785, -0.3
2786, -0.1
2787, -0.1
2788, -0.3
2789, -0.1
2790, 0.0
2791, -0.4
2792, -0.3
2793, -0.2
2794, 0.0
2795, -0.5
2796, -0.3
2797, 0.0
2798, 0.1
2799, 0.0
2800, 0.1
2801, -0.1
2802, -0.3
2803, 0.0
2804, 0.0
2805, 0.1
2806, -0.4
2807, 0.0
2808, -0.3
2809, 0.2
2810, -0.3
2811, 0.1
2812, -0.5
2813, -0.4
2814, -0.4
2815, -0.1
2816, 0.0
2817, 0.5
2818, 0.3
2819, -0.2
2820, 0.1
2821, 0.1
2822, -0.1
2823, 0.1
2824, -0.1
2825, 0.2
2826, -0.4
2827, 0.0
2828, 0.3
2829, -0.1
2830, 0.0
2831, 0.1
2832, -0.3
2833, 0.2
2834, -0.3
2835, 0.1
2836, -0.2
2837, 0.1
2838, 0.2
2839, 0.0
2840, 0.2
2841, 0.0
2842, -0.2
2843, -0.2
2844, 0.1
2845, 0.2
2846, 0.1
2847, 0.4
2848, -0.5
2849, 0.0
2850, -0.2
2851, 0.2
2852, -0.2
2853, 0.0
2854, 0.2
2855, 0.3
2856, 0.2
2857, -0.3
2858, 0.2
2859, 0.0
2860, -0.4
2861, 0.2
2862, 0.0
2863, 0.2
2864, 0.2
2865, 0.1
2866, 0.0
2867, -0.3
2868, 0.2
2869, -0.2
2870, -0.2
2871, 0.0
2872, 0.2
2873, 0.0
2874, 0.1
2875, -0.2
2876, -0.4
2877, 0.0
2878, -0.2
2879, -0.2
2880, -0.3
2881, 0.3
2882, 0.1
2883, 0.0
2884, -0.2
2885, -0.4
2886, 0.1
2887, -0.3
2888, 0.3
2889, 0.2
2890, 0.1
2891, -0.2
2892, 0.3
2893, 0.2
2894, -0.3
2895, -0.1
2896, 0.2
2897, -0.1
2898, -0.2
2899, 0.0
2900, -0.1
2901, 0.0
2902, -0.4
2903, -0.1
2904, -0.2
2905, 0.2
2906, 0.1
2907, 0.0
2908, 0.0
2909, 0.1
2910, 0.0
2911, -0.1
2912, -0.1
2913, 0.0
2914, 0.1
2915, 0.3
2916, 0.3
2917, 0.0
2918, -0.2
2919, 0.1
2920, 0.2
2921, 0.0
2922, -0.1
2923, 0.0
2924, -0.3
2925, -0.3
2926, -0.2
2927, 0.0
2928, 0.1
2929, 0.1
2930, 0.0
2931, 0.0
2932, 0.4
2933, -0.2
2934, 0.3
2935, 0.0
2936, 0.0
2937, -0.1
2938, 0.0
2939, 0.0
2940, -0.3
2941, -0.2
2942, 0.0
2943, 0.1
2944, 0.2
2945, 0.0
2946, 0.2
2947, -0.1
2948, -0.2
2949, 0.3
2950, 0.1
2951, 0.0
2952, 0.2
2953, 0.0
2954, -0.2
2955, 0.2
2956, 0.2
2957, 0.2
2958, 0.1
2959, 0.1
2960, -0.4
2961, -0.1
2962, 0.0
2963, -0.1
2964, 0.0
2965, 0.0
2966, 0.0
2967, -0.2
2968, 0.3
2969, 0.0
2970, 0.0
2971, -0.3
2972, 0.0
2973, -0.2
2974, 0.1
2975, 0.0
2976, 0.0
2977, 0.2
2978, 0.1
2979, 0.2
2980, 0.1
2981, 0.0
2982, 0.0
2983, -0.2
2984, 0.0
2985, 0.2
2986, 0.0
2987, 0.1
2988, -0.2
2989, -0.1
2990, -0.3
2991, 0.0
2992, 0.3
2993, 0.3
2994, -0.3
2995, 0.0
2996, 0.1
2997, 0.1
2998, -0.2
2999, -0.5
3000, 0.0
3001, -0.1
3002, 0.0
3003, 0.1
3004, -0.5
3005, 0.1
3006, -0.1
3007, 0.1
3008, -0.3
3009, 0.2
3010, -0.4
3011, 0.2
3012, -0.3
3013, 0.0
3014, 0.1
3015, -0.2
3016, 0.0
3017, 0.4
3018, 0.0
3019, 0.2
3020, 0.3
3021, -0.3
3022, 0.1
3023, 0.4
3024, -0.1
3025, 0.0
3026, 0.0
3027, -0.2
3028, -0.1
3029, -0.2
3030, 0.1
3031, 0.1
3032, 0.0
3033, 0.2
3034, -0.5
3035, 0.2
3036, 0.2
3037, 0.1
3038, 0.0
3039, -0.2
3040, 0.2
3041, -0.1
3042, -0.3
3043, 0.3
3044, 0.0
3045, 0.1
3046, -0.4
3047, 0.3
3048, 0.0
3049, 0.2
3050, -0.6
3051, 0.3
3052, 0.0
3053, 0.2
3054, -0.1
3055, 0.2
3056, 0.1
3057, 0.3
3058, -0.2
3059, 0.0
3060, -0.2
3061, -0.4
3062, -0.3
3063, 0.3
3064, 0.2
3065, 0.1
3066, 0.3
3067, -0.2
3068, 0.0
3069, 0.1
3070, 0.0
3071, -0.6
3072, 0.2
3073, -0.1
3074, -0.1
3075, 0.3
3076, 0.0
3077, -0.2
3078, 0.3
3079, -0.1
3080, 0.1
3081, 0.3
3082, 0.2
3083, -0.3
3084, -0.3
3085, 0.3
3086, 0.2
3087, 0.4
3088, 0.2
3089, 0.0
3090, 0.4
3091, -0.2
3092, -0.2
3093, 0.1
3094, 0.2
3095, 0.0
3096, 0.1
3097, 0.3
3098, 0.0
3099, -0.2
3100, 0.1
3101, -0.2
3102, 0.2
3103, 0.0
3104, 0.1
3105, 0.1
3106, -0.2
3107, -0.2
3108, 0.1
3109, 0.2
3110, -0.3
3111, 0.0
3112, -0.1
3113, -0.1
3114, -0.2
3115, -0.4
3116, 0.0
3117, -0.1
3118, 0.3
3119, 0.3
3120, 0.0
3121, 0.1
3122, -0.4
3123, -0.1
3124, 0.0
3125, 0.4
3126, -0.1
3127, -0.2
3128, 0.3
3129, 0.3
3130, 0.2
3131, 0.1
3132, -0.1
3133, -0.1
3134, -0.1
3135, -0.3
3136, -0.1
3137, 0.2
3138, -0.3
3139, -0.1
3140, 0.0
3141, -0.2
3142, 0.1
3143, -0.4
3144, -0.1
3145, 0.0
3146, -0.3
3147, 0.2
3148, -0.1
3149, 0.2
3150, 0.4
3151, 0.3
3152, -0.1
3153, -0.1
3154, 0.2
3155, -0.7
3156, 0.2
3157, -0.2
3158, 0.2
3159, 0.1
3160, -0.1
3161, -0.4
3162, 0.2
3163, -0.1
3164, 0.2
3165, -0.1
3166, 0.1
3167, 0.0
3168, 0.2
3169, 0.2
3170, -0.5
3171, -0.2
3172, 0.4
3173, 0.2
3174, -0.1
3175, -0.1
3176, 0.2
3177, 0.2
3178, 0.0
3179, 0.2
3180, 0.1
3181, 0.2
3182, 0.2
3183, 0.1
3184, 0.4
3185, 0.0
3186, -0.1
3187, -0.1
3188, 0.2
3189, 0.1
3190, -0.2
3191, 0.1
3192, -0.2
3193, 0.2
3194, -0.2
3195, -0.4
3196, -0.3
3197, 0.3
3198, -0.2
3199, 0.1
3200, -0.4
3201, -0.4
3202, -0.1
3203, -0.2
3204, 0.2
3205, 0.1
3206, 0.1
3207, -0.1
3208, 0.4
3209, -0.1
3210, -0.1
3211, 0.1
3212, -0.5
3213, 0.3
3214, 0.2
3215, -0.2
3216, 0.2
3217, 0.0
3218, -0.3
3219, 0.1
3220, 0.1
3221, 0.3
3222, -0.2
3223, 0.2
3224, 0.0
3225, 0.1
3226, -0.2
3227, 0.2
3228, -0.1
3229, -0.2
3230, -0.3
3231, -0.5
3232, -0.2
3233, -0.1
3234, 0.2
3235, 0.5
3236, 0.2
3237, 0.1
3238, 0.0
3239, 0.1
3240, 0.2
3241, -0.2
3242, 0.0
3243, -0.1
3244, 0.1
3245, -0.1
3246, -0.1
3247, 0.2
3248, -0.1
3249, -0.1
3250, 0.1
3251, 0.2
3252, 0.3
3253, 0.1
3254, 0.1
3255, 0.0
3256, 0.0
3257, 0.2
3258, -0.2
3259, 0.0
3260, 0.1
3261, 0.2
3262, -0.1
3263, -0.3
3264, 0.2
3265, 0.2
3266, -0.3
3267, -0.1
3268, -0.3
3269, 0.3
3270, 0.1
3271, -0.3
3272, -0.2
3273, -0.4
3274, 0.1
3275, 0.0
3276, 0.1
3277, 0.2
3278, -0.2
3279, 0.1
3280, 0.2
3281, 0.1
3282, -0.2
3283, 0.0
3284, 0.1
3285, 0.3
3286, 0.0
3287, 0.2
3288, 0.0
3289, -0.1
3290, -0.3
3291, -0.1
3292, 0.2
3293, -0.6
3294, 0.1
3295, 0.0
3296, -0.1
3297, 0.2
3298, 0.1
3299, -0.1
3300, 0.3
3301, -0.1
3302, -0.1
3303, 0.1
3304, 0.2
3305, 0.2
3306, 0.1
3307, 0.2
3308, 0.0
3309, -0.2
3310, 0.3
3311, -0.3
3312, 0.3
3313, -0.5
3314, -0.3
3315, 0.2
3316, 0.1
3317, 0.1
3318, -0.3
3319, 0.0
3320, 0.2
3321, -0.7
3322, 0.1
3323, 0.0
3324, 0.5
3325, 0.1
3326, -0.2
3327, 0.2
3328, -0.1
3329, 0.1
3330, -0.1
3331, -0.4
3332, 0.1
3333, 0.1
3334, 0.0
3335, -0.2
3336, 0.0
3337, -0.1
3338, 0.0
3339, 0.0
3340, -0.3
3341, 0.1
3342, 0.2
3343, 0.4
3344, -0.2
3345, -0.1
3346, 0.0
3347, 0.1
3348, 0.0
3349, 0.2
3350, 0.2
3351, 0.1
3352, 0.1
3353, -0.3
3354, 0.1
3355, 0.2
3356, -0.1
3357, -0.2
3358, 0.1
3359, -0.1
3360, -0.3
3361, 0.0
3362, 0.1
3363, -0.4
3364, 0.1
3365, -0.1
3366, 0.0
3367, 0.0
3368, -0.5
3369, 0.2
3370, 0.0
3371, 0.2
3372, -0.2
3373, 0.3
3374, 0.0
3375, 0.0
3376, -0.1
3377, -0.5
3378, 0.2
3379, 0.1
3380, -0.2
3381, 0.1
3382, 0.1
3383, 0.3
3384, 0.1
3385, 0.4
3386, -0.1
3387, 0.2
3388, -0.2
3389, -0.1
3390, 0.5
3391, 0.1
3392, -0.1
3393, 0.1
3394, -0.4
3395, 0.0
3396, -0.1
3397, -0.3
3398, 0.1
3399, -0.3
3400, 0.0
3401, -0.1
3402, -0.3
3403, -0.3
3404, -0.1
3405, 0.1
3406, 0.4
3407, 0.2
3408, 0.1
3409, -0.1
3410, -0.2
3411, 0.1
3412, -0.2
3413, -0.2
3414, -0.2
3415, -0.1
3416, 0.1
3417, 0.0
3418, -0.5
3419, 0.2
3420, -0.2
3421, 0.4
3422, -0.2
3423, -0.1
3424, 0.4
3425, -0.2
3426, -0.4
3427, 0.3
3428, 0.3
3429, 0.1
3430, 0.2
3431, 0.3
3432, -0.1
3433, 0.3
3434, -0.2
3435, -0.3
3436, 0.1
3437, 0.1
3438, -0.1
3439, -0.1
3440, -0.1
3441, 0.1
3442, 0.0
3443, 0.3
3444, 0.5
3445, -0.4
3446, -0.2
3447, -0.1
3448, 0.2
3449, -0.4
3450, 0.0
3451, 0.1
3452, 0.4
3453, 0.4
3454, -0.3
3455, -0.1
3456, -0.2
3457, -0.4
3458, -0.3
3459, 0.1
3460, 0.3
3461, 0.3
3462, -0.2
3463, -0.1
3464, -0.1
3465, 0.0
3466, -0.1
3467, -0.3
3468, 0.2
3469, -0.1
3470, 0.2
3471, -0.3
3472, -0.3
3473, 0.1
3474, -0.2
3475, -0.1
3476, -0.1
3477, 0.3
3478, 0.0
3479, 0.0
3480, 0.1
3481, 0.1
3482, -0.3
3483, 0.0
3484, 0.2
3485, -0.3
3486, -0.2
3487, 0.3
3488, 0.1
3489, 0.3
3490, 0.4
3491, 0.1
3492, 0.1
3493, -0.1
3494, -0.1
3495, -0.3
3496, 0.2
3497, 0.0
3498, 0.2
3499, -0.1
3500, -0.1
3501, -0.2
3502, 0.2
3503, -0.1
3504, 0.1
3505, -0.2
3506, -0.2
3507, -0.2
3508, 0.3
3509, 0.4
3510, -0.1
3511, -0.3
3512, -0.1
3513, 0.2
3514, 0.4
3515, 0.4
3516, 0.3
3517, -0.3
3518, 0.2
3519, 0.1
3520, -0.2
3521, 0.4
3522, 0.1
3523, -0.1
3524, 0.4
3525, 0.0
3526, 0.1
3527, -0.2
3528, 0.0
3529, 0.2
3530, -0.1
3531, 0.2
3532, 0.0
3533, -0.2
3534, -0.1
3535, -0.6
3536, -0.4
3537, 0.0
3538, -0.3
3539, 0.2
3540, 0.1
3541, -0.1
3542, -0.1
3543, -0.2
3544, -0.1
3545, 0.2
3546, 0.0
3547, -0.1
3548, 0.3
3549, -0.1
3550, -0.3
3551, 0.0
3552, 0.1
3553, 0.1
3554, 0.0
3555, 0.2
3556, 0.3
3557, -0.1
3558, -0.3
3559, -0.2
3560, -0.1
3561, 0.2
3562, 0.4
3563, -0.3
3564, 0.3
3565, 0.2
3566, 0.0
3567, 0.2
3568, -0.6
3569, 0.4
3570, 0.2
3571, -0.1
3572, -0.3
3573, 0.0
3574, -0.1
3575, -0.1
3576, -0.1
3577, 0.3
3578, 0.0
3579, 0.3
3580, -0.3
3581, 0.1
3582, 0.0
3583, -0.4
3584, -0.2
3585, 0.2
3586, -0.4
3587, -0.2
3588, -0.1
3589, -0.1
3590, 0.1
3591, 0.1
3592, 0.2
3593, -0.3
3594, 0.1
3595, -0.6
3596, -0.2
3597, 0.0
3598, 0.1
3599, 0.2
3600, -0.3
3601, 0.0
3602, -0.2
3603, -0.1
3604, 0.1
3605, -0.2
3606, 0.3
3607, -0.3
3608, 0.0
3609, 0.0
3610, -0.3
3611, -0.4
3612, 0.2
3613, -0.2
3614, -0.5
3615, -0.1
3616, 0.0
3617, 0.0
3618, 0.2
3619, -0.1
3620, 0.2
3621, 0.0
3622, 0.4
3623, 0.2
3624, 0.0
3625, 0.0
3626, 0.1
3627, -0.2
3628, 0.2
3629, -0.3
3630, 0.0
3631, 0.2
3632, -0.1
3633, -0.3
3634, -0.1
3635, -0.1
3636, -0.4
3637, -0.1
3638, -0.3
3639, 0.1
3640, 0.0
3641, 0.2
3642, 0.1
3643, 0.0
3644, 0.0
3645, -0.1
3646, 0.4
3647, -0.3
3648, 0.2
3649, 0.3
3650, -0.1
3651, 0.5
3652, -0.5
3653, -0.3
3654, 0.3
3655, 0.0
3656, 0.0
3657, 0.3
3658, -0.1
3659, -0.6
3660, 0.0
3661, 0.0
3662, 0.3
3663, 0.1
3664, -0.1
3665, -0.1
3666, 0.1
3667, -0.2
3668, 0.4
3669, 0.2
3670, 0.1
3671, 0.1
3672, 0.1
3673, 0.2
3674, 0.2
3675, -0.2
3676, -0.2
3677, 0.0
3678, 0.3
3679, -0.1
3680, -0.1
3681, -0.2
3682, 0.0
3683, -0.1
3684, 0.2
3685, -0.1
3686, -0.2
3687, 0.1
3688, 0.0
3689, 0.1
3690, 0.0
3691, -0.3
3692, -0.3
3693, 0.0
3694, 0.3
3695, -0.2
3696, 0.0
3697, 0.3
3698, 0.4
3699, -0.1
3700, -0.1
3701, -0.3
3702, 0.0
3703, 0.1
3704, -0.4
3705, 0.0
3706, 0.0
3707, 0.2
3708, 0.3
3709, -0.1
3710, -0.1
3711, -0.5
3712, 0.1
3713, -0.1
3714, -0.1
3715, -0.1
3716, 0.0
3717, -0.3
3718, 0.3
3719, 0.5
3720, -0.3
3721, -0.1
3722, 0.0
3723, 0.0
3724, 0.0
3725, -0.2
3726, 0.0
3727, -0.4
3728, 0.3
3729, 0.4
3730, -0.1
3731, 0.3
3732, -0.1
3733, -0.2
3734, -0.1
3735, 0.1
3736, 0.2
3737, -0.2
3738, -0.5
3739, 0.4
3740, -0.4
3741, 0.0
3742, -0.1
3743, 0.0
3744, 0.4
3745, 0.0
3746, 0.0
3747, 0.0
3748, 0.0
3749, 0.2
3750, -0.3
3751, 0.2
3752, 0.3
3753, 0.2
3754, -0.2
3755, -0.1
3756, -0.5
3757, -0.1
3758, 0.2
3759, 0.2
3760, -0.4
3761, -0.2
3762, -0.3
3763, -0.3
3764, -0.4
3765, 0.0
3766, 0.0
3767, 0.0
3768, -0.1
3769, -0.1
3770, 0.1
3771, 0.2
3772, 0.0
3773, 0.4
3774, 0.2
3775, -0.1
3776, -0.1
3777, -0.1
3778, -0.1
3779, -0.4
3780, 0.2
3781, -0.2
3782, -0.5
3783, -0.1
3784, 0.3
3785, -0.4
3786, 0.3
3787, 0.1
3788, 0.3
3789, -0.2
3790, 0.2
3791, -0.1
3792, -0.3
3793, 0.0
3794, 0.3
3795, -0.2
3796, 0.2
3797, 0.2
3798, -0.1
3799, 0.2
3800, 0.0
3801, -0.2
3802, 0.0
3803, -0.4
3804, 0.3
3805, 0.1
3806, -0.3
3807, 0.1
3808, -0.2
3809, 0.2
3810, -0.4
3811, 0.3
3812, -0.1
3813, 0.0
3814, 0.0
3815, 0.3
3816, -0.1
3817, 0.2
3818, -0.4
3819, -0.1
3820, 0.3
3821, 0.2
3822, 0.3
3823, -0.1
3824, -0.4
3825, -0.1
3826, -0.1
3827, 0.1
3828, 0.0
3829, -0.1
3830, 0.0
3831, 0.1
3832, 0.3
3833, -0.1
3834, 0.3
3835, 0.0
3836, -0.1
3837, -0.2
3838, 0.2
3839, -0.1
3840, 0.2
3841, -0.4
3842, -0.2
3843, 0.3
3844, 0.2
3845, 0.0
3846, -0.2
3847, -0.2
3848, 0.0
3849, 0.0
3850, 0.3
3851, 0.5
3852, -0.1
3853, 0.1
3854, 0.2
3855, -0.1
3856, 0.0
3857, -0.5
3858, 0.2
3859, 0.1
3860, 0.0
3861, 0.1
3862, -0.2
3863, -0.3
3864, 0.2
3865, -0.1
3866, 0.3
3867, 0.0
3868, -0.1
3869, 0.5
3870, 0.3
3871, 0.3
3872, -0.4
3873, -0.5
3874, 0.0
3875, 0.3
3876, -0.5
3877, 0.2
3878, -0.3
3879, 0.2
3880, 0.2
3881, -0.1
3882, -0.3
3883, 0.3
3884, -0.2
3885, -0.2
3886, 0.0
3887, -0.1
3888, -0.1
3889, -0.2
3890, 0.1
3891, 0.0
3892, -0.1
3893, 0.0
3894, 0.0
3895, 0.3
3896, 0.1
3897, -0.4
3898, 0.2
3899, -0.2
3900, -0.2
3901, 0.1
3902, -0.1
3903, 0.0
3904, 0.3
3905, -0.3
3906, 0.0
3907, 0.4
3908, 0.0
3909, 0.2
3910, 0.1
3911, 0.0
3912, -0.1
3913, 0.0
3914, -0.1
3915, 0.1
3916, -0.5
3917, -0.9
3918, -0.2
3919, -0.3
3920, 0.2
3921, 0.2
3922, -0.6
3923, 0.1
3924, -0.4
3925, -0.6
3926, -0.2
3927, -0.2
3928, 0.0
3929, 0.1
3930, -0.3
3931, -0.1
3932, 0.3
3933, 0.0
3934, 0.0
3935, -0.1
3936, 0.0
3937, -0.1
3938, -0.2
3939, 0.0
3940, 0.0
3941, -0.2
3942, 0.2
3943, 0.1
3944, 0.0
3945, 0.2
3946, -0.3
3947, 0.1
3948, 0.3
3949, -0.4
3950, 0.0
3951, 0.0
3952, -0.1
3953, -0.1
3954, 0.1
3955, 0.3
3956, 0.1
3957, 0.1
3958, 0.4
3959, -0.3
3960, -0.1
3961, -0.2
3962, 0.2
3963, -0.2
3964, 0.0
3965, -0.1
3966, 0.1
3967, 0.0
3968, 0.1
3969, 0.1
3970, -0.4
3971, -0.1
3972, -0.1
3973, -0.2
3974, -0.4
3975, -0.4
3976, 0.0
3977, -0.1
3978, 0.1
3979, 0.0
3980, 0.1
3981, 0.1
3982, 0.1
3983, 0.3
3984, 0.1
3985, -0.1
3986, 0.2
3987, 0.1
3988, -0.2
3989, 0.2
3990, -0.1
3991, 0.2
3992, 0.1
3993, 0.3
3994, 0.2
3995, 0.0
3996, 0.0
3997, -0.2
3998, 0.0
3999, -0.3
