0, -0.2
1, -0.2
2, -0.3
3, -0.3
4, 0.1
5, -0.1
6, 0.2
7, -0.2
8, 0.2
9, 0.1
10, 0.4
11, 0.1
12, 0.1
13, 0.4
14, -0.3
15, 0.3
16, 0.4
17, 0.2
18, 0.4
19, -0.2
20, 0.0
21, -0.1
22, 0.4
23, 0.1
24, 0.3
25, 0.4
26, -0.1
27, 0.1
28, -0.2
29, -0.1
30, 0.4
31, 0.5
32, 0.0
33, 0.0
34, 0.0
35, -0.2
36, 0.0
37, 0.3
38, 0.0
39, -0.3
40, 0.2
41, -0.3
42, 0.3
43, 0.4
44, 0.3
45, 0.5
46, -0.1
47, 0.1
48, 0.1
49, -0.2
50, 0.2
51, 0.1
52, -0.2
53, -0.4
54, 0.0
55, -0.4
56, 0.0
57, -0.2
58, 0.1
59, 0.0
60, 0.2
61, 0.0
62, 0.2
63, -0.1
64, 0.3
65, -0.2
66, -0.2
67, -0.1
68, 0.2
69, -0.5
70, 0.0
71, 0.2
72, -0.3
73, 0.0
74, -0.1
75, -0.1
76, 0.2
77, -0.2
78, 0.2
79, 0.3
80, 0.2
81, -0.1
82, 0.1
83, 0.1
84, 0.3
85, 0.1
86, 0.1
87, -0.1
88, 0.4
89, -0.3
90, -0.6
91, -0.3
92, -0.2
93, -0.2
94, 0.5
95, 0.1
96, 0.3
97, 0.2
98, 0.3
99, 0.1
100, -0.4
101, -0.1
102, 0.3
103, 0.2
104, 0.0
105, 0.0
106, 0.0
107, 0.1
108, 0.2
109, -0.6
110, -0.3
111, 0.2
112, -0.3
113, 0.0
114, 0.0
115, 0.1
116, -0.3
117, 0.3
118, 0.0
119, 0.0
120, 0.1
121, -0.2
122, 0.1
123, -0.2
124, 0.3
125, 0.1
126, -0.2
127, 0.6
128, 0.3
129, 0.1
130, 0.3
131, -0.6
132, -0.5
133, 0.1
134, -0.1
135, -0.1
136, -0.3
137, 0.0
138, 0.2
139, -0.1
140, 0.0
141, 0.2
142, -0.2
143, 0.0
144, -0.3
145, 0.1
146, -0.2
147, 0.1
148, 0.0
149, 0.2
150, 0.2
151, 0.3
152, -0.2
153, 0.3
154, 0.2
155, 0.1
156, 0.3
157, 0.2
158, 0.2
159, 0.2
160, -0.2
161, -0.4
162, 0.1
163, 0.4
164, -0.2
165, 0.2
166, 0.1
167, -0.1
168, -0.5
169, 0.0
170, 0.1
171, 0.0
172, -0.3
173, -0.6
174, 0.0
175, 0.0
176, -0.2
177, 0.0
178, 0.1
179, 0.3
180, -0.1
181, -0.1
182, 0.2
183, -0.1
184, 0.4
185, 0.1
186, 0.2
187, 0.4
188, 0.0
189, 0.4
190, 0.5
191, -0.2
192, 0.2
193, -0.1
194, -0.5
195, -0.2
196, -0.2
197, 0.5
198, -0.4
199, 0.3
200, 0.1
201, 0.2
202, 0.2
203, 0.0
204, 0.1
205, 0.0
206, -0.2
207, -0.4
208, -0.4
209, 0.4
210, -0.3
211, 0.4
212, -0.1
213, -0.3
214, 0.0
215, 0.2
216, -0.3
217, 0.3
218, -0.2
219, 0.3
220, 0.1
221, -0.3
222, 0.1
223, -0.2
224, 0.0
225, 0.4
226, 0.4
227, -0.3
228, 0.1
229, 0.2
230, 0.1
231, 0.1
232, -0.1
233, -0.1
234, 0.1
235, 0.2
236, 0.1
237, -0.2
238, -0.3
239, 0.1
240, -0.2
241, 0.3
242, 0.2
243, -0.4
244, -0.3
245, -0.1
246, -0.4
247, -0.4
248, -0.3
249, -0.1
250, 0.1
251, -0.4
252, -0.1
253, -0.2
254, 0.0
255, 0.1
256, -0.1
257, -0.2
258, 0.1
259, 0.1
260, -0.1
261, 0.2
262, 0.0
263, -0.2
264, -0.3
265, 0.1
266, 0.0
267, -0.2
268, 0.2
269, 0.1
270, 0.3
271, 0.3
272, 0.1
273, 0.2
274, 0.1
275, 0.0
276, 0.0
277, 0.0
278, 0.2
279, 0.2
280, 0.0
281, 0.3
282, -0.2
283, -0.4
284, 0.0
285, 0.1
286, -0.6
287, 0.1
288, 0.4
289, 0.0
290, 0.0
291, 0.3
292, 0.3
293, 0.1
294, 0.0
295, 0.0
296, 0.2
297, -0.1
298, -0.2
299, 0.2
300, -0.2
301, 0.1
302, 0.0
303, 0.2
304, 0.3
305, 0.2
306, -0.4
307, -0.4
308, 0.0
309, 0.0
310, -0.1
311, 0.1
312, 0.2
313, 0.5
314, -0.1
315, -0.3
316, 0.2
317, -0.1
318, 0.2
319, 0.3
320, -0.2
321, 0.3
322, 0.2
323, 0.4
324, 0.5
325, -0.2
326, 0.2
327, 0.0
328, -0.2
329, 0.2
330, 0.0
331, -0.2
332, -0.1
333, -0.1
334, -0.2
335, 0.3
336, -0.2
337, -0.6
338, -0.4
339, 0.2
340, -0.1
341, 0.2
342, 0.5
343, 0.1
344, -0.3
345, -0.4
346, -0.1
347, 0.2
348, 0.0
349, -0.1
350, -0.3
351, -0.2
352, 0.1
353, 0.2
354, 0.4
355, 0.1
356, 0.0
357, -0.4
358, 0.1
359, -0.1
360, 0.0
361, 0.1
362, 0.1
363, 0.5
364, -0.1
365, -0.2
366, -0.3
367, 0.2
368, 0.0
369, -0.2
370, 0.1
371, 0.1
372, 0.0
373, 0.3
374, 0.0
375, 0.1
376, -0.1
377, 0.0
378, 0.1
379, 0.3
380, 0.4
381, -0.3
382, -0.4
383, 0.2
384, 0.3
385, -0.1
386, -0.3
387, -0.3
388, -0.1
389, 0.4
390, 0.0
391, -0.1
392, 0.2
393, -0.1
394, 0.3
395, -0.2
396, 0.3
397, 0.0
398, 0.4
399, 0.3
400, 0.1
401, -0.2
402, 0.1
403, -0.3
404, 0.3
405, 0.1
406, -0.1
407, 0.2
408, 0.1
409, 0.0
410, 0.3
411, -0.3
412, -0.3
413, 0.0
414, -0.2
415, -0.3
416, -0.4
417, 0.3
418, -0.4
419, 0.4
420, 0.1
421, -0.3
422, 0.1
423, 0.2
424, 0.3
425, -0.3
426, 0.0
427, 0.2
428, 0.4
429, 0.0
430, 0.3
431, -0.1
432, -0.2
433, 0.2
434, 0.2
435, -0.1
436, -0.3
437, -0.1
438, -0.2
439, -0.3
440, -0.3
441, 0.0
442, 0.1
443, -0.1
444, 0.0
445, 0.3
446, -0.3
447, -0.2
448, 0.2
449, 0.0
450, 0.1
451, 0.0
452, -0.2
453, 0.3
454, -0.2
455, 0.2
456, 0.1
457, 0.0
458, 0.1
459, -0.1
460, 0.0
461, -0.2
462, -0.3
463, 0.2
464, -0.1
465, 0.1
466, 0.0
467, -0.4
468, 0.2
469, -0.1
470, 0.1
471, 0.5
472, -0.2
473, 0.1
474, 0.0
475, -0.2
476, 0.4
477, -0.4
478, -0.1
479, 0.0
480, 0.2
481, -0.1
482, 0.0
483, -0.2
484, 0.0
485, -0.1
486, 0.5
487, 0.0
488, 0.3
489, 0.0
490, 0.3
491, 0.0
492, -0.3
493, -0.3
494, -0.1
495, 0.2
496, -0.3
497, 0.1
498, -0.3
499, -0.5
500, 0.3
501, 0.0
502, 0.1
503, -0.1
504, 0.0
505, 0.3
506, -0.5
507, 0.1
508, 0.1
509, 0.1
510, 0.2
511, 0.1
512, 0.0
513, 0.1
514, -0.3
515, -0.2
516, 0.3
517, -0.1
518, 0.0
519, 0.1
520, 0.2
521, 0.2
522, 0.2
523, 0.3
524, 0.0
525, -0.1
526, -0.1
527, 0.0
528, 0.2
529, -0.5
530, 0.0
531, 0.3
532, -0.1
533, -0.3
534, 0.0
535, -0.1
536, -0.5
537, 0.0
538, 0.3
539, -0.1
540, 0.1
541, 0.0
542, -0.2
543, -0.1
544, 0.0
545, 0.1
546, -0.1
547, 0.1
548, 0.0
549, -0.1
550, -0.2
551, 0.2
552, 0.2
553, 0.0
554, -0.2
555, 0.1
556, -0.1
557, -0.2
558, 0.2
559, -0.1
560, 0.3
561, 0.2
562, 0.3
563, -0.1
564, 0.2
565, 0.1
566, 0.1
567, 0.3
568, 0.3
569, 0.0
570, -0.1
571, -0.2
572, -0.3
573, -0.3
574, 0.1
575, -0.2
576, -0.3
577, 0.1
578, 0.1
579, 0.3
580, 0.3
581, 0.2
582, 0.1
583, 0.0
584, -0.5
585, -0.2
586, -0.2
587, 0.4
588, 0.3
589, 0.2
590, 0.2
591, -0.2
592, -0.1
593, 0.0
594, 0.1
595, 0.4
596, 0.0
597, -0.3
598, 0.2
599, -0.4
600, 0.0
601, 0.2
602, 0.2
603, 0.1
604, -0.2
605, 0.0
606, 0.2
607, 0.0
608, 0.1
609, -0.1
610, 0.3
611, -0.5
612, 0.1
613, 0.0
614, -0.4
615, 0.2
616, 0.1
617, 0.0
618, 0.2
619, 0.1
620, 0.0
621, 0.0
622, 0.4
623, 0.4
624, 0.0
625, -0.2
626, 0.4
627, 0.2
628, 0.2
629, -0.1
630, 0.2
631, -0.1
632, 0.2
633, 0.0
634, -0.1
635, 0.1
636, -0.1
637, -0.1
638, 0.1
639, 0.4
640, 0.1
641, 0.1
642, -0.1
643, -0.1
644, 0.2
645, 0.0
646, 0.3
647, -0.6
648, -0.2
649, -0.3
650, 0.2
651, 0.2
652, 0.1
653, -0.1
654, 0.1
655, 0.1
656, 0.0
657, -0.2
658, 0.2
659, 0.0
660, -0.2
661, -0.3
662, 0.0
663, -0.3
664, -0.1
665, 0.4
666, -0.3
667, -0.4
668, 0.1
669, 0.1
670, 0.0
671, -0.4
672, -0.1
673, -0.1
674, -0.3
675, -0.1
676, 0.2
677, -0.4
678, 0.3
679, 0.1
680, 0.0
681, -0.1
682, -0.3
683, -0.4
684, 0.2
685, -0.3
686, 0.1
687, 0.0
688, -0.2
689, -0.5
690, -0.1
691, -0.1
692, 0.2
693, 0.2
694, -0.3
695, -0.4
696, -0.6
697, -0.1
698, 0.2
699, 0.0
700, -0.4
701, 0.1
702, 0.2
703, 0.3
704, -0.1
705, -0.3
706, -0.1
707, -0.2
708, -0.3
709, 0.2
710, 0.0
711, -0.5
712, 0.2
713, -0.2
714, 0.2
715, 0.0
716, -0.4
717, 0.2
718, -0.2
719, -0.5
720, -0.1
721, 0.1
722, 0.1
723, 0.2
724, 0.0
725, 0.3
726, 0.3
727, -0.3
728, -0.6
729, 0.0
730, 0.1
731, 0.1
732, 0.0
733, -0.5
734, -0.1
735, 0.1
736, -0.3
737, -0.2
738, 0.4
739, -0.1
740, 0.3
741, -0.1
742, -0.1
743, -0.2
744, 0.1
745, 0.4
746, 0.4
747, 0.1
748, -0.3
749, 0.0
750, -0.2
751, 0.2
752, -0.1
753, -0.3
754, 0.0
755, -0.1
756, -0.2
757, 0.4
758, 0.0
759, 0.2
760, 0.0
761, 0.1
762, -0.1
763, 0.3
764, 0.3
765, -0.1
766, 0.0
767, 0.0
768, 0.0
769, 0.5
770, 0.1
771, 0.0
772, 0.3
773, 0.0
774, 0.2
775, -0.2
776, 0.1
777, 0.2
778, 0.0
779, -0.2
780, 0.0
781, -0.2
782, -0.1
783, -0.4
784, -0.1
785, -0.4
786, -0.3
787, 0.2
788, -0.1
789, -0.1
790, -0.2
791, 0.1
792, 0.4
793, 0.0
794, 0.3
795, 0.1
796, -0.3
797, -0.3
798, 0.0
799, 0.1
800, -0.2
801, 0.3
802, -0.3
803, -0.2
804, 0.0
805, 0.2
806, 0.0
807, 0.0
808, 0.1
809, 0.1
810, 0.2
811, -0.5
812, -0.2
813, 0.4
814, 0.0
815, 0.3
816, 0.0
817, -0.1
818, 0.2
819, 0.2
820, -0.2
821, -0.5
822, -0.2
823, 0.5
824, -0.1
825, 0.1
826, 0.0
827, 0.2
828, -0.2
829, 0.0
830, -0.1
831, 0.3
832, -0.6
833, -0.2
834, 0.2
835, -0.1
836, 0.2
837, 0.2
838, 0.2
839, -0.1
840, 0.1
841, 0.0
842, -0.3
843, -0.1
844, 0.1
845, -0.3
846, -0.3
847, 0.0
848, 0.1
849, -0.1
850, 0.1
851, 0.4
852, 0.4
853, 0.5
854, -0.3
855, 0.4
856, -0.2
857, -0.2
858, -0.1
859, -0.2
860, 0.1
861, -0.2
862, 0.0
863, 0.0
864, 0.1
865, 0.1
866, 0.0
867, 0.1
868, 0.4
869, 0.0
870, 0.0
871, -0.1
872, -0.1
873, -0.3
874, -0.1
875, 0.1
876, 0.1
877, 0.0
878, 0.0
879, 0.2
880, 0.3
881, -0.6
882, 0.2
883, 0.5
884, 0.1
885, 0.1
886, -0.2
887, 0.3
888, 0.2
889, 0.1
890, -0.2
891, -0.1
892, 0.3
893, -0.1
894, 0.0
895, 0.4
896, -0.1
897, -0.2
898, -0.1
899, 0.1
900, -0.2
901, -0.4
902, -0.4
903, 0.0
904, 0.0
905, -0.3
906, -0.4
907, -0.1
908, 0.1
909, 0.3
910, 0.1
911, -0.4
912, -0.3
913, -0.3
914, 0.1
915, -0.1
916, 0.1
917, 0.2
918, 0.3
919, 0.1
920, -0.1
921, 0.1
922, 0.1
923, -0.1
924, 0.0
925, -0.1
926, -0.3
927, -0.1
928, -0.2
929, -0.3
930, -0.3
931, 0.1
932, 0.1
933, -0.5
934, 0.4
935, 0.2
936, 0.0
937, 0.0
938, 0.0
939, 0.3
940, 0.3
941, -0.1
942, -0.1
943, 0.1
944, 0.0
945, 0.4
946, 0.4
947, -0.1
948, 0.1
949, -0.1
950, -0.6
951, 0.1
952, -0.2
953, 0.3
954, 0.3
955, 0.3
956, 0.1
957, -0.2
958, 0.1
959, 0.0
960, 0.4
961, 0.2
962, -0.1
963, -0.1
964, 0.0
965, 0.0
966, 0.0
967, -0.1
968, 0.0
969, 0.1
970, -0.3
971, 0.1
972, -0.1
973, -0.1
974, 0.5
975, 0.2
976, -0.1
977, 0.0
978, 0.2
979, -0.3
980, -0.3
981, -0.5
982, 0.3
983, 0.0
984, 0.1
985, 0.1
986, -0.1
987, 0.1
988, -0.1
989, -0.1
990, -0.2
991, -0.1
992, -0.1
993, -0.1
994, 0.0
995, -0.1
996, -0.6
997, 0.4
998, 0.2
999, 0.1
1000, -0.1
1001, -0.3
1002, -0.4
1003, -0.4
1004, -0.1
1005, -0.2
1006, 0.2
1007, -0.2
1008, -0.3
1009, 0.4
1010, -0.5
1011, 0.2
1012, -0.2
1013, -0.2
1014, 0.2
1015, 0.1
1016, 0.0
1017, 0.0
1018, 0.2
1019, -0.1
1020, -0.2
1021, 0.0
1022, -0.6
1023, 0.2
1024, -0.3
1025, 0.2
1026, 0.2
1027, 0.3
1028, 0.1
1029, -0.1
1030, -0.1
1031, 0.0
1032, 0.2
1033, 0.2
1034, -0.3
1035, 0.2
1036, 0.0
1037, 0.2
1038, 0.1
1039, -0.2
1040, -0.1
1041, -0.6
1042, 0.0
1043, -0.3
1044, 0.0
1045, -0.1
1046, -0.3
1047, -0.1
1048, -0.4
1049, -0.3
1050, -0.1
1051, 0.1
1052, 0.0
1053, 0.0
1054, 0.0
1055, 0.3
1056, -0.4
1057, -0.2
1058, 0.1
1059, 0.1
1060, 0.0
1061, 0.0
1062, 0.3
1063, -0.3
1064, 0.0
1065, -0.2
1066, 0.0
1067, -0.1
1068, 0.1
1069, 0.2
1070, 0.0
1071, 0.4
1072, 0.3
1073, 0.4
1074, -0.1
1075, -0.2
1076, 0.0
1077, -0.4
1078, -0.3
1079, 0.1
1080, -0.5
1081, 0.0
1082, 0.1
1083, 0.3
1084, 0.2
1085, 0.1
1086, 0.0
1087, 0.3
1088, 0.3
1089, 0.0
1090, 0.2
1091, 0.4
1092, 0.1
1093, 0.1
1094, -0.1
1095, 0.1
1096, 0.4
1097, 0.2
1098, 0.2
1099, -0.1
1100, -0.2
1101, 0.4
1102, 0.1
1103, 0.3
1104, -0.3
1105, -0.2
1106, 0.1
1107, -0.1
1108, 0.2
1109, 0.0
1110, 0.1
1111, -0.4
1112, 0.1
1113, 0.0
1114, -0.4
1115, 0.3
1116, 0.2
1117, -0.2
1118, 0.0
1119, 0.0
1120, 0.2
1121, 0.1
1122, 0.2
1123, 0.1
1124, -0.5
1125, 0.2
1126, 0.0
1127, -0.3
1128, 0.2
1129, 0.2
1130, 0.3
1131, 0.2
1132, 0.0
1133, -0.1
1134, 0.0
1135, -0.1
1136, 0.3
1137, 0.0
1138, 0.0
1139, 0.2
1140, 0.0
1141, 0.3
1142, 0.0
1143, 0.3
1144, -0.3
1145, -0.2
1146, 0.4
1147, 0.4
1148, 0.0
1149, 0.1
1150, 0.1
1151, 0.2
1152, 0.5
1153, 0.1
1154, 0.3
1155, 0.2
1156, 0.0
1157, 0.2
1158, 0.1
1159, 0.2
1160, 0.1
1161, 0.0
1162, 0.0
1163, 0.2
1164, -0.2
1165, -0.3
1166, 0.1
1167, -0.2
1168, 0.0
1169, 0.3
1170, 0.2
1171, -0.3
1172, -0.1
1173, 0.4
1174, -0.2
1175, 0.1
1176, 0.0
1177, 0.3
1178, 0.0
1179, -0.2
1180, -0.1
1181, 0.0
1182, 0.1
1183, 0.0
1184, 0.2
1185, 0.3
1186, 0.0
1187, -0.1
1188, -0.2
1189, -0.3
1190, 0.0
1191, -0.2
1192, 0.1
1193, -0.4
1194, -0.2
1195, 0.1
1196, -0.3
1197, 0.2
1198, -0.4
1199, 0.5
1200, -0.2
1201, 0.0
1202, 0.2
1203, 0.0
1204, -0.3
1205, 0.0
1206, 0.1
1207, 0.2
1208, 0.3
1209, 0.0
1210, 0.4
1211, -0.1
1212, 0.0
1213, 0.1
1214, -0.2
1215, -0.3
1216, 0.0
1217, -0.2
1218, -0.1
1219, 0.1
1220, 0.0
1221, 0.0
1222, 0.2
1223, 0.3
1224, 0.1
1225, -0.2
1226, -0.1
1227, -0.1
1228, 0.2
1229, -0.3
1230, -0.3
1231, 0.2
1232, -0.1
1233, 0.1
1234, 0.1
1235, 0.1
1236, 0.0
1237, -0.4
1238, 0.1
1239, 0.2
1240, -0.1
1241, 0.0
1242, 0.1
1243, 0.0
1244, 0.1
1245, 0.2
1246, 0.1
1247, 0.3
1248, 0.2
1249, 0.0
1250, 0.3
1251, 0.4
1252, -0.5
1253, 0.1
1254, 0.0
1255, -0.2
1256, -0.4
1257, 0.0
1258, 0.3
1259, -0.2
1260, 0.0
1261, 0.3
1262, -0.2
1263, 0.2
1264, 0.0
1265, -0.3
1266, 0.0
1267, -0.2
1268, 0.0
1269, -0.3
1270, 0.1
1271, -0.3
1272, -0.4
1273, 0.1
1274, -0.2
1275, 0.1
1276, -0.2
1277, -0.1
1278, 0.1
1279, 0.0
1280, -0.5
1281, 0.5
1282, 0.2
1283, 0.0
1284, 0.4
1285, -0.2
1286, -0.1
1287, 0.5
1288, 0.0
1289, 0.4
1290, -0.1
1291, 0.2
1292, 0.2
1293, -0.1
1294, 0.2
1295, -0.4
1296, 0.0
1297, 0.1
1298, -0.2
1299, 0.0
1300, 0.1
1301, 0.0
1302, 0.0
1303, -0.2
1304, 0.5
1305, 0.0
1306, -0.2
1307, 0.2
1308, 0.1
1309, 0.0
1310, 0.0
1311, 0.2
1312, 0.2
1313, -0.1
1314, 0.1
1315, 0.1
1316, 0.2
1317, -0.2
1318, 0.0
1319, -0.3
1320, 0.1
1321, 0.1
1322, 0.1
1323, 0.4
1324, 0.3
1325, 0.4
1326, 0.2
1327, -0.5
1328, -0.1
1329, 0.1
1330, 0.3
1331, 0.0
1332, -0.4
1333, -0.1
1334, 0.1
1335, 0.5
1336, -0.1
1337, -0.2
1338, 0.3
1339, 0.1
1340, 0.1
1341, 0.0
1342, -0.1
1343, 0.2
1344, 0.1
1345, 0.0
1346, 0.3
1347, -0.1
1348, 0.3
1349, 0.0
1350, -0.3
1351, -0.1
1352, 0.0
1353, 0.2
1354, 0.1
1355, -0.1
1356, 0.3
1357, -0.1
1358, 0.1
1359, 0.0
1360, 0.0
1361, 0.0
1362, 0.1
1363, -0.4
1364, 0.0
1365, 0.1
1366, -0.2
1367, -0.1
1368, 0.2
1369, -0.1
1370, 0.2
1371, -0.3
1372, 0.3
1373, 0.0
1374, 0.1
1375, 0.3
1376, 0.0
1377, -0.3
1378, -0.2
1379, 0.0
1380, -0.4
1381, -0.4
1382, 0.1
1383, -0.1
1384, 0.1
1385, 0.4
1386, -0.2
1387, 0.3
1388, -0.2
1389, 0.3
1390, -0.1
1391, 0.0
1392, 0.0
1393, 0.0
1394, 0.0
1395, 0.0
1396, 0.3
1397, -0.2
1398, -0.3
1399, 0.3
1400, 0.3
1401, 0.1
1402, -0.5
1403, -0.1
1404, 0.0
1405, -0.2
1406, 0.1
1407, 0.0
1408, 0.3
1409, 0.1
1410, -0.3
1411, -0.1
1412, 0.2
1413, -0.1
1414, -0.1
1415, 0.4
1416, 0.0
1417, 0.1
1418, 0.0
1419, -0.1
1420, 0.2
1421, 0.0
1422, 0.1
1423, 0.1
1424, -0.1
1425, 0.2
1426, 0.1
1427, -0.2
1428, -0.4
1429, -0.3
1430, -0.1
1431, 0.3
1432, 0.2
1433, 0.3
1434, -0.1
1435, 0.2
1436, -0.2
1437, 0.1
1438, 0.2
1439, -0.1
1440, -0.3
1441, 0.1
1442, 0.2
1443, 0.0
1444, -0.1
1445, -0.1
1446, -0.2
1447, 0.0
1448, 0.2
1449, -0.3
1450, 0.1
1451, 0.4
1452, 0.1
1453, 0.0
1454, -0.3
1455, 0.3
1456, 0.0
1457, 0.2
1458, -0.4
1459, -0.2
1460, 0.0
1461, 0.1
1462, 0.1
1463, 0.5
1464, 0.1
1465, -0.4
1466, -0.2
1467, -0.3
1468, -0.1
1469, 0.0
1470, -0.2
1471, 0.1
1472, 0.1
1473, 0.0
1474, -0.2
1475, -0.1
1476, -0.1
1477, 0.2
1478, 0.3
1479, 0.1
1480, 0.0
1481, -0.3
1482, -0.2
1483, 0.3
1484, 0.0
1485, 0.0
1486, 0.1
1487, 0.1
1488, -0.2
1489, -0.2
1490, 0.0
1491, -0.2
1492, -0.1
1493, 0.4
1494, 0.1
1495, -0.1
1496, 0.3
1497, 0.2
1498, -0.3
1499, 0.0
1500, -0.1
1501, -0.1
1502, -0.7
1503, 0.3
1504, -0.2
1505, 0.4
1506, -0.1
1507, -0.2
1508, 0.3
1509, 0.4
1510, 0.2
1511, 0.0
1512, 0.4
1513, 0.2
1514, -0.2
1515, -0.2
1516, 0.0
1517, 0.3
1518, 0.1
1519, 0.2
1520, -0.4
1521, -0.1
1522, -0.1
1523, 0.0
1524, 0.3
1525, -0.2
1526, -0.2
1527, 0.2
1528, -0.1
1529, -0.1
1530, -0.1
1531, -0.1
1532, -0.4
1533, 0.2
1534, -0.4
1535, 0.5
1536, -0.2
1537, -0.3
1538, 0.0
1539, 0.2
1540, 0.1
1541, -0.2
1542, -0.1
1543, 0.0
1544, 0.0
1545, -0.4
1546, 0.3
1547, 0.4
1548, 0.0
1549, -0.6
1550, -0.2
1551, 0.1
1552, 0.1
1553, -0.1
1554, 0.1
1555, 0.1
1556, -0.1
1557, -0.3
1558, -0.1
1559, 0.1
1560, 0.0
1561, 0.0
1562, 0.4
1563, 0.2
1564, 0.1
1565, -0.3
1566, 0.1
1567, 0.0
1568, 0.2
1569, 0.0
1570, 0.1
1571, 0.2
1572, 0.4
1573, -0.2
1574, -0.4
1575, -0.1
1576, 0.1
1577, -0.3
1578, 0.0
1579, 0.2
1580, -0.2
1581, 0.2
1582, -0.1
1583, 0.0
1584, -0.1
1585, -0.1
1586, -0.1
1587, 0.3
1588, 0.0
1589, -0.2
1590, 0.2
1591, -0.2
1592, 0.5
1593, -0.1
1594, -0.2
1595, 0.2
1596, -0.3
1597, 0.1
1598, 0.1
1599, -0.1
1600, -0.1
1601, 0.2
1602, -0.1
1603, 0.2
1604, 0.1
1605, -0.1
1606, 0.1
1607, 0.0
1608, 0.1
1609, 0.2
1610, 0.1
1611, -0.3
1612, 0.0
1613, 0.5
1614, 0.1
1615, -0.4
1616, 0.1
1617, 0.4
1618, 0.4
1619, -0.2
1620, 0.1
1621, 0.3
1622, -0.2
1623, 0.1
1624, -0.3
1625, -0.1
1626, -0.2
1627, 0.1
1628, 0.0
1629, -0.4
1630, 0.3
1631, 0.4
1632, 0.5
1633, 0.0
1634, -0.2
1635, -0.1
1636, -0.1
1637, 0.3
1638, -0.5
1639, 0.2
1640, -0.4
1641, -0.2
1642, -0.2
1643, -0.6
1644, -0.1
1645, -0.1
1646, -0.2
1647, 0.2
1648, -0.1
1649, 0.4
1650, 0.3
1651, -0.1
1652, 0.1
1653, -0.4
1654, 0.2
1655, 0.3
1656, 0.2
1657, 0.2
1658, 0.4
1659, 0.0
1660, 0.3
1661, 0.0
1662, 0.0
1663, -0.2
1664, -0.2
1665, 0.0
1666, 0.1
1667, -0.3
1668, -0.2
1669, 0.2
1670, 0.1
1671, 0.0
1672, -0.3
1673, 0.1
1674, -0.1
1675, -0.3
1676, 0.3
1677, 0.0
1678, 0.2
1679, -0.2
1680, 0.1
1681, 0.2
1682, 0.1
1683, 0.1
1684, 0.2
1685, 0.0
1686, 0.2
1687, 0.1
1688, 0.3
1689, -0.2
1690, 0.4
1691, 0.2
1692, 0.1
1693, 0.2
1694, 0.0
1695, 0.0
1696, -0.2
1697, 0.0
1698, 0.1
1699, -0.1
1700, -0.5
1701, 0.1
1702, 0.2
1703, 0.0
1704, 0.2
1705, 0.1
1706, -0.3
1707, -0.5
1708, 0.0
1709, -0.2
1710, -0.1
1711, 0.2
1712, 0.0
1713, -0.4
1714, -0.2
1715, -0.2
1716, -0.2
1717, -0.2
1718, 0.2
1719, -0.4
1720, 0.1
1721, 0.2
1722, 0.2
1723, 0.3
1724, -0.1
1725, -0.3
1726, 0.3
1727, 0.3
1728, -0.1
1729, 0.2
1730, 0.1
1731, 0.4
1732, 0.1
1733, 0.4
1734, 0.0
1735, -0.3
1736, 0.3
1737, 0.0
1738, -0.2
1739, -0.1
1740, 0.2
1741, 0.0
1742, 0.0
1743, -0.3
1744, 0.1
1745, 0.0
1746, 0.1
1747, 0.0
1748, 0.3
1749, 0.0
1750, -0.2
1751, 0.1
1752, 0.1
1753, -0.5
1754, 0.1
1755, -0.1
1756, 0.0
1757, -0.3
1758, 0.4
1759, -0.1
1760, 0.1
1761, 0.0
1762, -0.1
1763, 0.4
1764, -0.2
1765, -0.2
1766, 0.2
1767, -0.6
1768, 0.1
1769, 0.1
1770, -0.2
1771, 0.2
1772, -0.1
1773, -0.4
1774, -0.2
1775, -0.1
1776, -0.1
1777, -0.4
1778, 0.2
1779, 0.4
1780, 0.1
1781, 0.0
1782, -0.1
1783, -0.1
1784, 0.0
1785, 0.2
1786, 0.0
1787, -0.2
1788, -0.1
1789, 0.2
1790, 0.0
1791, 0.2
1792, -0.1
1793, 0.1
1794, 0.1
1795, 0.1
1796, -0.2
1797, 0.2
1798, -0.4
1799, -0.3
1800, -0.4
1801, 0.1
1802, 0.2
1803, 0.4
1804, 0.0
1805, 0.3
1806, 0.1
1807, 0.4
1808, -0.2
1809, -0.2
1810, 0.5
1811, 0.4
1812, 0.0
1813, -0.2
1814, 0.1
1815, -0.2
1816, 0.0
1817, 0.2
1818, -0.1
1819, 0.0
1820, 0.0
1821, 0.0
1822, -0.1
1823, 0.2
1824, 0.1
1825, -0.4
1826, -0.6
1827, 0.1
1828, 0.1
1829, 0.3
1830, 0.2
1831, -0.1
1832, -0.2
1833, -0.2
1834, -0.4
1835, 0.0
1836, -0.4
1837, 0.0
1838, -0.1
1839, -0.2
1840, -0.1
1841, -0.2
1842, -0.2
1843, 0.2
1844, 0.2
1845, 0.1
1846, 0.0
1847, 0.1
1848, -0.2
1849, 0.0
1850, 0.0
1851, 0.1
1852, -0.1
1853, -0.2
1854, -0.3
1855, -0.1
1856, -0.4
1857, -0.3
1858, -0.1
1859, 0.1
1860, 0.0
1861, 0.2
1862, 0.0
1863, -0.2
1864, 0.1
1865, -0.1
1866, -0.2
1867, -0.2
1868, -0.1
1869, 0.2
1870, -0.2
1871, -0.1
1872, -0.3
1873, -0.3
1874, -0.1
1875, -0.2
1876, 0.1
1877, 0.0
1878, 0.4
1879, -0.3
1880, 0.0
1881, 0.1
1882, 0.1
1883, -0.2
1884, 0.0
1885, 0.0
1886, 0.1
1887, -0.1
1888, 0.1
1889, -0.3
1890, -0.1
1891, 0.0
1892, 0.0
1893, 0.4
1894, -0.1
1895, 0.0
1896, 0.4
1897, 0.2
1898, -0.4
1899, 0.0
1900, -0.1
1901, 0.0
1902, 0.4
1903, -0.1
1904, 0.0
1905, 0.0
1906, 0.3
1907, 0.0
1908, 0.1
1909, 0.2
1910, -0.2
1911, -0.1
1912, -0.4
1913, -0.2
1914, -0.2
1915, 0.2
1916, 0.3
1917, 0.0
1918, 0.0
1919, 0.2
1920, 0.0
1921, 0.3
1922, 0.0
1923, 0.0
1924, 0.3
1925, -0.1
1926, 0.4
1927, 0.0
1928, 0.0
1929, -0.1
1930, 0.0
1931, 0.0
1932, -0.3
1933, 0.1
1934, -0.1
1935, 0.2
1936, 0.1
1937, 0.0
1938, 0.0
1939, 0.2
1940, 0.1
1941, -0.2
1942, 0.2
1943, 0.2
1944, -0.2
1945, -0.2
1946, 0.1
1947, 0.0
1948, 0.0
1949, 0.3
1950, 0.1
1951, 0.2
1952, 0.2
1953, 0.3
1954, 0.1
1955, 0.2
1956, -0.1
1957, 0.0
1958, 0.5
1959, 0.0
1960, -0.3
1961, 0.0
1962, 0.0
1963, -0.3
1964, -0.1
1965, 0.2
1966, -0.3
1967, -0.1
1968, 0.1
1969, 0.2
1970, -0.3
1971, 0.0
1972, -0.4
1973, 0.1
1974, 0.0
1975, 0.0
1976, 0.1
1977, -0.1
1978, -0.3
1979, 0.4
1980, -0.2
1981, 0.4
1982, 0.1
1983, 0.2
1984, 0.4
1985, 0.4
1986, 0.0
1987, 0.1
1988, 0.1
1989, -0.1
1990, -0.3
1991, 0.3
1992, -0.2
1993, 0.0
1994, 0.0
1995, 0.0
1996, 0.4
1997, -0.3
1998, -0.1
1999, -0.2
2000, -0.1
2001, -0.1
2002, -0.4
2003, -0.3
2004, 0.2
2005, -0.1
2006, 0.2
2007, 0.1
2008, 0.3
2009, -0.1
2010, -0.1
2011, 0.0
2012, 0.1
2013, 0.2
2014, 0.2
2015, 0.4
2016, -0.1
2017, 0.2
2018, -0.1
2019, 0.1
2020, 0.1
2021, 0.2
2022, -0.1
2023, -0.1
2024, 0.4
2025, -0.1
2026, 0.3
2027, 0.1
2028, -0.2
2029, 0.2
2030, -0.4
2031, 0.5
2032, 0.3
2033, 0.0
2034, 0.0
2035, 0.2
2036, 0.0
2037, 0.1
2038, 0.2
2039, 0.3
2040, -0.3
2041, -0.3
2042, 0.2
2043, 0.0
2044, 0.3
2045, 0.3
2046, 0.2
2047, 0.0
2048, 0.2
2049, -0.5
2050, 0.1
2051, 0.2
2052, -0.1
2053, 0.5
2054, -0.3
2055, -0.4
2056, 0.3
2057, 0.0
2058, 0.2
2059, -0.1
2060, -0.2
2061, -0.2
2062, 0.0
2063, 0.0
2064, -0.1
2065, -0.2
2066, 0.2
2067, 0.0
2068, 0.0
2069, 0.0
2070, 0.2
2071, 0.2
2072, -0.1
2073, -0.2
2074, 0.3
2075, 0.0
2076, 0.1
2077, 0.0
2078, 0.3
2079, 0.0
2080, 0.0
2081, 0.3
2082, 0.1
2083, 0.0
2084, -0.1
2085, 0.3
2086, 0.3
2087, 0.1
2088, -0.3
2089, -0.1
2090, 0.1
2091, 0.2
2092, 0.1
2093, 0.0
2094, -0.5
2095, 0.2
2096, -0.3
2097, 0.3
2098, 0.1
2099, 0.0
2100, 0.3
2101, 0.1
2102, 0.0
2103, -0.2
2104, 0.5
2105, -0.2
2106, -0.1
2107, 0.2
2108, 0.0
2109, 0.3
2110, -0.2
2111, 0.0
2112, 0.0
2113, 0.0
2114, 0.2
2115, -0.1
2116, 0.1
2117, -0.2
2118, 0.3
2119, 0.0
2120, -0.1
2121, -0.4
2122, -0.2
2123, 0.0
2124, 0.3
2125, 0.0
2126, -0.3
2127, 0.1
2128, -0.1
2129, -0.1
2130, 0.1
2131, 0.0
2132, -0.5
2133, -0.1
2134, 0.1
2135, 0.0
2136, -0.2
2137, -0.2
2138, 0.1
2139, -0.2
2140, 0.0
2141, 0.2
2142, 0.1
2143, -0.1
2144, 0.0
2145, 0.2
2146, -0.3
2147, -0.1
2148, 0.2
2149, -0.9
2150, -0.2
2151, 0.2
2152, -0.1
2153, 0.3
2154, 0.3
2155, -0.2
2156, 0.2
2157, 0.2
2158, -0.1
2159, 0.0
2160, -0.4
2161, -0.2
2162, 0.3
2163, -0.3
2164, 0.3
2165, 0.2
2166, -0.2
2167, 0.0
2168, 0.0
2169, -0.1
2170, -0.3
2171, 0.1
2172, -0.4
2173, 0.1
2174, 0.1
2175, -0.1
2176, 0.1
2177, -0.1
2178, 0.1
2179, 0.2
2180, 0.1
2181, 0.0
2182, 0.2
2183, 0.4
2184, -0.1
2185, -0.3
2186, 0.3
2187, 0.3
2188, 0.1
2189, -0.2
2190, 0.3
2191, 0.1
2192, 0.3
2193, -0.1
2194, 0.1
2195, 0.3
2196, 0.0
2197, 0.0
2198, 0.3
2199, -0.3
2200, -0.6
2201, -0.1
2202, 0.0
2203, -0.2
2204, 0.0
2205, -0.1
2206, -0.1
2207, 0.2
2208, 0.1
2209, -0.2
2210, 0.1
2211, -0.2
2212, 0.1
2213, 0.2
2214, 0.1
2215, 0.3
2216, 0.1
2217, 0.3
2218, -0.5
2219, -0.1
2220, -0.3
2221, 0.1
2222, -0.2
2223, 0.2
2224, 0.0
2225, 0.1
2226, 0.3
2227, 0.1
2228, 0.0
2229, 0.4
2230, 0.1
2231, -0.4
2232, 0.0
2233, -0.1
2234, 0.4
2235, -0.4
2236, -0.4
2237, -0.1
2238, 0.2
2239, -0.1
2240, -0.1
2241, -0.4
2242, -0.2
2243, 0.3
2244, 0.2
2245, 0.2
2246, 0.1
2247, 0.0
2248, 0.0
2249, 0.0
2250, 0.0
2251, 0.1
2252, -0.1
2253, 0.1
2254, 0.3
2255, 0.0
2256, -0.1
2257, 0.1
2258, 0.2
2259, -0.5
2260, 0.4
2261, 0.0
2262, -0.1
2263, 0.2
2264, 0.0
2265, 0.3
2266, 0.3
2267, -0.2
2268, 0.1
2269, 0.0
2270, 0.0
2271, -0.2
2272, 0.2
2273, 0.3
2274, 0.1
2275, 0.1
2276, 0.1
2277, -0.1
2278, -0.3
2279, -0.1
2280, 0.1
2281, -0.2
2282, 0.1
2283, 0.1
2284, -0.3
2285, 0.1
2286, -0.1
2287, 0.3
2288, 0.2
2289, 0.3
2290, -0.2
2291, 0.3
2292, 0.1
2293, 0.3
2294, -0.3
2295, -0.7
2296, 0.4
2297, -0.2
2298, 0.0
2299, 0.2
2300, 0.3
2301, 0.1
2302, -0.1
2303, 0.0
2304, 0.1
2305, -0.2
2306, 0.3
2307, -0.4
2308, 0.2
2309, 0.2
2310, 0.0
2311, -0.2
2312, -0.1
2313, 0.1
2314, -0.3
2315, -0.4
2316, -0.2
2317, -0.1
2318, -0.2
2319, 0.4
2320, 0.0
2321, -0.2
2322, 0.1
2323, 0.2
2324, 0.1
2325, -0.6
2326, 0.2
2327, -0.5
2328, 0.5
2329, -0.2
2330, -0.3
2331, -0.2
2332, 0.1
2333, 0.0
2334, -0.8
2335, 0.1
2336, 0.3
2337, 0.2
2338, 0.1
2339, 0.1
2340, 0.0
2341, 0.3
2342, 0.0
2343, 0.0
2344, 0.4
2345, 0.3
2346, 0.1
2347, -0.2
2348, -0.1
2349, -0.2
2350, -0.3
2351, 0.5
2352, 0.1
2353, -0.3
2354, -0.1
2355, 0.1
2356, -0.2
2357, 0.1
2358, 0.2
2359, 0.4
2360, -0.3
2361, 0.1
2362, 0.1
2363, 0.0
2364, -0.1
2365, -0.3
2366, -0.3
2367, 0.2
2368, 0.2
2369, -0.1
2370, 0.0
2371, 0.0
2372, -0.3
2373, 0.4
2374, -0.5
2375, -0.2
2376, -0.3
2377, -0.3
2378, -0.1
2379, -0.3
2380, -0.1
2381, -0.2
2382, -0.1
2383, 0.0
2384, 0.2
2385, 0.1
2386, -0.2
2387, -0.2
2388, -0.3
2389, 0.1
2390, -0.3
2391, -0.2
2392, 0.2
2393, -0.2
2394, 0.2
2395, 0.1
2396, -0.1
2397, 0.1
2398, 0.3
2399, 0.0
2400, -0.8
2401, 0.0
2402, 0.4
2403, 0.0
2404, 0.1
2405, -0.1
2406, 0.0
2407, 0.0
2408, 0.0
2409, -0.1
2410, -0.5
2411, 0.2
2412, 0.0
2413, 0.1
2414, 0.3
2415, 0.1
2416, -0.3
2417, 0.2
2418, 0.4
2419, -0.2
2420, 0.1
2421, 0.3
2422, -0.1
2423, -0.3
2424, 0.1
2425, -0.3
2426, 0.1
2427, 0.2
2428, -0.2
2429, 0.0
2430, 0.4
2431, 0.2
2432, -0.4
2433, 0.1
2434, 0.1
2435, -0.1
2436, 0.1
2437, 0.4
2438, 0.1
2439, 0.0
2440, -0.4
2441, 0.3
2442, -0.4
2443, 0.2
2444, 0.0
2445, 0.0
2446, 0.0
2447, 0.2
2448, 0.2
2449, 0.2
2450, 0.0
2451, 0.1
2452, -0.2
2453, 0.2
2454, 0.1
2455, 0.1
2456, -0.2
2457, 0.1
2458, 0.2
2459, 0.1
2460, 0.3
2461, 0.3
2462, 0.2
2463, 0.3
2464, 0.0
2465, 0.1
2466, -0.2
2467, 0.5
2468, 0.1
2469, 0.1
2470, 0.3
2471, 0.5
2472, -0.1
2473, 0.1
2474, 0.3
2475, 0.1
2476, 0.0
2477, -0.5
2478, -0.1
2479, 0.4
2480, 0.0
2481, -0.2
2482, 0.0
2483, -0.1
2484, 0.1
2485, 0.1
2486, 0.0
2487, 0.3
2488, 0.0
2489, 0.4
2490, -0.3
2491, 0.4
2492, -0.2
2493, 0.0
2494, 0.3
2495, -0.2
2496, 0.1
2497, -0.4
2498, -0.5
2499, 0.3
2500, -0.2
2501, 0.3
2502, 0.2
2503, 0.2
2504, -0.1
2505, 0.2
2506, 0.0
2507, 0.2
2508, 0.2
2509, 0.1
2510, 0.3
2511, 0.4
2512, -0.4
2513, -0.1
2514, -0.1
2515, -0.5
2516, 0.1
2517, 0.0
2518, 0.0
2519, 0.0
2520, 0.3
2521, -0.2
2522, 0.1
2523, -0.3
2524, -0.3
2525, 0.1
2526, 0.0
2527, -0.2
2528, -0.5
2529, 0.4
2530, 0.1
2531, 0.3
2532, 0.1
2533, 0.0
2534, -0.1
2535, -0.2
2536, 0.0
2537, 0.0
2538, 0.3
2539, -0.1
2540, -0.2
2541, -0.3
2542, 0.0
2543, 0.0
2544, 0.3
2545, 0.3
2546, 0.1
2547, 0.0
2548, 0.1
2549, 0.0
2550, 0.0
2551, -0.2
2552, 0.0
2553, 0.2
2554, 0.0
2555, -0.2
2556, 0.1
2557, -0.2
2558, -0.1
2559, 0.1
2560, 0.1
2561, -0.4
2562, 0.0
2563, 0.0
2564, -0.2
2565, 0.2
2566, -0.1
2567, -0.2
2568, 0.1
2569, -0.5
2570, 0.0
2571, -0.2
2572, 0.3
2573, 0.2
2574, -0.1
2575, -0.1
2576, -0.6
2577, 0.1
2578, 0.1
2579, 0.2
2580, 0.4
2581, 0.4
2582, -0.2
2583, -0.2
2584, -0.3
2585, 0.0
2586, 0.1
2587, -0.1
2588, 0.0
2589, 0.2
2590, -0.2
2591, 0.0
2592, 0.5
2593, -0.3
2594, 0.0
2595, 0.4
2596, 0.4
2597, -0.4
2598, 0.0
2599, 0.1
2600, 0.2
2601, -0.3
2602, -0.6
2603, -0.4
2604, 0.0
2605, -0.2
2606, -0.1
2607, 0.1
2608, -0.2
2609, -0.4
2610, 0.3
2611, 0.5
2612, 0.0
2613, 0.5
2614, -0.4
2615, -0.2
2616, -0.2
2617, 0.3
2618, -0.1
2619, -0.5
2620, 0.0
2621, -0.1
2622, 0.2
2623, -0.1
2624, 0.2
2625, -0.1
2626, -0.2
2627, 0.0
2628, 0.3
2629, 0.1
2630, -0.1
2631, 0.0
2632, 0.1
2633, 0.1
2634, -0.1
2635, -0.2
2636, -0.3
2637, 0.1
2638, 0.1
2639, -0.1
2640, -0.1
2641, 0.3
2642, -0.2
2643, 0.3
2644, -0.1
2645, -0.1
2646, 0.2
2647, 0.0
2648, -0.3
2649, -0.2
2650, -0.1
2651, -0.2
2652, 0.2
2653, 0.1
2654, 0.3
2655, 0.0
2656, -0.4
2657, 0.4
2658, 0.4
2659, -0.1
2660, 0.3
2661, 0.0
2662, 0.0
2663, 0.3
2664, -0.1
2665, -0.2
2666, 0.0
2667, 0.4
2668, -0.1
2669, 0.1
2670, 0.2
2671, -0.3
2672, -0.2
2673, 0.1
2674, -0.6
2675, 0.2
2676, 0.0
2677, 0.0
2678, -0.1
2679, 0.0
2680, -0.1
2681, 0.0
2682, -0.2
2683, -0.2
2684, 0.2
2685, 0.0
2686, 0.1
2687, 0.1
2688, -0.1
2689, 0.2
2690, 0.2
2691, -0.1
2692, -0.1
2693, 0.1
2694, 0.1
2695, -0.1
2696, 0.1
2697, 0.1
2698, -0.2
2699, 0.0
2700, 0.3
2701, 0.2
2702, -0.3
2703, -0.2
2704, 0.2
2705, -0.4
2706, -0.1
2707, 0.2
2708, 0.0
2709, 0.1
2710, 0.0
2711, 0.3
2712, 0.3
2713, -0.2
2714, 0.3
2715, -0.1
2716, 0.3
2717, 0.3
2718, 0.1
2719, 0.0
2720, -0.4
2721, 0.3
2722, 0.1
2723, 0.3
2724, 0.4
2725, 0.2
2726, -0.2
2727, -0.1
2728, 0.1
2729, 0.1
2730, 0.0
2731, 0.1
2732, 0.3
2733, 0.0
2734, 0.1
2735, 0.1
2736, -0.3
2737, -0.1
2738, 0.0
2739, 0.0
2740, 0.0
2741, -0.2
2742, 0.2
2743, 0.2
2744, 0.3
2745, 0.1
2746, 0.2
2747, 0.0
2748, 0.1
2749, 0.1
2750, 0.3
2751, -0.3
2752, -0.5
2753, -0.1
2754, -0.1
2755, 0.2
2756, -0.3
2757, -0.2
2758, 0.0
2759, -0.2
2760, 0.1
2761, 0.0
2762, 0.3
2763, 0.0
2764, 0.4
2765, 0.3
2766, -0.1
2767, 0.0
2768, -0.2
2769, -0.5
2770, 0.1
2771, 0.1
2772, 0.3
2773, 0.5
2774, 0.2
2775, 0.2
2776, 0.1
2777, 0.0
2778, -0.5
2779, 0.3
2780, 0.1
2781, -0.4
2782, 0.0
2783, 0.3
2784, 0.0
2785, 0.4
2786, -0.2
2787, -0.1
2788, 0.1
2789, -0.1
2790, -0.3
2791, 0.0
2792, -0.3
2793, 0.0
2794, 0.4
2795, -0.3
2796, 0.0
2797, -0.1
2798, 0.3
2799, -0.1
2800, 0.2
2801, -0.5
2802, 0.4
2803, -0.1
2804, 0.1
2805, 0.0
2806, 0.2
2807, 0.0
2808, -0.3
2809, -0.2
2810, -0.1
2811, -0.1
2812, 0.1
2813, 0.2
2814, 0.4
2815, 0.1
2816, -0.3
2817, 0.0
2818, -0.3
2819, -0.1
2820, -0.2
2821, 0.1
2822, -0.1
2823, -0.2
2824, -0.2
2825, 0.1
2826, 0.2
2827, -0.1
2828, 0.3
2829, -0.1
2830, 0.3
2831, 0.0
2832, 0.1
2833, -0.1
2834, -0.1
2835, -0.2
2836, -0.1
2837, 0.2
2838, 0.0
2839, -0.1
2840, 0.4
2841, -0.2
2842, -0.4
2843, -0.4
2844, 0.0
2845, -0.1
2846, 0.1
2847, 0.0
2848, -0.1
2849, -0.3
2850, 0.2
2851, 0.4
2852, 0.0
2853, 0.1
2854, 0.0
2855, -0.5
2856, -0.3
2857, 0.2
2858, -0.2
2859, 0.2
2860, 0.2
2861, 0.1
2862, 0.1
2863, -0.4
2864, 0.0
2865, 0.0
2866, -0.2
2867, -0.4
2868, -0.4
2869, 0.2
2870, 0.0
2871, -0.3
2872, 0.2
2873, 0.2
2874, 0.1
2875, -0.1
2876, 0.1
2877, -0.6
2878, 0.0
2879, 0.2
2880, 0.2
2881, 0.0
2882, 0.2
2883, 0.2
2884, 0.1
2885, 0.2
2886, 0.1
2887, -0.1
2888, -0.3
2889, 0.0
2890, -0.1
2891, 0.3
2892, -0.6
2893, -0.2
2894, 0.1
2895, 0.2
2896, 0.3
2897, -0.4
2898, -0.3
2899, -0.2
2900, -0.3
2901, 0.0
2902, 0.1
2903, 0.2
2904, -0.2
2905, 0.2
2906, 0.0
2907, -0.1
2908, -0.2
2909, 0.4
2910, 0.0
2911, 0.1
2912, 0.0
2913, 0.0
2914, -0.1
2915, 0.1
2916, -0.2
2917, 0.1
2918, -0.1
2919, 0.1
2920, 0.1
2921, 0.2
2922, 0.0
2923, 0.1
2924, 0.1
2925, 0.0
2926, 0.0
2927, -0.3
2928, -0.3
2929, -0.1
2930, -0.1
2931, -0.2
2932, -0.2
2933, -0.4
2934, -0.2
2935, -0.1
2936, 0.1
2937, 0.2
2938, 0.4
2939, 0.0
2940, 0.3
2941, 0.1
2942, -0.2
2943, 0.2
2944, 0.4
2945, -0.2
2946, 0.3
2947, 0.1
2948, -0.3
2949, 0.0
2950, -0.3
2951, 0.2
2952, 0.0
2953, 0.2
2954, 0.1
2955, 0.0
2956, -0.4
2957, 0.2
2958, 0.3
2959, -0.1
2960, 0.1
2961, 0.1
2962, -0.5
2963, -0.2
2964, -0.2
2965, 0.1
2966, 0.0
2967, 0.4
2968, -0.2
2969, -0.1
2970, 0.2
2971, 0.3
2972, 0.0
2973, -0.1
2974, -0.3
2975, -0.1
2976, 0.0
2977, 0.2
2978, 0.3
2979, 0.3
2980, 0.2
2981, 0.0
2982, -0.5
2983, -0.2
2984, 0.0
2985, 0.1
2986, 0.3
2987, 0.1
2988, -0.1
2989, -0.2
2990, 0.1
2991, -0.1
2992, -0.1
2993, 0.3
2994, 0.2
2995, 0.1
2996, -0.1
2997, -0.4
2998, -0.3
2999, 0.2
3000, -0.3
3001, 0.2
3002, -0.1
3003, 0.0
3004, 0.0
3005, 0.0
3006, 0.2
3007, -0.1
3008, 0.1
3009, 0.1
3010, 0.0
3011, 0.4
3012, 0.0
3013, -0.2
3014, 0.2
3015, 0.1
3016, 0.1
3017, -0.2
3018, 0.1
3019, 0.4
3020, 0.2
3021, -0.3
3022, 0.0
3023, 0.1
3024, 0.2
3025, -0.2
3026, 0.2
3027, 0.3
3028, 0.1
3029, 0.1
3030, 0.3
3031, -0.1
3032, 0.1
3033, -0.1
3034, -0.2
3035, -0.2
3036, 0.2
3037, 0.2
3038, -0.1
3039, 0.3
3040, -0.1
3041, 0.4
3042, 0.1
3043, -0.1
3044, 0.1
3045, -0.1
3046, -0.2
3047, 0.2
3048, 0.0
3049, 0.2
3050, 0.2
3051, 0.3
3052, 0.2
3053, 0.4
3054, -0.2
3055, -0.1
3056, 0.0
3057, 0.2
3058, -0.2
3059, 0.1
3060, 0.1
3061, 0.0
3062, 0.2
3063, 0.0
3064, -0.2
3065, 0.0
3066, 0.2
3067, 0.1
3068, 0.1
3069, 0.0
3070, -0.3
3071, 0.1
3072, -0.4
3073, 0.2
3074, -0.1
3075, 0.2
3076, 0.3
3077, 0.0
3078, -0.1
3079, 0.0
3080, 0.0
3081, 0.0
3082, 0.1
3083, -0.2
3084, -0.2
3085, -0.5
3086, -0.1
3087, -0.1
3088, 0.1
3089, -0.2
3090, 0.0
3091, -0.2
3092, 0.2
3093, 0.2
3094, -0.4
3095, -0.1
3096, 0.1
3097, 0.3
3098, 0.3
3099, -0.2
3100, 0.1
3101, 0.2
3102, -0.1
3103, 0.2
3104, 0.1
3105, -0.2
3106, 0.0
3107, 0.5
3108, -0.1
3109, -0.1
3110, -0.1
3111, 0.4
3112, 0.1
3113, 0.1
3114, -0.1
3115, -0.2
3116, 0.0
3117, 0.1
3118, 0.2
3119, -0.8
3120, 0.0
3121, 0.0
3122, -0.1
3123, 0.1
3124, 0.5
3125, 0.4
3126, 0.0
3127, 0.0
3128, 0.2
3129, 0.0
3130, -0.1
3131, -0.2
3132, 0.1
3133, -0.3
3134, 0.0
3135, 0.1
3136, -0.1
3137, 0.2
3138, 0.3
3139, 0.0
3140, -0.2
3141, 0.2
3142, 0.0
3143, -0.1
3144, -0.2
3145, 0.1
3146, 0.2
3147, 0.1
3148, 0.0
3149, 0.0
3150, -0.2
3151, 0.0
3152, 0.0
3153, -0.2
3154, 0.1
3155, -0.2
3156, -0.2
3157, -0.2
3158, -0.1
3159, -0.2
3160, 0.0
3161, 0.2
3162, -0.1
3163, -0.1
3164, 0.5
3165, 0.1
3166, 0.1
3167, 0.1
3168, -0.4
3169, 0.1
3170, 0.2
3171, 0.1
3172, 0.1
3173, 0.1
3174, 0.2
3175, -0.3
3176, -0.4
3177, 0.2
3178, 0.0
3179, 0.1
3180, 0.0
3181, 0.3
3182, -0.2
3183, 0.0
3184, -0.4
3185, 0.1
3186, -0.1
3187, 0.0
3188, 0.1
3189, 0.1
3190, -0.4
3191, -0.5
3192, -0.1
3193, -0.1
3194, 0.3
3195, -0.2
3196, 0.3
3197, -0.2
3198, -0.3
3199, -0.1
3200, 0.2
3201, -0.2
3202, 0.3
3203, -0.1
3204, 0.3
3205, 0.1
3206, -0.2
3207, -0.2
3208, 0.1
3209, 0.5
3210, 0.0
3211, -0.1
3212, -0.1
3213, -0.3
3214, 0.0
3215, 0.3
3216, 0.4
3217, 0.0
3218, 0.0
3219, -0.2
3220, -0.5
3221, -0.3
3222, -0.1
3223, 0.1
3224, 0.2
3225, 0.3
3226, 0.2
3227, 0.0
3228, 0.1
3229, 0.4
3230, -0.2
3231, 0.1
3232, 0.2
3233, 0.0
3234, -0.1
3235, 0.1
3236, 0.2
3237, -0.3
3238, 0.2
3239, 0.3
3240, 0.0
3241, -0.2
3242, 0.1
3243, -0.2
3244, 0.0
3245, -0.2
3246, 0.0
3247, -0.3
3248, 0.0
3249, 0.2
3250, 0.2
3251, -0.1
3252, 0.3
3253, 0.3
3254, -0.2
3255, -0.2
3256, 0.0
3257, -0.2
3258, 0.0
3259, 0.1
3260, -0.2
3261, 0.1
3262, 0.1
3263, 0.4
3264, -0.1
3265, 0.0
3266, 0.4
3267, -0.1
3268, 0.0
3269, -0.1
3270, 0.0
3271, -0.5
3272, -0.1
3273, -0.1
3274, -0.1
3275, -0.4
3276, -0.4
3277, 0.0
3278, 0.1
3279, 0.0
3280, 0.3
3281, -0.1
3282, 0.0
3283, -0.2
3284, 0.3
3285, 0.0
3286, 0.0
3287, -0.4
3288, -0.3
3289, 0.2
3290, -0.2
3291, -0.5
3292, 0.2
3293, -0.2
3294, 0.3
3295, -0.1
3296, -0.2
3297, -0.1
3298, -0.3
3299, -0.1
3300, -0.5
3301, 0.2
3302, 0.1
3303, 0.1
3304, -0.1
3305, -0.5
3306, 0.3
3307, -0.3
3308, 0.4
3309, 0.3
3310, -0.2
3311, 0.1
3312, 0.2
3313, 0.2
3314, 0.0
3315, 0.0
3316, 0.0
3317, 0.1
3318, 0.0
3319, 0.1
3320, -0.1
3321, 0.0
3322, -0.1
3323, 0.0
3324, 0.3
3325, -0.3
3326, 0.0
3327, -0.2
3328, 0.0
3329, 0.1
3330, 0.2
3331, 0.0
3332, 0.0
3333, 0.0
3334, 0.0
3335, 0.0
3336, 0.3
3337, 0.3
3338, -0.3
3339, 0.2
3340, -0.3
3341, 0.1
3342, -0.1
3343, -0.4
3344, 0.0
3345, 0.0
3346, 0.2
3347, -0.1
3348, -0.4
3349, -0.2
3350, 0.0
3351, -0.2
3352, -0.4
3353, -0.1
3354, 0.0
3355, -0.3
3356, 0.0
3357, 0.0
3358, -0.1
3359, 0.0
3360, -0.3
3361, -0.2
3362, 0.2
3363, -0.1
3364, 0.1
3365, 0.1
3366, 0.3
3367, 0.1
3368, 0.2
3369, 0.0
3370, 0.2
3371, 0.0
3372, 0.3
3373, 0.3
3374, -0.2
3375, 0.2
3376, 0.3
3377, 0.0
3378, -0.1
3379, -0.4
3380, -0.6
3381, 0.1
3382, -0.1
3383, -0.3
3384, 0.1
3385, 0.1
3386, 0.0
3387, -0.2
3388, 0.2
3389, -0.1
3390, -0.1
3391, 0.1
3392, 0.2
3393, -0.1
3394, 0.0
3395, 0.1
3396, 0.1
3397, -0.1
3398, 0.2
3399, -0.1
3400, -0.2
3401, -0.1
3402, -0.3
3403, 0.1
3404, 0.0
3405, -0.4
3406, 0.0
3407, 0.1
3408, 0.2
3409, -0.1
3410, 0.0
3411, 0.3
3412, 0.2
3413, -0.3
3414, -0.3
3415, 0.2
3416, 0.3
3417, 0.2
3418, 0.0
3419, 0.2
3420, -0.3
3421, 0.1
3422, 0.0
3423, 0.1
3424, -0.1
3425, -0.1
3426, -0.5
3427, -0.2
3428, 0.2
3429, -0.3
3430, 0.1
3431, 0.3
3432, -0.2
3433, -0.1
3434, -0.2
3435, 0.0
3436, 0.0
3437, 0.0
3438, -0.3
3439, 0.0
3440, -0.1
3441, 0.1
3442, 0.0
3443, -0.4
3444, 0.0
3445, -0.6
3446, -0.2
3447, 0.1
3448, 0.4
3449, 0.3
3450, -0.1
3451, 0.2
3452, -0.1
3453, -0.1
3454, 0.0
3455, 0.0
3456, 0.1
3457, 0.1
3458, 0.2
3459, 0.4
3460, -0.4
3461, -0.1
3462, -0.3
3463, -0.1
3464, 0.2
3465, 0.1
3466, 0.1
3467, 0.3
3468, -0.3
3469, 0.0
3470, 0.1
3471, -0.1
3472, 0.1
3473, 0.0
3474, -0.1
3475, -0.4
3476, -0.3
3477, 0.0
3478, -0.3
3479, 0.3
3480, 0.3
3481, 0.3
3482, -0.1
3483, 0.1
3484, 0.2
3485, 0.0
3486, 0.0
3487, 0.0
3488, -0.2
3489, 0.1
3490, -0.3
3491, 0.1
3492, -0.3
3493, 0.2
3494, 0.5
3495, 0.1
3496, 0.2
3497, -0.2
3498, -0.1
3499, -0.2
3500, 0.4
3501, 0.2
3502, 0.0
3503, 0.4
3504, 0.0
3505, 0.0
3506, 0.2
3507, 0.1
3508, 0.2
3509, 0.1
3510, -0.3
3511, -0.1
3512, -0.4
3513, 0.2
3514, 0.2
3515, 0.1
3516, -0.3
3517, 0.0
3518, -0.4
3519, -0.3
3520, 0.4
3521, -0.1
3522, 0.0
3523, 0.3
3524, -0.3
3525, -0.3
3526, 0.2
3527, -0.3
3528, 0.3
3529, 0.1
3530, 0.0
3531, -0.1
3532, 0.0
3533, -0.4
3534, -0.2
3535, 0.1
3536, 0.1
3537, 0.3
3538, -0.2
3539, 0.0
3540, 0.2
3541, 0.1
3542, 0.4
3543, 0.2
3544, -0.2
3545, -0.2
3546, -0.2
3547, 0.0
3548, -0.1
3549, 0.0
3550, -0.1
3551, 0.1
3552, 0.3
3553, 0.2
3554, 0.2
3555, -0.5
3556, -0.3
3557, 0.2
3558, 0.3
3559, 0.0
3560, -0.1
3561, 0.1
3562, 0.3
3563, 0.3
3564, 0.3
3565, 0.2
3566, -0.1
3567, 0.0
3568, 0.2
3569, -0.1
3570, 0.2
3571, 0.2
3572, 0.2
3573, 0.1
3574, 0.1
3575, 0.0
3576, -0.3
3577, 0.0
3578, 0.4
3579, 0.0
3580, 0.1
3581, 0.1
3582, -0.1
3583, -0.2
3584, -0.1
3585, 0.0
3586, 0.1
3587, 0.3
3588, -0.4
3589, -0.2
3590, -0.1
3591, -0.1
3592, 0.4
3593, 0.3
3594, 0.3
3595, 0.2
3596, 0.1
3597, 0.1
3598, 0.0
3599, -0.2
3600, -0.1
3601, -0.1
3602, 0.0
3603, 0.0
3604, 0.2
3605, -0.1
3606, -0.1
3607, -0.1
3608, -0.3
3609, -0.1
3610, 0.3
3611, 0.0
3612, -0.3
3613, 0.4
3614, 0.0
3615, -0.4
3616, -0.4
3617, 0.3
3618, 0.2
3619, -0.2
3620, 0.1
3621, -0.3
3622, 0.2
3623, 0.4
3624, 0.2
3625, -0.1
3626, 0.1
3627, 0.0
3628, 0.1
3629, -0.4
3630, -0.2
3631, 0.0
3632, 0.0
3633, 0.0
3634, 0.1
3635, -0.1
3636, -0.1
3637, 0.2
3638, -0.2
3639, 0.3
3640, -0.2
3641, -0.2
3642, -0.5
3643, 0.1
3644, 0.0
3645, 0.1
3646, 0.2
3647, 0.1
3648, -0.2
3649, 0.4
3650, -0.1
3651, 0.1
3652, 0.3
3653, 0.2
3654, -0.1
3655, -0.1
3656, 0.0
3657, 0.4
3658, 0.1
3659, 0.2
3660, -0.2
3661, 0.1
3662, 0.2
3663, 0.3
3664, 0.1
3665, 0.1
3666, 0.2
3667, 0.0
3668, 0.1
3669, 0.2
3670, 0.2
3671, 0.1
3672, 0.2
3673, -0.3
3674, -0.2
3675, 0.0
3676, -0.4
3677, 0.0
3678, -0.1
3679, 0.0
3680, -0.3
3681, 0.4
3682, 0.1
3683, -0.1
3684, 0.1
3685, 0.2
3686, 0.1
3687, 0.1
3688, 0.3
3689, -0.1
3690, 0.2
3691, 0.1
3692, 0.0
3693, -0.1
3694, 0.0
3695, 0.2
3696, 0.0
3697, -0.1
3698, -0.2
3699, 0.3
3700, 0.0
3701, 0.0
3702, 0.2
3703, 0.2
3704, 0.0
3705, -0.2
3706, 0.3
3707, -0.1
3708, 0.0
3709, 0.0
3710, 0.2
3711, 0.1
3712, 0.5
3713, 0.1
3714, 0.1
3715, -0.1
3716, 0.0
3717, -0.1
3718, 0.3
3719, 0.0
3720, 0.2
3721, -0.2
3722, -0.5
3723, 0.0
3724, 0.1
3725, 0.0
3726, 0.0
3727, 0.0
3728, 0.1
3729, 0.4
3730, -0.2
3731, 0.1
3732, 0.1
3733, 0.2
3734, 0.2
3735, -0.4
3736, 0.0
3737, -0.4
3738, -0.2
3739, 0.1
3740, 0.2
3741, -0.1
3742, -0.2
3743, -0.2
3744, -0.2
3745, -0.3
3746, 0.4
3747, 0.1
3748, 0.1
3749, 0.0
3750, 0.0
3751, 0.0
3752, 0.3
3753, 0.1
3754, -0.3
3755, 0.1
3756, -0.2
3757, 0.3
3758, -0.5
3759, -0.2
3760, -0.2
3761, 0.0
3762, 0.1
3763, 0.3
3764, -0.1
3765, 0.0
3766, -0.2
3767, -0.1
3768, 0.3
3769, -0.2
3770, -0.1
3771, 0.2
3772, 0.1
3773, 0.1
3774, 0.0
3775, 0.4
3776, -0.2
3777, 0.4
3778, 0.3
3779, 0.3
3780, -0.3
3781, 0.1
3782, 0.0
3783, 0.4
3784, -0.3
3785, 0.1
3786, -0.1
3787, 0.2
3788, 0.1
3789, -0.1
3790, -0.4
3791, 0.1
3792, 0.2
3793, 0.0
3794, 0.4
3795, 0.2
3796, 0.2
3797, 0.3
3798, -0.4
3799, 0.1
3800, 0.2
3801, 0.2
3802, 0.1
3803, -0.4
3804, 0.3
3805, -0.1
3806, -0.3
3807, -0.1
3808, 0.3
3809, 0.4
3810, 0.2
3811, -0.4
3812, 0.2
3813, 0.1
3814, 0.2
3815, -0.1
3816, 0.3
3817, -0.2
3818, -0.1
3819, 0.3
3820, -0.3
3821, 0.0
3822, 0.1
3823, -0.1
3824, -0.3
3825, 0.1
3826, -0.1
3827, -0.1
3828, -0.1
3829, 0.0
3830, 0.0
3831, -0.1
3832, -0.2
3833, 0.2
3834, 0.1
3835, -0.5
3836, 0.0
3837, 0.2
3838, 0.3
3839, 0.1
3840, -0.1
3841, 0.2
3842, 0.0
3843, 0.2
3844, 0.0
3845, 0.3
3846, 0.3
3847, 0.1
3848, 0.2
3849, -0.2
3850, -0.2
3851, 0.3
3852, 0.2
3853, 0.2
3854, 0.0
3855, -0.2
3856, 0.3
3857, -0.2
3858, 0.1
3859, -0.1
3860, 0.0
3861, 0.2
3862, 0.0
3863, 0.2
3864, -0.1
3865, 0.1
3866, 0.1
3867, -0.1
3868, 0.3
3869, 0.0
3870, -0.1
3871, -0.3
3872, 0.1
3873, -0.1
3874, -0.5
3875, -0.1
3876, 0.0
3877, 0.0
3878, 0.1
3879, -0.1
3880, 0.3
3881, 0.1
3882, -0.2
3883, -0.2
3884, 0.2
3885, 0.0
3886, 0.1
3887, 0.2
3888, 0.4
3889, 0.1
3890, 0.2
3891, 0.2
3892, 0.1
3893, 0.2
3894, -0.1
3895, -0.4
3896, -0.2
3897, 0.2
3898, 0.4
3899, 0.0
3900, 0.2
3901, 0.0
3902, 0.1
3903, 0.0
3904, 0.0
3905, -0.1
3906, 0.1
3907, 0.3
3908, 0.5
3909, 0.1
3910, 0.0
3911, 0.1
3912, 0.2
3913, -0.1
3914, -0.1
3915, -0.2
3916, -0.2
3917, 0.3
3918, 0.3
3919, 0.2
3920, 0.1
3921, 0.2
3922, 0.2
3923, 0.1
3924, 0.4
3925, -0.4
3926, -0.2
3927, 0.4
3928, 0.0
3929, 0.2
3930, 0.1
3931, 0.0
3932, 0.2
3933, 0.3
3934, 0.2
3935, 0.0
3936, 0.1
3937, 0.0
3938, 0.1
3939, 0.1
3940, -0.2
3941, 0.2
3942, 0.0
3943, 0.2
3944, 0.1
3945, -0.1
3946, -0.1
3947, 0.2
3948, 0.2
3949, 0.2
3950, -0.3
3951, 0.2
3952, 0.0
3953, 0.5
3954, 0.1
3955, -0.1
3956, 0.0
3957, -0.2
3958, -0.1
3959, -0.1
3960, 0.3
3961, -0.4
3962, -0.2
3963, -0.1
3964, 0.1
3965, 0.1
3966, -0.3
3967, 0.1
3968, 0.2
3969, 0.1
3970, 0.0
3971, -0.1
3972, -0.1
3973, 0.1
3974, -0.2
3975, 0.0
3976, -0.1
3977, -0.6
3978, 0.3
3979, -0.1
3980, -0.3
3981, 0.4
3982, -0.1
3983, 0.0
3984, 0.3
3985, 0.1
3986, 0.1
3987, -0.2
3988, 0.3
3989, 0.0
3990, 0.3
3991, 0.0
3992, 0.0
3993, 0.1
3994, 0.4
3995, 0.4
3996, 0.2
3997, 0.3
3998, -0.3
3999, 0.2
