0, 0.2
1, 0.2
2, -0.1
3, 0.1
4, 0.2
5, 0.5
6, -0.1
7, -0.1
8, -0.1
9, 0.2
10, 0.5
11, 0.0
12, -0.2
13, 0.0
14, 0.2
15, 0.1
16, 0.4
17, -0.3
18, -0.1
19, 0.0
20, 0.1
21, -0.5
22, -0.1
23, -0.4
24, -0.3
25, 0.0
26, -0.2
27, -0.1
28, -0.1
29, 0.3
30, -0.1
31, 0.1
32, 0.3
33, 0.0
34, -0.1
35, 0.0
36, -0.3
37, -0.3
38, -0.1
39, -0.3
40, 0.1
41, -0.2
42, -0.2
43, 0.3
44, 0.1
45, -0.4
46, -0.1
47, 0.0
48, 0.0
49, -0.1
50, 0.3
51, 0.2
52, -0.1
53, 0.2
54, 0.1
55, 0.5
56, -0.2
57, 0.2
58, 0.0
59, 0.1
60, -0.2
61, 0.0
62, -0.2
63, -0.1
64, 0.1
65, 0.3
66, 0.1
67, 0.2
68, 0.0
69, 0.0
70, -0.3
71, 0.1
72, 0.2
73, 0.2
74, 0.0
75, 0.0
76, 0.1
77, 0.1
78, -0.3
79, 0.1
80, -0.2
81, -0.2
82, 0.5
83, 0.4
84, -0.2
85, -0.5
86, -0.1
87, -0.2
88, 0.0
89, 0.0
90, 0.0
91, -0.3
92, 0.3
93, 0.3
94, 0.1
95, -0.2
96, 0.1
97, 0.6
98, -0.4
99, -0.3
100, -0.2
101, -0.1
102, 0.1
103, -0.4
104, -0.2
105, 0.2
106, -0.2
107, 0.3
108, 0.2
109, 0.1
110, 0.1
111, 0.2
112, 0.0
113, -0.2
114, -0.1
115, -0.1
116, 0.4
117, -0.1
118, -0.1
119, 0.4
120, 0.2
121, -0.4
122, 0.2
123, -0.1
124, 0.3
125, -0.1
126, -0.1
127, -0.4
128, 0.3
129, 0.2
130, 0.3
131, 0.0
132, -0.1
133, -0.1
134, -0.2
135, -0.1
136, 0.5
137, 0.2
138, 0.2
139, 0.0
140, 0.5
141, 0.1
142, -0.4
143, 0.1
144, -0.2
145, 0.1
146, 0.1
147, 0.3
148, 0.0
149, 0.0
150, -0.2
151, -0.2
152, 0.1
153, -0.3
154, 0.2
155, -0.1
156, 0.1
157, 0.2
158, -0.1
159, 0.3
160, -0.4
161, 0.2
162, 0.1
163, 0.2
164, 0.0
165, -0.2
166, -0.2
167, -0.1
168, 0.4
169, -0.3
170, 0.1
171, -0.1
172, -0.7
173, 0.3
174, 0.1
175, 0.3
176, -0.1
177, -0.1
178, 0.2
179, 0.2
180, -0.1
181, 0.0
182, 0.2
183, 0.4
184, -0.1
185, 0.2
186, 0.3
187, 0.1
188, 0.1
189, 0.0
190, -0.2
191, 0.5
192, 0.1
193, -0.4
194, 0.2
195, -0.5
196, 0.3
197, 0.4
198, 0.0
199, 0.1
200, 0.2
201, 0.3
202, 0.4
203, 0.2
204, 0.2
205, 0.0
206, -0.5
207, 0.1
208, -0.1
209, 0.1
210, 0.1
211, 0.3
212, -0.3
213, -0.1
214, 0.1
215, -0.4
216, 0.3
217, -0.4
218, -0.1
219, 0.0
220, 0.2
221, 0.0
222, 0.1
223, 0.0
224, 0.1
225, 0.4
226, 0.2
227, -0.2
228, 0.1
229, 0.3
230, 0.0
231, 0.3
232, -0.1
233, -0.1
234, 0.3
235, 0.3
236, 0.3
237, 0.2
238, -0.4
239, 0.1
240, 0.1
241, -0.2
242, 0.3
243, 0.0
244, 0.1
245, 0.5
246, 0.1
247, 0.5
248, -0.2
249, -0.3
250, 0.1
251, 0.2
252, -0.1
253, 0.0
254, -0.2
255, 0.0
256, -0.3
257, 0.2
258, 0.2
259, 0.0
260, 0.1
261, -0.3
262, 0.0
263, -0.2
264, 0.1
265, 0.2
266, 0.0
267, -0.3
268, -0.2
269, 0.0
270, -0.5
271, 0.0
272, 0.2
273, 0.4
274, 0.2
275, -0.4
276, 0.1
277, 0.3
278, -0.5
279, 0.0
280, 0.2
281, 0.0
282, 0.2
283, 0.1
284, 0.2
285, 0.3
286, 0.2
287, 0.0
288, 0.4
289, 0.2
290, -0.1
291, 0.1
292, 0.0
293, -0.2
294, -0.3
295, -0.4
296, -0.2
297, 0.2
298, -0.1
299, 0.0
300, -0.1
301, 0.1
302, -0.2
303, 0.0
304, -0.1
305, -0.4
306, -0.2
307, 0.0
308, -0.4
309, 0.3
310, 0.0
311, 0.2
312, 0.0
313, 0.0
314, -0.1
315, -0.1
316, 0.0
317, -0.1
318, 0.2
319, 0.0
320, 0.3
321, -0.3
322, -0.3
323, 0.2
324, 0.3
325, 0.1
326, -0.1
327, 0.0
328, -0.4
329, -0.2
330, 0.0
331, -0.1
332, -0.2
333, -0.2
334, 0.1
335, 0.3
336, -0.3
337, -0.1
338, 0.1
339, -0.2
340, -0.1
341, -0.3
342, 0.4
343, 0.1
344, -0.1
345, 0.4
346, -0.4
347, -0.3
348, -0.1
349, 0.1
350, 0.2
351, 0.2
352, 0.3
353, -0.3
354, 0.4
355, 0.3
356, 0.1
357, -0.1
358, 0.2
359, 0.2
360, -0.1
361, -0.1
362, -0.2
363, 0.0
364, 0.0
365, -0.2
366, 0.1
367, -0.2
368, 0.0
369, -0.1
370, -0.7
371, 0.4
372, 0.4
373, 0.2
374, -0.2
375, -0.1
376, 0.3
377, 0.2
378, 0.0
379, 0.0
380, -0.1
381, -0.2
382, -0.1
383, -0.3
384, 0.1
385, -0.1
386, 0.2
387, -0.2
388, -0.1
389, 0.4
390, 0.3
391, 0.5
392, 0.1
393, -0.3
394, 0.0
395, -0.1
396, 0.3
397, 0.0
398, 0.1
399, -0.1
400, 0.2
401, -0.2
402, -0.4
403, 0.3
404, 0.0
405, -0.2
406, -0.2
407, 0.1
408, 0.1
409, 0.1
410, 0.0
411, 0.1
412, -0.3
413, 0.2
414, 0.0
415, 0.0
416, 0.1
417, 0.3
418, 0.1
419, -0.1
420, -0.4
421, 0.0
422, -0.1
423, 0.2
424, -0.2
425, -0.3
426, -0.2
427, -0.1
428, 0.2
429, 0.1
430, -0.1
431, 0.2
432, 0.2
433, -0.1
434, 0.1
435, 0.3
436, 0.0
437, 0.0
438, -0.3
439, 0.3
440, 0.0
441, 0.4
442, 0.1
443, -0.3
444, 0.1
445, 0.3
446, 0.2
447, -0.1
448, -0.2
449, -0.1
450, 0.0
451, -0.1
452, 0.0
453, 0.1
454, -0.1
455, 0.0
456, 0.1
457, 0.1
458, -0.3
459, 0.2
460, 0.1
461, 0.0
462, -0.1
463, 0.0
464, 0.1
465, 0.2
466, 0.2
467, -0.1
468, -0.1
469, 0.5
470, -0.3
471, 0.2
472, 0.0
473, 0.1
474, 0.3
475, 0.2
476, 0.3
477, -0.1
478, 0.3
479, 0.1
480, 0.1
481, -0.3
482, 0.3
483, 0.1
484, -0.2
485, 0.0
486, 0.0
487, 0.1
488, -0.1
489, -0.7
490, 0.3
491, 0.1
492, 0.3
493, -0.2
494, 0.2
495, 0.2
496, -0.3
497, -0.3
498, 0.2
499, 0.0
500, 0.0
501, -0.1
502, 0.2
503, 0.2
504, 0.1
505, 0.2
506, 0.2
507, 0.2
508, -0.1
509, 0.4
510, -0.2
511, 0.0
512, 0.3
513, 0.3
514, 0.0
515, 0.1
516, -0.1
517, -0.4
518, 0.2
519, 0.0
520, 0.0
521, -0.2
522, 0.2
523, 0.2
524, -0.2
525, 0.3
526, -0.1
527, -0.1
528, 0.1
529, 0.3
530, 0.1
531, -0.4
532, 0.1
533, 0.2
534, -0.3
535, 0.3
536, 0.0
537, 0.0
538, -0.3
539, -0.1
540, 0.2
541, 0.1
542, -0.4
543, 0.3
544, -0.2
545, 0.0
546, -0.1
547, -0.2
548, 0.1
549, -0.3
550, 0.2
551, 0.2
552, -0.2
553, 0.0
554, 0.2
555, -0.3
556, -0.3
557, 0.2
558, 0.4
559, 0.1
560, -0.1
561, -0.4
562, -0.1
563, -0.1
564, 0.2
565, -0.2
566, 0.0
567, 0.4
568, 0.1
569, 0.3
570, -0.4
571, 0.1
572, -0.5
573, -0.2
574, -0.2
575, -0.2
576, 0.1
577, -0.5
578, 0.2
579, 0.0
580, 0.1
581, 0.1
582, 0.2
583, 0.4
584, 0.1
585, 0.1
586, 0.2
587, -0.3
588, 0.1
589, 0.0
590, -0.1
591, -0.3
592, -0.5
593, 0.1
594, 0.3
595, 0.1
596, -0.2
597, 0.1
598, 0.4
599, 0.1
600, -0.1
601, -0.2
602, -0.3
603, 0.1
604, -0.2
605, 0.1
606, -0.2
607, -0.3
608, -0.4
609, 0.1
610, 0.0
611, 0.0
612, 0.4
613, 0.4
614, -0.1
615, -0.2
616, 0.3
617, -0.2
618, -0.1
619, -0.4
620, -0.1
621, -0.1
622, -0.1
623, -0.2
624, -0.2
625, 0.1
626, 0.2
627, -0.4
628, -0.1
629, 0.1
630, 0.0
631, 0.0
632, 0.1
633, 0.1
634, -0.2
635, -0.4
636, 0.0
637, 0.1
638, 0.2
639, 0.1
640, 0.0
641, -0.1
642, 0.0
643, -0.1
644, 0.3
645, 0.2
646, -0.1
647, -0.2
648, 0.1
649, 0.1
650, -0.2
651, -0.2
652, 0.1
653, -0.5
654, -0.1
655, -0.3
656, -0.2
657, 0.0
658, -0.1
659, -0.1
660, 0.2
661, 0.2
662, 0.5
663, 0.1
664, 0.0
665, -0.3
666, -0.2
667, -0.1
668, 0.0
669, 0.5
670, -0.3
671, -0.5
672, -0.1
673, 0.0
674, -0.3
675, -0.1
676, 0.1
677, 0.2
678, -0.2
679, 0.1
680, 0.4
681, 0.1
682, 0.0
683, 0.1
684, 0.3
685, -0.3
686, 0.3
687, -0.4
688, 0.0
689, 0.0
690, 0.0
691, 0.0
692, 0.4
693, 0.3
694, 0.0
695, 0.2
696, 0.3
697, -0.4
698, -0.1
699, 0.0
700, -0.1
701, 0.2
702, 0.2
703, -0.3
704, 0.1
705, -0.4
706, 0.3
707, 0.0
708, -0.1
709, -0.1
710, 0.2
711, -0.1
712, 0.2
713, 0.1
714, 0.2
715, 0.0
716, 0.0
717, 0.2
718, 0.1
719, 0.1
720, 0.2
721, -0.3
722, -0.1
723, 0.2
724, -0.5
725, -0.6
726, 0.1
727, -0.2
728, 0.0
729, 0.1
730, 0.2
731, 0.3
732, 0.4
733, 0.0
734, 0.4
735, -0.1
736, 0.3
737, 0.2
738, 0.3
739, -0.1
740, 0.1
741, 0.3
742, -0.1
743, -0.5
744, -0.1
745, 0.2
746, 0.0
747, 0.3
748, -0.1
749, -0.4
750, -0.4
751, 0.3
752, 0.4
753, 0.0
754, 0.2
755, 0.4
756, 0.2
757, -0.1
758, 0.0
759, 0.0
760, -0.1
761, 0.1
762, 0.0
763, 0.1
764, 0.2
765, -0.4
766, 0.0
767, -0.8
768, 0.0
769, 0.4
770, -0.1
771, 0.4
772, 0.4
773, 0.1
774, 0.3
775, -0.2
776, 0.0
777, 0.1
778, -0.2
779, 0.1
780, 0.1
781, 0.2
782, -0.1
783, 0.2
784, 0.0
785, 0.3
786, 0.3
787, 0.4
788, 0.0
789, 0.0
790, 0.2
791, -0.1
792, 0.0
793, 0.1
794, 0.1
795, 0.0
796, -0.1
797, 0.1
798, -0.7
799, 0.1
800, -0.3
801, 0.1
802, 0.2
803, -0.3
804, 0.1
805, 0.1
806, 0.1
807, -0.1
808, 0.0
809, 0.0
810, -0.1
811, 0.0
812, 0.2
813, -0.4
814, 0.1
815, -0.7
816, 0.2
817, 0.1
818, -0.2
819, 0.4
820, -0.2
821, -0.2
822, 0.2
823, -0.1
824, 0.2
825, 0.0
826, -0.7
827, -0.1
828, -0.1
829, 0.0
830, 0.0
831, 0.2
832, 0.4
833, -0.2
834, 0.3
835, 0.0
836, -0.1
837, -0.1
838, -0.4
839, 0.4
840, -0.2
841, 0.2
842, -0.6
843, -0.1
844, -0.1
845, -0.2
846, -0.5
847, 0.1
848, -0.1
849, 0.2
850, -0.1
851, 0.1
852, -0.1
853, 0.2
854, 0.3
855, -0.3
856, -0.2
857, -0.2
858, -0.3
859, -0.1
860, -0.5
861, 0.5
862, -0.2
863, 0.0
864, -0.3
865, 0.2
866, -0.2
867, -0.2
868, -0.4
869, 0.2
870, 0.4
871, 0.1
872, -0.1
873, 0.0
874, -0.3
875, -0.1
876, -0.1
877, 0.1
878, 0.4
879, -0.1
880, 0.0
881, 0.2
882, 0.4
883, 0.0
884, -0.2
885, -0.4
886, 0.0
887, -0.2
888, -0.1
889, -0.2
890, -0.1
891, 0.3
892, 0.3
893, 0.0
894, 0.2
895, -0.3
896, 0.3
897, 0.0
898, 0.0
899, 0.2
900, -0.2
901, -0.1
902, 0.2
903, -0.1
904, 0.3
905, 0.0
906, -0.2
907, 0.2
908, 0.3
909, 0.3
910, 0.4
911, -0.4
912, -0.1
913, 0.3
914, -0.1
915, 0.1
916, -0.1
917, 0.1
918, 0.1
919, 0.2
920, 0.2
921, 0.3
922, 0.4
923, 0.3
924, -0.2
925, -0.1
926, -0.2
927, -0.2
928, 0.1
929, -0.3
930, 0.0
931, -0.1
932, 0.4
933, -0.4
934, 0.2
935, 0.0
936, 0.2
937, -0.2
938, 0.4
939, 0.1
940, 0.0
941, 0.0
942, 0.2
943, -0.1
944, 0.2
945, 0.0
946, 0.1
947, 0.5
948, 0.0
949, 0.0
950, 0.0
951, 0.1
952, -0.1
953, 0.3
954, 0.1
955, -0.3
956, 0.1
957, -0.1
958, 0.1
959, 0.1
960, 0.0
961, -0.1
962, -0.3
963, -0.1
964, 0.0
965, 0.0
966, 0.4
967, -0.6
968, 0.3
969, -0.1
970, -0.2
971, 0.0
972, -0.1
973, 0.1
974, 0.2
975, 0.0
976, 0.2
977, 0.2
978, 0.0
979, -0.2
980, -0.2
981, 0.0
982, 0.0
983, 0.0
984, -0.1
985, -0.1
986, -0.3
987, 0.1
988, -0.1
989, 0.1
990, 0.2
991, -0.3
992, 0.1
993, -0.1
994, -0.2
995, 0.0
996, 0.0
997, -0.1
998, -0.5
999, 0.1
1000, -0.1
1001, -0.1
1002, -0.1
1003, 0.1
1004, 0.2
1005, 0.3
1006, 0.2
1007, -0.1
1008, -0.1
1009, -0.3
1010, 0.0
1011, 0.5
1012, 0.2
1013, 0.1
1014, -0.1
1015, -0.1
1016, -0.3
1017, 0.0
1018, -0.1
1019, 0.2
1020, -0.2
1021, 0.1
1022, 0.3
1023, 0.0
1024, 0.1
1025, 0.3
1026, -0.1
1027, -0.3
1028, 0.1
1029, 0.1
1030, 0.1
1031, -0.2
1032, -0.1
1033, 0.3
1034, 0.2
1035, -0.1
1036, 0.4
1037, 0.1
1038, 0.3
1039, 0.1
1040, -0.3
1041, 0.1
1042, -0.4
1043, 0.3
1044, -0.1
1045, -0.2
1046, 0.0
1047, -0.2
1048, 0.1
1049, 0.1
1050, -0.1
1051, -0.1
1052, -0.1
1053, -0.1
1054, -0.2
1055, 0.1
1056, -0.1
1057, -0.2
1058, 0.2
1059, -0.4
1060, 0.2
1061, -0.3
1062, -0.2
1063, 0.0
1064, -0.1
1065, 0.0
1066, 0.0
1067, 0.0
1068, 0.5
1069, 0.1
1070, -0.2
1071, 0.0
1072, -0.3
1073, 0.1
1074, -0.2
1075, 0.3
1076, 0.0
1077, 0.1
1078, -0.2
1079, 0.1
1080, -0.1
1081, 0.0
1082, -0.1
1083, 0.1
1084, -0.1
1085, 0.0
1086, 0.2
1087, 0.0
1088, 0.2
1089, -0.3
1090, -0.5
1091, 0.0
1092, 0.1
1093, 0.3
1094, -0.1
1095, 0.0
1096, 0.1
1097, -0.5
1098, -0.1
1099, -0.3
1100, 0.3
1101, 0.3
1102, -0.3
1103, 0.1
1104, 0.0
1105, -0.7
1106, 0.1
1107, -0.2
1108, -0.3
1109, 0.1
1110, 0.2
1111, -0.4
1112, 0.1
1113, 0.0
1114, 0.1
1115, -0.1
1116, 0.4
1117, -0.2
1118, -0.2
1119, -0.2
1120, 0.0
1121, -0.2
1122, 0.2
1123, 0.1
1124, 0.2
1125, 0.1
1126, 0.3
1127, 0.3
1128, 0.1
1129, -0.2
1130, 0.1
1131, -0.1
1132, 0.0
1133, -0.1
1134, 0.3
1135, 0.4
1136, 0.4
1137, -0.1
1138, 0.0
1139, 0.1
1140, 0.1
1141, 0.0
1142, 0.3
1143, 0.1
1144, 0.0
1145, 0.4
1146, 0.1
1147, 0.1
1148, 0.3
1149, 0.1
1150, 0.1
1151, 0.0
1152, 0.3
1153, 0.1
1154, 0.1
1155, -0.1
1156, 0.0
1157, 0.3
1158, -0.3
1159, -0.1
1160, -0.2
1161, -0.2
1162, 0.3
1163, 0.2
1164, 0.1
1165, 0.1
1166, -0.2
1167, 0.0
1168, 0.2
1169, -0.2
1170, -0.2
1171, 0.4
1172, 0.1
1173, -0.2
1174, 0.1
1175, -0.1
1176, 0.0
1177, 0.1
1178, -0.3
1179, 0.0
1180, 0.3
1181, 0.2
1182, 0.3
1183, 0.1
1184, 0.0
1185, -0.2
1186, -0.2
1187, -0.2
1188, -0.1
1189, 0.1
1190, 0.1
1191, -0.3
1192, 0.2
1193, -0.2
1194, 0.3
1195, 0.1
1196, -0.1
1197, 0.2
1198, -0.2
1199, 0.3
1200, 0.0
1201, 0.1
1202, 0.0
1203, 0.2
1204, 0.1
1205, -0.3
1206, -0.6
1207, -0.3
1208, 0.3
1209, 0.4
1210, -0.1
1211, 0.3
1212, 0.1
1213, 0.4
1214, 0.2
1215, -0.2
1216, -0.3
1217, 0.3
1218, -0.3
1219, -0.2
1220, 0.2
1221, 0.3
1222, 0.1
1223, 0.0
1224, 0.1
1225, -0.1
1226, 0.0
1227, 0.2
1228, 0.3
1229, 0.0
1230, -0.3
1231, -0.1
1232, -0.4
1233, -0.1
1234, -0.1
1235, 0.1
1236, -0.1
1237, 0.2
1238, 0.1
1239, -0.4
1240, 0.3
1241, -0.1
1242, -0.2
1243, -0.2
1244, 0.0
1245, 0.3
1246, 0.1
1247, 0.1
1248, -0.3
1249, -0.2
1250, -0.2
1251, 0.4
1252, 0.1
1253, 0.2
1254, -0.1
1255, 0.2
1256, 0.2
1257, -0.1
1258, -0.3
1259, 0.0
1260, -0.4
1261, 0.2
1262, -0.1
1263, 0.3
1264, -0.1
1265, 0.1
1266, -0.3
1267, 0.3
1268, -0.1
1269, 0.2
1270, 0.5
1271, 0.1
1272, -0.2
1273, -0.2
1274, 0.0
1275, -0.4
1276, 0.1
1277, -0.1
1278, 0.0
1279, 0.1
1280, -0.1
1281, 0.0
1282, 0.0
1283, -0.1
1284, -0.2
1285, -0.1
1286, -0.1
1287, 0.4
1288, 0.2
1289, 0.3
1290, 0.0
1291, -0.3
1292, 0.3
1293, -0.1
1294, 0.0
1295, -0.4
1296, 0.2
1297, 0.1
1298, -0.6
1299, 0.0
1300, 0.0
1301, 0.3
1302, -0.2
1303, -0.5
1304, 0.2
1305, -0.2
1306, 0.2
1307, 0.2
1308, -0.1
1309, 0.0
1310, 0.0
1311, 0.4
1312, -0.1
1313, 0.3
1314, -0.2
1315, 0.0
1316, 0.3
1317, 0.5
1318, 0.1
1319, 0.1
1320, 0.3
1321, -0.2
1322, -0.6
1323, -0.2
1324, -0.2
1325, 0.2
1326, 0.0
1327, -0.4
1328, -0.1
1329, 0.3
1330, 0.0
1331, 0.0
1332, 0.2
1333, -0.2
1334, -0.2
1335, 0.1
1336, -0.2
1337, -0.1
1338, -0.3
1339, 0.0
1340, 0.3
1341, -0.3
1342, 0.0
1343, -0.3
1344, 0.0
1345, 0.3
1346, 0.0
1347, 0.1
1348, 0.0
1349, 0.3
1350, -0.4
1351, 0.0
1352, -0.1
1353, 0.0
1354, -0.3
1355, 0.1
1356, -0.5
1357, -0.2
1358, -0.1
1359, -0.5
1360, 0.0
1361, 0.3
1362, -0.3
1363, -0.1
1364, -0.2
1365, 0.1
1366, 0.0
1367, -0.1
1368, 0.0
1369, 0.0
1370, 0.1
1371, 0.1
1372, -0.2
1373, -0.3
1374, 0.0
1375, -0.2
1376, -0.2
1377, 0.1
1378, -0.1
1379, -0.2
1380, -0.3
1381, -0.1
1382, 0.1
1383, 0.1
1384, 0.5
1385, 0.1
1386, 0.5
1387, 0.0
1388, 0.0
1389, -0.1
1390, -0.1
1391, -0.4
1392, 0.1
1393, -0.2
1394, 0.1
1395, 0.3
1396, 0.0
1397, 0.0
1398, 0.4
1399, 0.0
1400, 0.0
1401, 0.1
1402, 0.0
1403, 0.1
1404, 0.4
1405, -0.2
1406, 0.4
1407, 0.1
1408, 0.2
1409, -0.2
1410, 0.0
1411, -0.1
1412, -0.6
1413, 0.1
1414, 0.0
1415, -0.1
1416, 0.2
1417, 0.0
1418, 0.1
1419, 0.0
1420, 0.5
1421, 0.1
1422, -0.2
1423, -0.1
1424, 0.2
1425, -0.2
1426, 0.4
1427, -0.4
1428, 0.2
1429, 0.1
1430, -0.2
1431, 0.0
1432, 0.1
1433, -0.1
1434, -0.2
1435, -0.1
1436, 0.1
1437, -0.1
1438, 0.0
1439, -0.3
1440, -0.2
1441, 0.3
1442, 0.1
1443, 0.2
1444, -0.2
1445, -0.1
1446, 0.2
1447, 0.3
1448, 0.1
1449, 0.2
1450, -0.1
1451, -0.1
1452, 0.3
1453, 0.2
1454, 0.2
1455, -0.2
1456, 0.1
1457, 0.0
1458, 0.0
1459, 0.3
1460, -0.1
1461, 0.0
1462, -0.2
1463, -0.5
1464, -0.1
1465, 0.0
1466, -0.5
1467, 0.1
1468, 0.2
1469, 0.1
1470, 0.0
1471, -0.2
1472, -0.3
1473, -0.3
1474, 0.1
1475, 0.5
1476, -0.1
1477, -0.2
1478, 0.3
1479, -0.1
1480, 0.1
1481, 0.1
1482, -0.1
1483, -0.1
1484, -0.3
1485, 0.0
1486, 0.0
1487, 0.1
1488, 0.0
1489, -0.3
1490, 0.0
1491, 0.2
1492, -0.2
1493, -0.1
1494, -0.1
1495, 0.3
1496, 0.1
1497, 0.0
1498, 0.2
1499, 0.3
1500, 0.0
1501, -0.3
1502, 0.0
1503, -0.1
1504, -0.2
1505, -0.1
1506, 0.3
1507, 0.2
1508, 0.0
1509, -0.2
1510, -0.4
1511, 0.0
1512, 0.0
1513, -0.3
1514, -0.1
1515, 0.4
1516, -0.1
1517, 0.3
1518, 0.2
1519, 0.2
1520, 0.2
1521, -0.5
1522, 0.3
1523, -0.2
1524, 0.1
1525, -0.2
1526, -0.1
1527, -0.2
1528, -0.1
1529, 0.1
1530, 0.1
1531, -0.2
1532, -0.3
1533, 0.0
1534, -0.2
1535, 0.4
1536, -0.1
1537, -0.2
1538, 0.1
1539, 0.1
1540, -0.3
1541, -0.1
1542, -0.2
1543, 0.2
1544, -0.2
1545, -0.1
1546, -0.2
1547, 0.1
1548, -0.1
1549, -0.3
1550, -0.3
1551, 0.1
1552, 0.4
1553, -0.1
1554, -0.2
1555, 0.1
1556, 0.1
1557, 0.3
1558, 0.3
1559, -0.4
1560, 0.1
1561, 0.0
1562, 0.4
1563, 0.0
1564, 0.3
1565, -0.4
1566, 0.0
1567, -0.6
1568, -0.2
1569, -0.1
1570, 0.2
1571, 0.0
1572, -0.3
1573, 0.1
1574, 0.0
1575, 0.1
1576, 0.0
1577, 0.3
1578, 0.4
1579, 0.0
1580, 0.0
1581, 0.0
1582, 0.3
1583, -0.1
1584, -0.2
1585, 0.0
1586, 0.2
1587, 0.4
1588, -0.2
1589, 0.1
1590, 0.4
1591, 0.0
1592, 0.1
1593, 0.1
1594, 0.3
1595, 0.4
1596, -0.3
1597, -0.1
1598, -0.1
1599, 0.0
1600, -0.1
1601, -0.2
1602, -0.4
1603, 0.3
1604, -0.1
1605, 0.1
1606, -0.3
1607, -0.1
1608, -0.4
1609, 0.3
1610, 0.4
1611, 0.2
1612, 0.1
1613, 0.3
1614, -0.3
1615, -0.1
1616, 0.1
1617, 0.1
1618, 0.3
1619, 0.1
1620, -0.1
1621, -0.1
1622, -0.2
1623, 0.1
1624, 0.2
1625, -0.4
1626, -0.1
1627, 0.3
1628, 0.0
1629, -0.2
1630, -0.2
1631, 0.1
1632, 0.0
1633, 0.2
1634, 0.2
1635, 0.1
1636, 0.0
1637, 0.3
1638, 0.3
1639, -0.2
1640, 0.2
1641, 0.1
1642, -0.2
1643, 0.1
1644, 0.1
1645, 0.2
1646, 0.1
1647, 0.0
1648, -0.1
1649, 0.1
1650, -0.2
1651, -0.1
1652, -0.3
1653, 0.2
1654, -0.1
1655, 0.2
1656, 0.1
1657, -0.3
1658, -0.3
1659, -0.1
1660, 0.0
1661, 0.3
1662, 0.0
1663, 0.1
1664, -0.2
1665, 0.2
1666, -0.2
1667, -0.2
1668, -0.3
1669, 0.3
1670, 0.0
1671, 0.4
1672, -0.3
1673, 0.3
1674, 0.0
1675, 0.4
1676, 0.0
1677, -0.2
1678, 0.2
1679, 0.2
1680, -0.1
1681, 0.2
1682, 0.1
1683, 0.3
1684, 0.3
1685, -0.2
1686, 0.1
1687, -0.2
1688, -0.5
1689, 0.0
1690, 0.3
1691, 0.3
1692, 0.0
1693, 0.3
1694, 0.3
1695, 0.0
1696, -0.1
1697, -0.1
1698, -0.1
1699, -0.3
1700, -0.1
1701, -0.1
1702, 0.1
1703, -0.2
1704, 0.5
1705, -0.4
1706, 0.0
1707, 0.1
1708, 0.0
1709, 0.0
1710, 0.1
1711, -0.3
1712, 0.0
1713, -0.2
1714, -0.4
1715, 0.0
1716, -0.1
1717, -0.5
1718, -0.1
1719, 0.2
1720, 0.3
1721, 0.2
1722, -0.2
1723, -0.2
1724, 0.0
1725, 0.3
1726, -0.2
1727, 0.0
1728, 0.0
1729, 0.0
1730, 0.0
1731, -0.3
1732, 0.2
1733, 0.0
1734, -0.2
1735, -0.4
1736, 0.1
1737, 0.4
1738, 0.0
1739, -0.3
1740, 0.0
1741, -0.1
1742, 0.0
1743, -0.4
1744, -0.4
1745, 0.1
1746, 0.1
1747, 0.1
1748, 0.5
1749, 0.2
1750, 0.5
1751, 0.3
1752, -0.1
1753, -0.2
1754, 0.1
1755, 0.0
1756, -0.1
1757, 0.0
1758, 0.2
1759, -0.2
1760, 0.4
1761, 0.0
1762, -0.1
1763, -0.4
1764, 0.3
1765, -0.6
1766, 0.4
1767, -0.5
1768, 0.1
1769, -0.4
1770, 0.2
1771, -0.1
1772, 0.0
1773, 0.0
1774, 0.1
1775, 0.1
1776, 0.4
1777, -0.3
1778, 0.1
1779, 0.1
1780, 0.1
1781, 0.3
1782, -0.1
1783, 0.2
1784, 0.2
1785, 0.1
1786, 0.2
1787, 0.0
1788, -0.3
1789, 0.0
1790, 0.2
1791, -0.3
1792, 0.2
1793, -0.2
1794, -0.2
1795, -0.1
1796, -0.1
1797, -0.1
1798, 0.0
1799, 0.0
1800, 0.1
1801, 0.0
1802, -0.1
1803, -0.3
1804, 0.0
1805, -0.1
1806, 0.3
1807, 0.3
1808, -0.2
1809, -0.1
1810, 0.1
1811, 0.4
1812, -0.3
1813, 0.2
1814, 0.0
1815, 0.3
1816, 0.1
1817, -0.1
1818, -0.1
1819, 0.2
1820, -0.2
1821, 0.0
1822, 0.0
1823, 0.2
1824, 0.0
1825, -0.1
1826, -0.2
1827, 0.0
1828, 0.1
1829, -0.2
1830, 0.1
1831, 0.1
1832, 0.2
1833, -0.4
1834, -0.1
1835, -0.1
1836, -0.2
1837, -0.2
1838, 0.1
1839, 0.2
1840, 0.4
1841, 0.1
1842, 0.3
1843, 0.0
1844, 0.3
1845, 0.2
1846, -0.2
1847, 0.0
1848, 0.2
1849, 0.1
1850, 0.1
1851, -0.2
1852, 0.2
1853, -0.4
1854, 0.1
1855, 0.1
1856, -0.5
1857, 0.2
1858, -0.1
1859, 0.3
1860, 0.3
1861, 0.2
1862, -0.2
1863, 0.1
1864, -0.1
1865, 0.1
1866, 0.2
1867, 0.2
1868, -0.2
1869, -0.1
1870, -0.1
1871, 0.3
1872, 0.0
1873, -0.3
1874, 0.2
1875, 0.1
1876, 0.5
1877, 0.0
1878, 0.0
1879, -0.3
1880, 0.2
1881, 0.5
1882, -0.5
1883, 0.3
1884, -0.1
1885, 0.3
1886, -0.2
1887, -0.5
1888, 0.2
1889, -0.1
1890, 0.1
1891, -0.2
1892, 0.0
1893, -0.1
1894, -0.1
1895, 0.1
1896, 0.0
1897, -0.4
1898, 0.0
1899, -0.1
1900, -0.3
1901, -0.3
1902, 0.3
1903, 0.1
1904, 0.4
1905, -0.2
1906, -0.2
1907, 0.0
1908, 0.3
1909, 0.0
1910, 0.0
1911, -0.2
1912, -0.2
1913, 0.3
1914, 0.1
1915, 0.1
1916, 0.1
1917, 0.0
1918, 0.1
1919, -0.1
1920, 0.1
1921, 0.0
1922, -0.2
1923, 0.2
1924, 0.2
1925, 0.1
1926, 0.4
1927, -0.3
1928, 0.4
1929, 0.1
1930, 0.0
1931, -0.1
1932, 0.0
1933, 0.3
1934, -0.2
1935, -0.4
1936, 0.3
1937, -0.1
1938, 0.0
1939, -0.2
1940, 0.0
1941, 0.1
1942, -0.1
1943, -0.1
1944, 0.1
1945, -0.3
1946, -0.3
1947, -0.2
1948, -0.3
1949, 0.1
1950, -0.1
1951, -0.6
1952, -0.1
1953, 0.0
1954, 0.1
1955, -0.2
1956, 0.1
1957, -0.4
1958, 0.2
1959, -0.3
1960, -0.4
1961, -0.3
1962, -0.2
1963, 0.0
1964, 0.0
1965, 0.2
1966, -0.1
1967, 0.0
1968, 0.0
1969, -0.3
1970, -0.3
1971, -0.1
1972, 0.2
1973, -0.3
1974, -0.4
1975, 0.1
1976, 0.2
1977, 0.2
1978, 0.1
1979, -0.1
1980, 0.1
1981, -0.2
1982, -0.2
1983, -0.3
1984, 0.1
1985, 0.1
1986, 0.4
1987, -0.2
1988, 0.1
1989, -0.1
1990, 0.1
1991, 0.0
1992, -0.1
1993, 0.2
1994, 0.4
1995, 0.2
1996, 0.3
1997, 0.2
1998, -0.2
1999, 0.2
2000, 0.1
2001, 0.2
2002, -0.2
2003, -0.3
2004, 0.0
2005, 0.1
2006, -0.3
2007, -0.3
2008, -0.1
2009, 0.0
2010, 0.0
2011, -0.2
2012, 0.1
2013, -0.2
2014, -0.3
2015, -0.2
2016, 0.3
2017, 0.1
2018, -0.2
2019, 0.1
2020, 0.5
2021, -0.2
2022, -0.3
2023, 0.2
2024, 0.3
2025, -0.1
2026, -0.2
2027, 0.1
2028, -0.2
2029, -0.1
2030, -0.1
2031, 0.1
2032, 0.2
2033, -0.2
2034, -0.4
2035, 0.0
2036, 0.3
2037, 0.0
2038, -0.1
2039, 0.2
2040, 0.0
2041, -0.1
2042, -0.2
2043, 0.0
2044, 0.3
2045, -0.1
2046, -0.1
2047, -0.2
2048, -0.3
2049, 0.2
2050, -0.2
2051, -0.2
2052, 0.0
2053, -0.2
2054, -0.4
2055, -0.1
2056, 0.2
2057, 0.1
2058, 0.0
2059, -0.1
2060, 0.1
2061, 0.1
2062, 0.3
2063, 0.3
2064, -0.4
2065, 0.1
2066, 0.1
2067, -0.3
2068, 0.1
2069, 0.2
2070, 0.1
2071, -0.5
2072, 0.4
2073, -0.4
2074, 0.0
2075, 0.1
2076, -0.2
2077, -0.1
2078, 0.1
2079, 0.0
2080, 0.2
2081, 0.1
2082, -0.2
2083, 0.1
2084, 0.2
2085, 0.0
2086, 0.0
2087, 0.2
2088, -0.3
2089, -0.3
2090, 0.1
2091, 0.2
2092, 0.0
2093, 0.1
2094, 0.3
2095, 0.1
2096, -0.2
2097, 0.1
2098, -0.1
2099, 0.2
2100, -0.2
2101, 0.2
2102, 0.0
2103, 0.3
2104, 0.0
2105, -0.1
2106, 0.1
2107, 0.2
2108, 0.0
2109, 0.3
2110, -0.4
2111, 0.2
2112, 0.1
2113, -0.2
2114, -0.2
2115, 0.0
2116, 0.0
2117, 0.2
2118, 0.1
2119, 0.2
2120, -0.5
2121, -0.1
2122, 0.2
2123, -0.2
2124, 0.0
2125, 0.1
2126, -0.5
2127, -0.1
2128, -0.1
2129, 0.2
2130, -0.3
2131, 0.3
2132, -0.1
2133, 0.2
2134, 0.4
2135, 0.0
2136, 0.0
2137, 0.0
2138, 0.2
2139, 0.2
2140, -0.4
2141, 0.0
2142, -0.3
2143, 0.3
2144, -0.2
2145, -0.3
2146, -0.3
2147, -0.5
2148, -0.2
2149, -0.5
2150, 0.0
2151, -0.4
2152, 0.2
2153, 0.3
2154, -0.1
2155, 0.1
2156, 0.2
2157, -0.1
2158, -0.5
2159, -0.3
2160, 0.0
2161, 0.2
2162, 0.2
2163, 0.0
2164, -0.1
2165, 0.0
2166, 0.2
2167, -0.1
2168, -0.1
2169, -0.1
2170, 0.1
2171, 0.1
2172, 0.2
2173, -0.4
2174, -0.2
2175, -0.1
2176, -0.7
2177, -0.2
2178, 0.0
2179, 0.2
2180, 0.1
2181, 0.0
2182, 0.0
2183, 0.3
2184, -0.2
2185, -0.3
2186, 0.0
2187, -0.1
2188, -0.2
2189, -0.3
2190, 0.0
2191, -0.1
2192, 0.2
2193, 0.0
2194, 0.0
2195, 0.2
2196, 0.3
2197, -0.1
2198, -0.1
2199, -0.5
2200, -0.4
2201, 0.0
2202, 0.0
2203, 0.0
2204, -0.4
2205, 0.1
2206, -0.1
2207, 0.1
2208, 0.2
2209, -0.2
2210, -0.3
2211, 0.1
2212, 0.3
2213, 0.1
2214, 0.1
2215, 0.1
2216, 0.1
2217, -0.2
2218, 0.1
2219, 0.1
2220, -0.4
2221, -0.2
2222, -0.4
2223, -0.4
2224, -0.2
2225, 0.3
2226, 0.1
2227, -0.5
2228, 0.1
2229, -0.2
2230, 0.2
2231, -0.4
2232, -0.2
2233, 0.3
2234, 0.0
2235, 0.4
2236, 0.5
2237, 0.1
2238, -0.2
2239, -0.1
2240, -0.1
2241, -0.3
2242, -0.1
2243, 0.1
2244, 0.0
2245, -0.6
2246, 0.4
2247, 0.4
2248, 0.1
2249, 0.0
2250, -0.3
2251, -0.4
2252, 0.0
2253, 0.1
2254, 0.0
2255, 0.1
2256, 0.2
2257, -0.1
2258, -0.4
2259, -0.4
2260, 0.0
2261, -0.2
2262, 0.2
2263, -0.2
2264, 0.3
2265, -0.1
2266, 0.2
2267, -0.1
2268, -0.2
2269, 0.3
2270, 0.2
2271, -0.1
2272, -0.3
2273, 0.2
2274, -0.4
2275, 0.0
2276, 0.0
2277, -0.1
2278, -0.1
2279, -0.3
2280, 0.1
2281, -0.2
2282, 0.4
2283, 0.2
2284, 0.3
2285, 0.1
2286, 0.4
2287, -0.1
2288, 0.0
2289, 0.1
2290, 0.1
2291, -0.4
2292, 0.1
2293, -0.1
2294, -0.4
2295, -0.2
2296, 0.0
2297, 0.1
2298, 0.0
2299, -0.5
2300, 0.0
2301, -0.2
2302, -0.1
2303, 0.3
2304, 0.2
2305, 0.0
2306, -0.1
2307, 0.1
2308, -0.2
2309, 0.5
2310, 0.3
2311, 0.2
2312, 0.0
2313, 0.1
2314, 0.1
2315, 0.2
2316, 0.0
2317, -0.3
2318, -0.2
2319, 0.3
2320, -0.3
2321, 0.1
2322, 0.0
2323, 0.4
2324, -0.1
2325, 0.2
2326, 0.2
2327, -0.3
2328, -0.3
2329, -0.2
2330, 0.1
2331, -0.3
2332, 0.0
2333, 0.0
2334, 0.0
2335, -0.3
2336, -0.4
2337, -0.5
2338, -0.3
2339, 0.0
2340, -0.2
2341, -0.4
2342, -0.3
2343, 0.3
2344, -0.2
2345, -0.3
2346, 0.0
2347, 0.4
2348, -0.2
2349, -0.3
2350, 0.1
2351, -0.2
2352, 0.2
2353, -0.1
2354, -0.4
2355, 0.1
2356, 0.1
2357, 0.1
2358, -0.2
2359, 0.0
2360, -0.1
2361, -0.3
2362, 0.2
2363, -0.1
2364, -0.3
2365, -0.2
2366, 0.2
2367, 0.3
2368, 0.2
2369, 0.3
2370, -0.3
2371, -0.5
2372, 0.0
2373, 0.0
2374, 0.0
2375, -0.1
2376, 0.2
2377, -0.1
2378, 0.3
2379, -0.1
2380, 0.0
2381, -0.2
2382, -0.1
2383, 0.3
2384, -0.5
2385, -0.1
2386, 0.0
2387, -0.3
2388, -0.1
2389, -0.3
2390, 0.1
2391, 0.2
2392, 0.1
2393, -0.2
2394, 0.1
2395, 0.1
2396, 0.1
2397, 0.1
2398, 0.2
2399, 0.4
2400, 0.2
2401, -0.1
2402, 0.1
2403, 0.1
2404, 0.0
2405, -0.3
2406, -0.1
2407, 0.1
2408, 0.1
2409, 0.0
2410, -0.3
2411, 0.2
2412, -0.4
2413, 0.0
2414, 0.5
2415, 0.3
2416, 0.1
2417, 0.0
2418, -0.1
2419, -0.1
2420, 0.1
2421, -0.2
2422, 0.2
2423, 0.3
2424, -0.3
2425, 0.2
2426, -0.1
2427, -0.5
2428, -0.4
2429, 0.0
2430, -0.3
2431, -0.2
2432, -0.4
2433, 0.4
2434, -0.2
2435, 0.1
2436, 0.0
2437, -0.2
2438, 0.1
2439, 0.4
2440, 0.0
2441, 0.1
2442, 0.1
2443, 0.1
2444, 0.3
2445, 0.0
2446, -0.2
2447, -0.1
2448, -0.3
2449, 0.0
2450, -0.1
2451, 0.3
2452, 0.2
2453, 0.3
2454, 0.2
2455, 0.0
2456, -0.1
2457, -0.6
2458, -0.1
2459, -0.2
2460, 0.4
2461, 0.3
2462, 0.0
2463, -0.2
2464, 0.0
2465, 0.3
2466, 0.5
2467, 0.0
2468, 0.4
2469, 0.2
2470, 0.3
2471, -0.3
2472, 0.3
2473, 0.1
2474, 0.1
2475, 0.1
2476, -0.4
2477, -0.5
2478, -0.2
2479, -0.3
2480, 0.1
2481, -0.2
2482, 0.1
2483, 0.2
2484, 0.0
2485, 0.3
2486, -0.5
2487, 0.2
2488, -0.2
2489, -0.2
2490, 0.3
2491, -0.2
2492, 0.1
2493, -0.1
2494, 0.0
2495, 0.1
2496, -0.1
2497, -0.1
2498, 0.1
2499, 0.5
2500, 0.1
2501, 0.3
2502, -0.4
2503, 0.1
2504, 0.1
2505, 0.4
2506, -0.4
2507, 0.0
2508, 0.0
2509, -0.5
2510, -0.3
2511, 0.1
2512, -0.3
2513, -0.2
2514, 0.1
2515, -0.2
2516, -0.1
2517, 0.2
2518, 0.0
2519, 0.3
2520, -0.2
2521, 0.4
2522, 0.1
2523, 0.2
2524, 0.3
2525, 0.0
2526, 0.1
2527, -0.1
2528, -0.1
2529, 0.1
2530, 0.0
2531, 0.2
2532, 0.1
2533, -0.1
2534, -0.3
2535, 0.0
2536, 0.2
2537, 0.2
2538, 0.2
2539, -0.2
2540, -0.7
2541, 0.2
2542, 0.2
2543, 0.2
2544, 0.0
2545, 0.3
2546, 0.1
2547, 0.2
2548, 0.0
2549, -0.1
2550, 0.5
2551, -0.1
2552, -0.4
2553, 0.3
2554, 0.3
2555, 0.1
2556, 0.0
2557, 0.1
2558, 0.2
2559, -0.3
2560, 0.1
2561, 0.3
2562, 0.1
2563, 0.3
2564, -0.2
2565, -0.4
2566, 0.0
2567, 0.3
2568, 0.2
2569, -0.4
2570, 0.4
2571, 0.4
2572, 0.2
2573, -0.1
2574, 0.1
2575, -0.1
2576, -0.2
2577, 0.0
2578, 0.4
2579, 0.0
2580, 0.2
2581, 0.3
2582, -0.2
2583, -0.2
2584, 0.0
2585, -0.3
2586, 0.1
2587, 0.0
2588, 0.1
2589, -0.4
2590, 0.3
2591, 0.2
2592, -0.1
2593, 0.0
2594, -0.1
2595, 0.3
2596, 0.1
2597, 0.0
2598, -0.3
2599, 0.3
2600, 0.3
2601, -0.1
2602, -0.3
2603, 0.3
2604, 0.2
2605, 0.4
2606, 0.1
2607, -0.1
2608, -0.2
2609, 0.2
2610, 0.0
2611, 0.1
2612, -0.1
2613, 0.1
2614, -0.2
2615, -0.3
2616, 0.2
2617, 0.1
2618, 0.1
2619, -0.1
2620, -0.4
2621, 0.0
2622, 0.1
2623, 0.1
2624, 0.0
2625, 0.1
2626, 0.0
2627, -0.2
2628, -0.2
2629, 0.0
2630, -0.4
2631, 0.4
2632, 0.3
2633, 0.2
2634, 0.2
2635, 0.3
2636, -0.3
2637, -0.3
2638, 0.1
2639, -0.2
2640, -0.1
2641, 0.2
2642, 0.0
2643, -0.3
2644, -0.4
2645, 0.1
2646, 0.5
2647, 0.2
2648, 0.2
2649, 0.1
2650, 0.0
2651, 0.1
2652, -0.2
2653, 0.2
2654, 0.2
2655, -0.4
2656, 0.1
2657, 0.2
2658, -0.4
2659, 0.1
2660, 0.1
2661, 0.1
2662, 0.0
2663, 0.1
2664, 0.2
2665, 0.0
2666, 0.2
2667, -0.4
2668, 0.3
2669, -0.1
2670, 0.0
2671, 0.4
2672, -0.2
2673, -0.1
2674, 0.0
2675, 0.3
2676, 0.0
2677, -0.3
2678, -0.2
2679, -0.5
2680, 0.2
2681, 0.2
2682, 0.0
2683, -0.4
2684, -0.1
2685, -0.4
2686, -0.1
2687, 0.0
2688, -0.1
2689, 0.5
2690, 0.3
2691, 0.0
2692, 0.1
2693, 0.0
2694, -0.4
2695, 0.2
2696, 0.1
2697, -0.3
2698, 0.0
2699, -0.2
2700, -0.1
2701, 0.0
2702, 0.0
2703, -0.3
2704, -0.1
2705, 0.0
2706, 0.0
2707, -0.7
2708, -0.3
2709, -0.2
2710, 0.0
2711, 0.2
2712, 0.0
2713, 0.0
2714, 0.4
2715, 0.1
2716, 0.1
2717, 0.0
2718, -0.5
2719, -0.1
2720, 0.0
2721, -0.2
2722, -0.1
2723, 0.1
2724, -0.3
2725, 0.3
2726, 0.0
2727, 0.1
2728, 0.2
2729, 0.2
2730, 0.1
2731, 0.3
2732, 0.1
2733, 0.1
2734, 0.0
2735, 0.2
2736, 0.2
2737, 0.3
2738, 0.3
2739, -0.4
2740, -0.3
2741, 0.2
2742, 0.3
2743, 0.0
2744, -0.3
2745, 0.5
2746, 0.1
2747, 0.0
2748, -0.2
2749, -0.2
2750, 0.3
2751, -0.2
2752, 0.3
2753, -0.2
2754, 0.1
2755, 0.1
2756, -0.1
2757, 0.2
2758, -0.2
2759, 0.2
2760, -0.1
2761, 0.2
2762, 0.0
2763, 0.0
2764, -0.2
2765, -0.4
2766, -0.1
2767, -0.2
2768, -0.1
2769, -0.3
2770, 0.2
2771, 0.1
2772, -0.1
2773, 0.0
2774, 0.0
2775, -0.1
2776, 0.1
2777, 0.3
2778, -0.1
2779, 0.1
2780, 0.0
2781, 0.3
2782, 0.0
2783, -0.3
2784, -0.3
2785, -0.3
2786, -0.2
2787, -0.4
2788, 0.2
2789, 0.1
2790, -0.3
2791, 0.2
2792, 0.4
2793, 0.1
2794, 0.3
2795, 0.1
2796, -0.4
2797, 0.1
2798, -0.1
2799, 0.1
2800, 0.2
2801, 0.2
2802, 0.0
2803, 0.2
2804, 0.3
2805, -0.2
2806, -0.1
2807, 0.0
2808, 0.2
2809, -0.2
2810, -0.1
2811, -0.1
2812, 0.3
2813, 0.1
2814, -0.2
2815, 0.0
2816, -0.3
2817, -0.3
2818, 0.0
2819, 0.4
2820, 0.1
2821, -0.1
2822, -0.5
2823, -0.1
2824, -0.3
2825, -0.2
2826, 0.3
2827, 0.1
2828, 0.3
2829, 0.0
2830, 0.0
2831, -0.5
2832, 0.0
2833, -0.1
2834, 0.0
2835, 0.0
2836, 0.3
2837, 0.0
2838, -0.4
2839, -0.1
2840, 0.2
2841, 0.3
2842, 0.2
2843, 0.1
2844, -0.4
2845, -0.1
2846, 0.3
2847, 0.2
2848, 0.1
2849, 0.0
2850, 0.1
2851, 0.0
2852, 0.1
2853, -0.2
2854, 0.2
2855, 0.0
2856, 0.0
2857, 0.1
2858, -0.1
2859, -0.2
2860, -0.1
2861, -0.2
2862, -0.3
2863, -0.4
2864, -0.2
2865, -0.2
2866, -0.3
2867, 0.2
2868, 0.0
2869, -0.3
2870, 0.1
2871, 0.0
2872, 0.2
2873, 0.1
2874, 0.3
2875, 0.3
2876, 0.3
2877, 0.2
2878, 0.0
2879, 0.1
2880, 0.1
2881, -0.3
2882, 0.3
2883, -0.2
2884, 0.0
2885, -0.1
2886, -0.2
2887, 0.0
2888, 0.4
2889, 0.3
2890, 0.0
2891, 0.0
2892, 0.1
2893, -0.1
2894, 0.2
2895, 0.1
2896, 0.0
2897, 0.1
2898, 0.0
2899, -0.1
2900, -0.1
2901, -0.4
2902, -0.1
2903, 0.0
2904, 0.0
2905, -0.1
2906, 0.1
2907, 0.4
2908, 0.1
2909, 0.3
2910, 0.0
2911, 0.0
2912, 0.4
2913, 0.0
2914, 0.1
2915, -0.1
2916, 0.2
2917, 0.4
2918, 0.4
2919, 0.4
2920, -0.3
2921, 0.3
2922, 0.3
2923, -0.3
2924, -0.1
2925, 0.3
2926, 0.1
2927, 0.1
2928, -0.2
2929, -0.2
2930, -0.2
2931, 0.0
2932, 0.2
2933, 0.3
2934, -0.2
2935, -0.1
2936, 0.0
2937, 0.0
2938, 0.1
2939, 0.3
2940, -0.2
2941, -0.3
2942, 0.0
2943, 0.0
2944, -0.1
2945, 0.1
2946, 0.1
2947, 0.2
2948, 0.2
2949, 0.1
2950, 0.2
2951, -0.2
2952, -0.1
2953, -0.1
2954, 0.2
2955, -0.3
2956, -0.1
2957, 0.2
2958, 0.1
2959, 0.1
2960, 0.0
2961, 0.1
2962, 0.0
2963, -0.3
2964, 0.1
2965, -0.1
2966, 0.3
2967, 0.0
2968, 0.1
2969, -0.5
2970, 0.3
2971, -0.2
2972, -0.1
2973, -0.4
2974, -0.2
2975, 0.1
2976, -0.5
2977, -0.2
2978, -0.3
2979, 0.3
2980, -0.5
2981, 0.1
2982, 0.0
2983, 0.2
2984, 0.0
2985, 0.0
2986, 0.2
2987, -0.2
2988, -0.1
2989, 0.2
2990, 0.0
2991, 0.2
2992, -0.3
2993, -0.3
2994, -0.1
2995, 0.0
2996, 0.2
2997, -0.4
2998, -0.3
2999, -0.2
3000, 0.0
3001, 0.2
3002, -0.1
3003, -0.2
3004, -0.3
3005, -0.2
3006, 0.2
3007, -0.3
3008, 0.3
3009, 0.3
3010, 0.1
3011, 0.2
3012, -0.1
3013, -0.2
3014, 0.3
3015, 0.2
3016, -0.3
3017, -0.3
3018, -0.3
3019, 0.0
3020, 0.4
3021, 0.4
3022, -0.4
3023, -0.1
3024, -0.2
3025, 0.0
3026, -0.2
3027, -0.1
3028, 0.0
3029, 0.3
3030, -0.5
3031, 0.3
3032, -0.2
3033, 0.0
3034, -0.2
3035, -0.2
3036, 0.0
3037, 0.0
3038, 0.1
3039, -0.2
3040, -0.3
3041, -0.1
3042, 0.1
3043, 0.0
3044, 0.1
3045, -0.2
3046, 0.2
3047, 0.0
3048, 0.0
3049, -0.3
3050, 0.0
3051, 0.1
3052, 0.0
3053, 0.2
3054, 0.0
3055, -0.2
3056, -0.4
3057, -0.1
3058, 0.3
3059, 0.0
3060, 0.1
3061, -0.2
3062, -0.1
3063, -0.5
3064, 0.0
3065, 0.1
3066, 0.3
3067, -0.2
3068, -0.1
3069, -0.1
3070, 0.0
3071, 0.1
3072, 0.4
3073, 0.2
3074, 0.2
3075, -0.2
3076, 0.0
3077, 0.0
3078, 0.3
3079, -0.2
3080, 0.2
3081, 0.0
3082, 0.1
3083, 0.3
3084, -0.3
3085, 0.2
3086, 0.2
3087, -0.3
3088, 0.1
3089, -0.2
3090, -0.3
3091, 0.0
3092, 0.2
3093, 0.1
3094, 0.1
3095, -0.1
3096, 0.1
3097, 0.4
3098, -0.5
3099, 0.1
3100, 0.0
3101, 0.1
3102, -0.4
3103, 0.2
3104, 0.3
3105, -0.2
3106, 0.2
3107, 0.3
3108, 0.1
3109, 0.0
3110, 0.0
3111, 0.1
3112, 0.0
3113, -0.2
3114, -0.1
3115, -0.3
3116, -0.1
3117, 0.2
3118, 0.3
3119, -0.3
3120, -0.3
3121, 0.1
3122, -0.1
3123, -0.1
3124, -0.1
3125, 0.2
3126, -0.2
3127, 0.0
3128, 0.0
3129, 0.2
3130, -0.4
3131, -0.1
3132, -0.3
3133, 0.0
3134, 0.0
3135, 0.2
3136, -0.2
3137, 0.0
3138, -0.4
3139, 0.0
3140, 0.3
3141, -0.2
3142, -0.3
3143, -0.2
3144, -0.5
3145, -0.1
3146, 0.2
3147, 0.0
3148, 0.1
3149, 0.3
3150, -0.3
3151, 0.4
3152, -0.2
3153, -0.1
3154, -0.2
3155, 0.1
3156, -0.4
3157, -0.2
3158, 0.2
3159, -0.2
3160, 0.2
3161, 0.0
3162, 0.3
3163, 0.2
3164, 0.2
3165, 0.1
3166, -0.4
3167, 0.2
3168, -0.1
3169, -0.1
3170, 0.1
3171, 0.3
3172, 0.0
3173, -0.3
3174, -0.2
3175, 0.0
3176, 0.3
3177, -0.2
3178, -0.3
3179, -0.4
3180, 0.3
3181, 0.1
3182, -0.1
3183, -0.2
3184, 0.1
3185, -0.2
3186, 0.3
3187, -0.3
3188, -0.1
3189, 0.0
3190, 0.0
3191, 0.0
3192, -0.1
3193, -0.2
3194, -0.3
3195, -0.3
3196, 0.1
3197, 0.3
3198, 0.0
3199, 0.3
3200, 0.0
3201, 0.2
3202, 0.2
3203, -0.6
3204, 0.2
3205, 0.1
3206, -0.4
3207, -0.2
3208, -0.1
3209, 0.0
3210, -0.3
3211, -0.2
3212, 0.1
3213, -0.3
3214, 0.0
3215, 0.3
3216, 0.0
3217, 0.1
3218, -0.2
3219, -0.3
3220, 0.1
3221, 0.2
3222, -0.4
3223, 0.0
3224, -0.7
3225, 0.1
3226, -0.1
3227, 0.2
3228, 0.0
3229, 0.3
3230, 0.0
3231, -0.5
3232, 0.1
3233, 0.0
3234, -0.2
3235, 0.1
3236, -0.3
3237, 0.1
3238, -0.1
3239, -0.1
3240, 0.1
3241, -0.1
3242, 0.2
3243, 0.4
3244, -0.3
3245, 0.0
3246, -0.2
3247, 0.4
3248, 0.0
3249, 0.0
3250, -0.3
3251, 0.0
3252, 0.0
3253, 0.3
3254, -0.3
3255, -0.2
3256, -0.1
3257, -0.4
3258, -0.3
3259, 0.4
3260, -0.3
3261, -0.2
3262, -0.4
3263, -0.4
3264, 0.2
3265, 0.2
3266, -0.2
3267, -0.1
3268, 0.2
3269, 0.0
3270, 0.0
3271, -0.3
3272, 0.2
3273, -0.2
3274, 0.2
3275, 0.3
3276, 0.3
3277, 0.1
3278, 0.2
3279, 0.0
3280, 0.0
3281, 0.1
3282, 0.5
3283, -0.4
3284, 0.0
3285, 0.0
3286, -0.2
3287, -0.3
3288, -0.3
3289, 0.0
3290, 0.1
3291, -0.2
3292, -0.3
3293, -0.1
3294, 0.3
3295, -0.6
3296, -0.1
3297, 0.1
3298, -0.2
3299, 0.3
3300, -0.3
3301, 0.0
3302, 0.1
3303, 0.1
3304, 0.3
3305, 0.4
3306, -0.1
3307, 0.2
3308, 0.1
3309, 0.0
3310, 0.0
3311, -0.1
3312, -0.2
3313, 0.3
3314, -0.3
3315, 0.0
3316, 0.0
3317, 0.2
3318, 0.2
3319, -0.3
3320, 0.2
3321, 0.4
3322, 0.1
3323, 0.3
3324, -0.5
3325, -0.1
3326, 0.1
3327, 0.0
3328, 0.2
3329, -0.1
3330, 0.0
3331, 0.2
3332, 0.3
3333, 0.1
3334, -0.1
3335, -0.2
3336, -0.3
3337, -0.1
3338, -0.3
3339, 0.0
3340, 0.1
3341, 0.1
3342, 0.1
3343, -0.2
3344, 0.3
3345, 0.0
3346, -0.3
3347, 0.3
3348, -0.4
3349, -0.2
3350, -0.1
3351, -0.3
3352, 0.0
3353, 0.1
3354, -0.3
3355, 0.2
3356, 0.4
3357, -0.2
3358, 0.0
3359, 0.1
3360, 0.1
3361, -0.3
3362, -0.1
3363, -0.2
3364, -0.1
3365, -0.1
3366, 0.2
3367, 0.1
3368, 0.2
3369, 0.4
3370, -0.2
3371, 0.2
3372, 0.2
3373, -0.2
3374, -0.5
3375, -0.3
3376, -0.1
3377, 0.0
3378, -0.2
3379, -0.4
3380, -0.2
3381, -0.2
3382, 0.2
3383, -0.1
3384, -0.1
3385, 0.0
3386, 0.3
3387, 0.0
3388, 0.0
3389, 0.0
3390, 0.4
3391, -0.4
3392, 0.1
3393, 0.3
3394, 0.3
3395, -0.1
3396, 0.0
3397, 0.0
3398, 0.3
3399, 0.4
3400, 0.1
3401, -0.3
3402, 0.3
3403, 0.1
3404, -0.3
3405, 0.2
3406, -0.1
3407, -0.1
3408, 0.3
3409, -0.2
3410, 0.0
3411, -0.2
3412, 0.5
3413, 0.2
3414, -0.4
3415, -0.2
3416, -0.6
3417, -0.1
3418, -0.1
3419, 0.1
3420, 0.2
3421, -0.3
3422, 0.1
3423, 0.1
3424, -0.2
3425, -0.1
3426, 0.2
3427, 0.3
3428, -0.4
3429, 0.0
3430, -0.2
3431, 0.1
3432, 0.0
3433, 0.0
3434, -0.1
3435, -0.4
3436, -0.4
3437, 0.2
3438, 0.1
3439, -0.3
3440, 0.3
3441, -0.2
3442, 0.0
3443, 0.0
3444, 0.0
3445, 0.0
3446, -0.1
3447, 0.2
3448, 0.2
3449, 0.0
3450, 0.0
3451, 0.3
3452, -0.1
3453, 0.2
3454, 0.1
3455, -0.2
3456, 0.1
3457, -0.3
3458, 0.0
3459, 0.0
3460, -0.1
3461, 0.1
3462, -0.1
3463, 0.0
3464, -0.3
3465, 0.4
3466, -0.3
3467, -0.2
3468, -0.3
3469, 0.3
3470, -0.1
3471, 0.0
3472, 0.1
3473, 0.3
3474, 0.2
3475, 0.0
3476, -0.1
3477, 0.1
3478, 0.1
3479, 0.3
3480, 0.0
3481, -0.2
3482, 0.2
3483, 0.0
3484, 0.2
3485, 0.1
3486, 0.1
3487, 0.2
3488, -0.2
3489, -0.3
3490, -0.3
3491, -0.4
3492, 0.3
3493, 0.0
3494, 0.0
3495, 0.2
3496, -0.2
3497, 0.1
3498, 0.2
3499, 0.1
3500, -0.3
3501, -0.4
3502, -0.1
3503, 0.3
3504, -0.2
3505, 0.4
3506, -0.2
3507, 0.2
3508, 0.1
3509, -0.1
3510, -0.2
3511, -0.2
3512, 0.3
3513, -0.2
3514, 0.1
3515, 0.1
3516, 0.2
3517, -0.1
3518, 0.1
3519, 0.1
3520, 0.3
3521, 0.0
3522, 0.1
3523, 0.3
3524, 0.3
3525, 0.4
3526, -0.3
3527, -0.1
3528, 0.2
3529, -0.6
3530, 0.1
3531, 0.1
3532, 0.1
3533, -0.1
3534, -0.2
3535, -0.1
3536, -0.3
3537, -0.1
3538, 0.2
3539, 0.2
3540, 0.1
3541, 0.0
3542, 0.0
3543, 0.2
3544, 0.0
3545, -0.6
3546, -0.1
3547, 0.0
3548, -0.2
3549, 0.2
3550, 0.0
3551, 0.2
3552, -0.2
3553, -0.1
3554, -0.2
3555, -0.1
3556, 0.2
3557, 0.1
3558, -0.1
3559, -0.1
3560, 0.2
3561, -0.2
3562, 0.1
3563, -0.3
3564, -0.1
3565, -0.2
3566, -0.1
3567, -0.3
3568, 0.1
3569, 0.3
3570, 0.2
3571, -0.1
3572, 0.3
3573, -0.2
3574, 0.2
3575, 0.0
3576, 0.3
3577, 0.3
3578, -0.3
3579, 0.1
3580, -0.1
3581, -0.3
3582, 0.4
3583, -0.1
3584, -0.1
3585, 0.1
3586, 0.3
3587, -0.4
3588, -0.2
3589, -0.1
3590, -0.4
3591, -0.2
3592, -0.1
3593, -0.1
3594, -0.3
3595, 0.2
3596, 0.2
3597, 0.0
3598, 0.3
3599, 0.1
3600, 0.0
3601, -0.3
3602, -0.1
3603, 0.4
3604, -0.3
3605, -0.1
3606, -0.3
3607, 0.1
3608, 0.0
3609, -0.1
3610, -0.3
3611, 0.0
3612, 0.0
3613, -0.3
3614, 0.0
3615, -0.1
3616, 0.3
3617, -0.2
3618, 0.1
3619, 0.3
3620, -0.3
3621, -0.2
3622, -0.5
3623, 0.0
3624, -0.2
3625, 0.2
3626, -0.1
3627, 0.0
3628, 0.1
3629, 0.1
3630, 0.0
3631, -0.1
3632, 0.1
3633, -0.2
3634, -0.3
3635, 0.2
3636, 0.0
3637, 0.2
3638, -0.4
3639, -0.3
3640, -0.2
3641, 0.1
3642, -0.1
3643, 0.1
3644, 0.1
3645, -0.1
3646, 0.2
3647, -0.3
3648, -0.1
3649, -0.1
3650, 0.1
3651, 0.1
3652, 0.2
3653, -0.1
3654, -0.6
3655, 0.0
3656, 0.4
3657, 0.3
3658, -0.2
3659, -0.4
3660, -0.2
3661, 0.1
3662, -0.2
3663, -0.2
3664, 0.0
3665, 0.0
3666, 0.1
3667, 0.1
3668, -0.1
3669, -0.1
3670, 0.1
3671, 0.3
3672, 0.1
3673, 0.0
3674, 0.0
3675, 0.0
3676, -0.1
3677, -0.1
3678, 0.4
3679, -0.1
3680, 0.1
3681, 0.4
3682, 0.1
3683, -0.1
3684, 0.1
3685, 0.0
3686, 0.1
3687, -0.2
3688, 0.0
3689, 0.4
3690, -0.3
3691, 0.0
3692, -0.1
3693, -0.2
3694, 0.0
3695, -0.1
3696, 0.1
3697, -0.4
3698, 0.1
3699, -0.1
3700, 0.1
3701, -0.1
3702, -0.2
3703, 0.1
3704, -0.3
3705, 0.0
3706, 0.0
3707, 0.2
3708, 0.0
3709, -0.2
3710, 0.1
3711, 0.3
3712, 0.4
3713, 0.1
3714, -0.3
3715, 0.0
3716, 0.1
3717, -0.1
3718, -0.2
3719, 0.2
3720, -0.2
3721, 0.1
3722, -0.3
3723, -0.1
3724, 0.0
3725, -0.3
3726, 0.0
3727, -0.2
3728, -0.3
3729, -0.2
3730, 0.0
3731, 0.1
3732, -0.3
3733, 0.0
3734, -0.1
3735, 0.0
3736, -0.1
3737, -0.3
3738, 0.2
3739, 0.2
3740, -0.1
3741, 0.2
3742, -0.1
3743, 0.2
3744, 0.3
3745, 0.4
3746, -0.3
3747, -0.1
3748, -0.2
3749, -0.3
3750, 0.0
3751, 0.0
3752, 0.3
3753, 0.1
3754, -0.1
3755, 0.2
3756, -0.5
3757, -0.4
3758, 0.0
3759, 0.1
3760, -0.8
3761, 0.0
3762, 0.0
3763, 0.0
3764, -0.1
3765, -0.1
3766, 0.4
3767, 0.0
3768, 0.5
3769, -0.2
3770, -0.1
3771, -0.2
3772, -0.3
3773, 0.0
3774, -0.2
3775, 0.4
3776, 0.1
3777, 0.0
3778, -0.1
3779, -0.1
3780, -0.1
3781, 0.0
3782, -0.5
3783, 0.1
3784, 0.0
3785, -0.5
3786, -0.1
3787, 0.0
3788, -0.1
3789, -0.2
3790, 0.1
3791, -0.1
3792, 0.0
3793, -0.3
3794, 0.2
3795, -0.1
3796, 0.4
3797, -0.1
3798, 0.1
3799, 0.0
3800, 0.3
3801, 0.3
3802, 0.3
3803, -0.1
3804, -0.2
3805, -0.1
3806, 0.3
3807, 0.3
3808, 0.1
3809, 0.2
3810, 0.0
3811, -0.2
3812, -0.1
3813, 0.1
3814, 0.1
3815, 0.4
3816, 0.2
3817, -0.1
3818, 0.2
3819, -0.4
3820, -0.2
3821, -0.2
3822, -0.1
3823, 0.3
3824, 0.2
3825, -0.3
3826, -0.5
3827, 0.1
3828, 0.1
3829, -0.2
3830, 0.2
3831, 0.1
3832, 0.3
3833, 0.2
3834, -0.1
3835, -0.2
3836, 0.0
3837, -0.1
3838, 0.0
3839, 0.1
3840, -0.1
3841, -0.2
3842, -0.2
3843, 0.5
3844, 0.2
3845, 0.0
3846, 0.0
3847, 0.3
3848, 0.1
3849, 0.0
3850, 0.5
3851, 0.0
3852, 0.1
3853, 0.3
3854, 0.3
3855, -0.2
3856, 0.2
3857, -0.1
3858, 0.0
3859, 0.0
3860, 0.1
3861, 0.3
3862, -0.3
3863, 0.1
3864, -0.1
3865, -0.1
3866, 0.3
3867, -0.2
3868, -0.5
3869, 0.2
3870, -0.4
3871, -0.3
3872, 0.3
3873, 0.0
3874, -0.4
3875, -0.3
3876, -0.3
3877, -0.1
3878, 0.1
3879, -0.2
3880, 0.3
3881, 0.0
3882, -0.3
3883, -0.1
3884, -0.2
3885, -0.2
3886, -0.2
3887, 0.3
3888, 0.0
3889, 0.0
3890, 0.1
3891, -0.1
3892, -0.1
3893, 0.1
3894, -0.1
3895, 0.0
3896, -0.4
3897, -0.3
3898, -0.4
3899, 0.3
3900, 0.3
3901, -0.1
3902, 0.0
3903, 0.3
3904, -0.5
3905, 0.0
3906, 0.3
3907, 0.0
3908, 0.4
3909, -0.2
3910, 0.1
3911, 0.2
3912, -0.1
3913, 0.1
3914, 0.2
3915, 0.2
3916, 0.4
3917, 0.2
3918, -0.3
3919, 0.2
3920, -0.2
3921, 0.0
3922, -0.1
3923, -0.2
3924, 0.0
3925, 0.0
3926, 0.2
3927, 0.0
3928, -0.1
3929, 0.2
3930, 0.2
3931, 0.1
3932, -0.1
3933, 0.0
3934, 0.2
3935, -0.4
3936, 0.1
3937, 0.3
3938, -0.3
3939, 0.0
3940, 0.0
3941, 0.1
3942, 0.1
3943, 0.1
3944, 0.4
3945, 0.0
3946, 0.0
3947, -0.2
3948, -0.1
3949, 0.0
3950, -0.2
3951, 0.0
3952, 0.0
3953, 0.1
3954, -0.1
3955, -0.2
3956, 0.3
3957, 0.2
3958, 0.0
3959, -0.5
3960, -0.3
3961, 0.2
3962, -0.2
3963, 0.3
3964, -0.2
3965, -0.2
3966, 0.0
3967, -0.3
3968, 0.1
3969, -0.2
3970, 0.0
3971, 0.2
3972, 0.1
3973, -0.1
3974, -0.1
3975, -0.2
3976, -0.4
3977, 0.0
3978, 0.1
3979, 0.3
3980, 0.4
3981, 0.3
3982, 0.2
3983, -0.1
3984, -0.2
3985, 0.0
3986, -0.3
3987, -0.1
3988, 0.3
3989, 0.3
3990, -0.3
3991, -0.4
3992, 0.0
3993, 0.0
3994, 0.2
3995, 0.1
3996, 0.1
3997, -0.2
3998, 0.3
3999, 0.1
