0, -0.4
1, 0.0
2, 0.2
3, 0.2
4, 0.2
5, -0.1
6, -0.2
7, -0.3
8, 0.2
9, 0.2
10, -0.4
11, -0.2
12, 0.0
13, -0.2
14, 0.2
15, 0.4
16, 0.1
17, -0.1
18, -0.3
19, 0.3
20, 0.1
21, 0.2
22, -0.1
23, -0.6
24, -0.2
25, -0.1
26, -0.3
27, -0.3
28, -0.4
29, 0.0
30, 0.2
31, 0.4
32, -0.1
33, 0.3
34, -0.1
35, -0.1
36, 0.1
37, -0.5
38, 0.0
39, -0.3
40, -0.1
41, 0.1
42, 0.3
43, 0.1
44, 0.0
45, -0.3
46, -0.3
47, -0.4
48, -0.6
49, 0.3
50, 0.1
51, 0.2
52, 0.1
53, 0.0
54, 0.3
55, 0.2
56, -0.1
57, 0.2
58, -0.3
59, 0.0
60, 0.3
61, -0.2
62, -0.4
63, -0.1
64, -0.3
65, -0.2
66, 0.1
67, -0.2
68, 0.0
69, 0.1
70, -0.1
71, 0.0
72, 0.0
73, -0.3
74, 0.3
75, -0.2
76, -0.3
77, 0.4
78, -0.2
79, -0.1
80, -0.3
81, 0.1
82, 0.0
83, -0.1
84, 0.2
85, 0.4
86, -0.5
87, 0.4
88, -0.2
89, 0.2
90, -0.1
91, -0.4
92, -0.3
93, 0.1
94, 0.3
95, 0.3
96, 0.2
97, -0.3
98, -0.2
99, 0.0
100, -0.1
101, -0.3
102, 0.1
103, -0.1
104, 0.3
105, 0.2
106, -0.4
107, 0.0
108, 0.0
109, 0.1
110, 0.3
111, -0.1
112, -0.3
113, -0.3
114, 0.1
115, 0.1
116, -0.4
117, -0.3
118, -0.1
119, 0.0
120, -0.1
121, 0.1
122, 0.0
123, 0.0
124, -0.1
125, -0.4
126, -0.3
127, 0.1
128, 0.0
129, 0.1
130, 0.2
131, -0.3
132, 0.0
133, -0.5
134, -0.3
135, 0.0
136, -0.3
137, -0.2
138, 0.0
139, 0.3
140, -0.3
141, -0.1
142, 0.1
143, -0.4
144, 0.1
145, -0.4
146, 0.0
147, 0.1
148, -0.2
149, 0.3
150, 0.7
151, 0.0
152, 0.2
153, 0.0
154, 0.2
155, 0.0
156, -0.1
157, 0.2
158, -0.3
159, -0.2
160, -0.1
161, 0.0
162, -0.1
163, 0.2
164, 0.2
165, 0.3
166, 0.2
167, 0.5
168, -0.1
169, 0.2
170, 0.0
171, 0.2
172, -0.2
173, 0.3
174, -0.3
175, 0.2
176, 0.2
177, -0.3
178, 0.3
179, -0.1
180, -0.2
181, -0.6
182, -0.2
183, 0.2
184, -0.6
185, 0.1
186, 0.1
187, -0.2
188, -0.3
189, -0.2
190, -0.3
191, -0.1
192, 0.2
193, 0.0
194, -0.1
195, -0.2
196, 0.0
197, 0.1
198, -0.1
199, 0.2
200, -0.6
201, 0.1
202, -0.1
203, 0.1
204, -0.2
205, 0.3
206, 0.1
207, 0.0
208, 0.3
209, 0.1
210, -0.5
211, 0.1
212, 0.0
213, 0.1
214, -0.1
215, 0.3
216, 0.3
217, 0.2
218, -0.1
219, 0.4
220, -0.2
221, 0.0
222, 0.4
223, -0.1
224, -0.5
225, -0.1
226, 0.2
227, 0.3
228, 0.1
229, 0.1
230, 0.0
231, 0.3
232, 0.2
233, 0.5
234, 0.0
235, 0.2
236, 0.1
237, 0.2
238, 0.0
239, -0.1
240, 0.0
241, 0.0
242, -0.4
243, -0.3
244, 0.1
245, 0.0
246, 0.1
247, 0.2
248, -0.1
249, 0.1
250, 0.1
251, 0.2
252, -0.3
253, 0.4
254, -0.1
255, 0.0
256, -0.2
257, 0.1
258, -0.2
259, 0.3
260, 0.2
261, 0.2
262, -0.3
263, 0.1
264, -0.2
265, 0.1
266, -0.1
267, -0.5
268, -0.1
269, 0.2
270, -0.1
271, 0.3
272, -0.3
273, -0.4
274, 0.3
275, -0.5
276, -0.4
277, -0.3
278, 0.1
279, 0.4
280, -0.4
281, 0.0
282, 0.0
283, -0.4
284, 0.1
285, -0.1
286, -0.3
287, 0.0
288, 0.4
289, 0.2
290, -0.2
291, 0.3
292, 0.5
293, 0.3
294, 0.0
295, 0.2
296, -0.3
297, 0.1
298, 0.2
299, -0.2
300, 0.2
301, 0.5
302, 0.3
303, 0.1
304, 0.0
305, -0.2
306, 0.3
307, -0.3
308, -0.1
309, -0.1
310, 0.0
311, 0.2
312, -0.1
313, 0.1
314, 0.2
315, -0.4
316, -0.1
317, 0.1
318, 0.0
319, -0.1
320, 0.3
321, 0.3
322, -0.2
323, 0.1
324, 0.0
325, 0.3
326, -0.1
327, -0.3
328, -0.2
329, 0.2
330, -0.1
331, -0.1
332, 0.1
333, 0.0
334, 0.3
335, -0.1
336, 0.0
337, 0.4
338, -0.1
339, 0.0
340, 0.5
341, -0.3
342, 0.2
343, 0.1
344, 0.2
345, 0.0
346, -0.3
347, -0.2
348, 0.0
349, -0.2
350, 0.2
351, -0.3
352, 0.3
353, 0.2
354, 0.1
355, -0.1
356, 0.0
357, 0.5
358, -0.1
359, 0.0
360, -0.1
361, 0.4
362, -0.5
363, -0.5
364, -0.1
365, 0.1
366, 0.1
367, -0.4
368, 0.2
369, -0.1
370, 0.3
371, 0.2
372, 0.0
373, 0.0
374, -0.1
375, 0.0
376, -0.1
377, 0.1
378, 0.5
379, 0.0
380, 0.2
381, -0.2
382, 0.5
383, 0.1
384, -0.2
385, -0.2
386, -0.2
387, -0.3
388, 0.1
389, 0.1
390, 0.2
391, 0.2
392, -0.4
393, -0.3
394, 0.0
395, 0.1
396, -0.3
397, 0.1
398, -0.1
399, -0.1
400, 0.0
401, 0.0
402, 0.3
403, -0.1
404, -0.1
405, 0.1
406, -0.2
407, -0.1
408, 0.0
409, -0.1
410, 0.2
411, 0.0
412, 0.1
413, -0.2
414, 0.2
415, -0.1
416, 0.0
417, 0.3
418, -0.1
419, -0.3
420, 0.1
421, -0.3
422, 0.0
423, -0.1
424, 0.1
425, 0.2
426, 0.0
427, -0.2
428, 0.2
429, 0.2
430, 0.1
431, -0.2
432, 0.1
433, 0.0
434, 0.0
435, 0.0
436, -0.1
437, 0.3
438, -0.2
439, 0.4
440, -0.1
441, -0.2
442, 0.2
443, -0.2
444, 0.0
445, 0.1
446, -0.1
447, 0.2
448, 0.1
449, 0.1
450, -0.2
451, -0.1
452, -0.2
453, 0.2
454, 0.0
455, 0.4
456, 0.3
457, 0.0
458, -0.2
459, -0.1
460, 0.2
461, 0.2
462, -0.1
463, -0.2
464, -0.1
465, 0.1
466, 0.0
467, 0.3
468, 0.1
469, -0.1
470, -0.2
471, 0.2
472, 0.0
473, -0.2
474, 0.1
475, -0.2
476, 0.2
477, 0.3
478, -0.3
479, -0.2
480, -0.1
481, -0.3
482, 0.0
483, 0.0
484, 0.0
485, -0.6
486, -0.1
487, -0.2
488, 0.5
489, 0.3
490, -0.1
491, -0.2
492, 0.0
493, 0.2
494, -0.2
495, -0.1
496, 0.0
497, -0.1
498, 0.1
499, -0.5
500, -0.1
501, -0.3
502, 0.0
503, -0.1
504, -0.2
505, 0.1
506, 0.3
507, -0.5
508, 0.2
509, 0.1
510, 0.2
511, -0.3
512, 0.2
513, -0.1
514, 0.0
515, -0.3
516, 0.2
517, 0.1
518, 0.2
519, 0.1
520, -0.1
521, -0.2
522, 0.2
523, -0.1
524, 0.0
525, 0.1
526, -0.7
527, -0.3
528, -0.1
529, -0.1
530, 0.3
531, 0.4
532, 0.0
533, 0.4
534, 0.3
535, 0.2
536, -0.1
537, -0.2
538, 0.2
539, -0.3
540, -0.2
541, 0.4
542, -0.3
543, 0.0
544, -0.1
545, 0.3
546, -0.1
547, 0.0
548, 0.2
549, 0.1
550, -0.2
551, 0.2
552, 0.0
553, 0.0
554, 0.1
555, 0.0
556, 0.4
557, -0.2
558, 0.2
559, 0.2
560, 0.0
561, -0.1
562, 0.1
563, 0.0
564, -0.2
565, 0.0
566, 0.3
567, 0.1
568, 0.0
569, -0.2
570, 0.2
571, -0.4
572, -0.1
573, 0.0
574, -0.1
575, 0.2
576, 0.2
577, 0.5
578, -0.1
579, 0.2
580, 0.3
581, -0.3
582, 0.0
583, 0.0
584, 0.1
585, -0.4
586, -0.3
587, 0.3
588, 0.0
589, -0.5
590, -0.3
591, -0.1
592, 0.4
593, 0.0
594, -0.2
595, -0.4
596, 0.0
597, 0.0
598, 0.0
599, -0.2
600, 0.1
601, -0.1
602, 0.2
603, 0.3
604, -0.1
605, -0.1
606, 0.1
607, 0.1
608, 0.3
609, 0.3
610, 0.3
611, 0.3
612, 0.0
613, 0.1
614, 0.0
615, -0.1
616, 0.0
617, 0.3
618, 0.2
619, -0.2
620, 0.0
621, -0.1
622, -0.1
623, 0.2
624, -0.2
625, -0.5
626, 0.4
627, -0.2
628, 0.2
629, 0.4
630, 0.0
631, 0.2
632, 0.1
633, 0.0
634, -0.1
635, -0.3
636, -0.4
637, 0.3
638, -0.2
639, 0.0
640, 0.1
641, 0.1
642, -0.5
643, 0.2
644, -0.3
645, 0.0
646, 0.3
647, -0.2
648, 0.3
649, 0.3
650, -0.2
651, 0.1
652, -0.3
653, 0.0
654, 0.0
655, -0.2
656, 0.1
657, 0.1
658, -0.2
659, -0.2
660, -0.4
661, 0.0
662, 0.2
663, 0.1
664, -0.1
665, -0.3
666, -0.2
667, 0.0
668, 0.5
669, -0.3
670, 0.4
671, -0.4
672, -0.2
673, 0.0
674, 0.1
675, 0.0
676, 0.1
677, 0.0
678, -0.7
679, -0.2
680, 0.0
681, 0.2
682, -0.2
683, -0.3
684, 0.0
685, -0.1
686, 0.3
687, 0.2
688, 0.0
689, 0.1
690, -0.1
691, 0.3
692, 0.2
693, 0.3
694, 0.1
695, 0.2
696, 0.0
697, 0.1
698, 0.2
699, -0.3
700, -0.4
701, 0.0
702, -0.3
703, -0.1
704, 0.0
705, 0.2
706, 0.0
707, 0.0
708, 0.0
709, 0.1
710, 0.1
711, -0.2
712, 0.1
713, 0.2
714, 0.4
715, -0.2
716, -0.4
717, -0.3
718, 0.2
719, 0.3
720, -0.2
721, 0.0
722, -0.4
723, 0.0
724, 0.3
725, 0.0
726, 0.5
727, 0.3
728, 0.0
729, 0.1
730, 0.1
731, -0.7
732, -0.1
733, 0.2
734, 0.3
735, -0.5
736, 0.1
737, 0.1
738, 0.1
739, 0.1
740, 0.1
741, -0.2
742, -0.3
743, 0.0
744, -0.3
745, -0.1
746, 0.3
747, 0.1
748, -0.2
749, -0.3
750, 0.1
751, -0.1
752, -0.6
753, 0.4
754, 0.0
755, -0.1
756, -0.2
757, 0.2
758, 0.3
759, 0.2
760, -0.4
761, -0.1
762, -0.6
763, -0.1
764, -0.2
765, -0.1
766, -0.1
767, 0.3
768, 0.0
769, 0.2
770, -0.1
771, -0.1
772, 0.4
773, -0.3
774, 0.0
775, -0.2
776, 0.1
777, -0.2
778, -0.1
779, -0.1
780, -0.6
781, 0.3
782, -0.2
783, 0.1
784, -0.1
785, -0.1
786, 0.0
787, 0.3
788, -0.3
789, -0.1
790, 0.3
791, -0.2
792, 0.3
793, 0.3
794, 0.0
795, 0.1
796, 0.2
797, 0.2
798, -0.2
799, -0.2
800, -0.2
801, -0.4
802, 0.1
803, -0.5
804, -0.1
805, -0.3
806, -0.4
807, -0.1
808, 0.2
809, 0.2
810, -0.1
811, 0.4
812, 0.2
813, 0.0
814, 0.3
815, -0.4
816, 0.3
817, 0.4
818, 0.1
819, 0.0
820, 0.2
821, -0.2
822, 0.0
823, -0.1
824, 0.2
825, 0.1
826, -0.1
827, 0.2
828, 0.4
829, -0.1
830, -0.1
831, -0.2
832, -0.1
833, 0.0
834, -0.3
835, 0.4
836, 0.1
837, 0.0
838, 0.0
839, 0.3
840, -0.4
841, 0.2
842, 0.1
843, 0.2
844, -0.1
845, -0.2
846, -0.1
847, -0.2
848, 0.5
849, 0.2
850, 0.1
851, 0.0
852, 0.4
853, 0.0
854, -0.2
855, 0.5
856, -0.1
857, -0.1
858, 0.0
859, -0.1
860, -0.1
861, -0.3
862, 0.0
863, 0.1
864, -0.2
865, 0.2
866, 0.2
867, 0.1
868, -0.4
869, -0.1
870, -0.2
871, 0.3
872, -0.3
873, -0.1
874, -0.2
875, 0.1
876, -0.1
877, 0.3
878, 0.1
879, 0.1
880, 0.4
881, -0.4
882, 0.1
883, -0.1
884, -0.2
885, -0.2
886, -0.3
887, 0.2
888, 0.1
889, 0.3
890, 0.2
891, -0.1
892, 0.1
893, -0.1
894, 0.2
895, -0.2
896, -0.2
897, 0.2
898, 0.1
899, 0.1
900, 0.0
901, 0.3
902, 0.0
903, 0.3
904, 0.4
905, 0.3
906, -0.4
907, 0.3
908, 0.1
909, 0.1
910, -0.3
911, -0.2
912, -0.1
913, 0.1
914, -0.3
915, -0.1
916, 0.0
917, 0.2
918, 0.1
919, 0.0
920, 0.0
921, -0.3
922, 0.1
923, 0.1
924, 0.0
925, 0.0
926, 0.1
927, 0.0
928, -0.5
929, -0.2
930, 0.3
931, 0.3
932, 0.0
933, 0.3
934, 0.0
935, -0.5
936, 0.0
937, -0.5
938, -0.2
939, 0.1
940, -0.1
941, 0.3
942, 0.0
943, -0.1
944, 0.0
945, 0.2
946, -0.2
947, -0.4
948, 0.3
949, 0.1
950, -0.2
951, 0.1
952, -0.1
953, 0.5
954, -0.3
955, -0.1
956, -0.4
957, -0.1
958, -0.3
959, -0.1
960, 0.0
961, 0.2
962, 0.3
963, -0.3
964, 0.1
965, 0.1
966, -0.5
967, 0.1
968, -0.1
969, -0.1
970, -0.2
971, 0.1
972, 0.0
973, 0.1
974, -0.3
975, 0.2
976, 0.1
977, -0.1
978, -0.2
979, 0.1
980, 0.1
981, 0.1
982, 0.1
983, 0.1
984, 0.2
985, 0.1
986, 0.3
987, 0.0
988, 0.4
989, 0.0
990, 0.2
991, 0.0
992, 0.3
993, 0.1
994, -0.2
995, -0.4
996, 0.1
997, -0.3
998, 0.1
999, 0.1
1000, 0.2
1001, -0.1
1002, 0.1
1003, 0.3
1004, -0.4
1005, 0.1
1006, 0.1
1007, 0.1
1008, 0.2
1009, -0.3
1010, 0.0
1011, -0.1
1012, 0.0
1013, 0.0
1014, -0.3
1015, 0.0
1016, -0.5
1017, 0.2
1018, 0.3
1019, 0.0
1020, 0.2
1021, 0.0
1022, 0.3
1023, 0.0
1024, 0.0
1025, -0.2
1026, 0.2
1027, 0.3
1028, -0.2
1029, 0.1
1030, 0.1
1031, 0.1
1032, 0.0
1033, 0.1
1034, -0.1
1035, -0.1
1036, -0.1
1037, 0.1
1038, -0.2
1039, 0.2
1040, 0.0
1041, -0.2
1042, 0.1
1043, 0.1
1044, 0.1
1045, -0.1
1046, 0.1
1047, -0.2
1048, 0.5
1049, 0.0
1050, 0.0
1051, 0.3
1052, 0.1
1053, -0.4
1054, -0.4
1055, -0.3
1056, -0.1
1057, 0.2
1058, -0.1
1059, 0.1
1060, 0.3
1061, 0.1
1062, 0.0
1063, 0.0
1064, 0.3
1065, 0.1
1066, -0.2
1067, 0.1
1068, -0.1
1069, -0.2
1070, 0.1
1071, -0.2
1072, 0.0
1073, 0.3
1074, 0.0
1075, 0.1
1076, 0.2
1077, 0.2
1078, 0.3
1079, 0.1
1080, 0.3
1081, -0.2
1082, -0.2
1083, 0.4
1084, 0.0
1085, 0.3
1086, 0.6
1087, -0.5
1088, 0.3
1089, 0.1
1090, -0.1
1091, -0.1
1092, 0.1
1093, 0.0
1094, -0.2
1095, 0.1
1096, -0.1
1097, 0.0
1098, 0.3
1099, 0.2
1100, 0.3
1101, -0.4
1102, 0.1
1103, -0.1
1104, 0.1
1105, 0.2
1106, -0.2
1107, 0.2
1108, 0.0
1109, 0.0
1110, -0.2
1111, 0.2
1112, 0.1
1113, 0.1
1114, 0.2
1115, 0.0
1116, -0.2
1117, 0.1
1118, 0.3
1119, -0.1
1120, 0.1
1121, 0.2
1122, -0.4
1123, -0.2
1124, -0.3
1125, 0.2
1126, 0.3
1127, -0.2
1128, 0.3
1129, -0.2
1130, 0.0
1131, -0.2
1132, -0.1
1133, 0.1
1134, 0.1
1135, -0.2
1136, -0.1
1137, -0.1
1138, -0.1
1139, -0.2
1140, -0.1
1141, 0.0
1142, -0.3
1143, -0.3
1144, 0.1
1145, 0.2
1146, 0.0
1147, 0.0
1148, 0.0
1149, 0.5
1150, 0.1
1151, 0.0
1152, 0.1
1153, -0.2
1154, -0.2
1155, 0.3
1156, 0.3
1157, -0.3
1158, 0.2
1159, -0.1
1160, 0.1
1161, 0.1
1162, -0.1
1163, 0.4
1164, 0.0
1165, 0.0
1166, -0.3
1167, 0.4
1168, 0.0
1169, 0.0
1170, 0.0
1171, 0.0
1172, -0.1
1173, 0.0
1174, -0.2
1175, 0.1
1176, 0.1
1177, 0.2
1178, 0.1
1179, 0.0
1180, 0.3
1181, -0.2
1182, -0.2
1183, 0.1
1184, 0.3
1185, 0.1
1186, 0.1
1187, 0.0
1188, 0.0
1189, -0.1
1190, -0.2
1191, 0.2
1192, -0.1
1193, -0.2
1194, -0.2
1195, -0.2
1196, 0.0
1197, -0.3
1198, 0.0
1199, 0.0
1200, -0.1
1201, -0.2
1202, -0.6
1203, -0.4
1204, 0.1
1205, 0.0
1206, 0.2
1207, -0.1
1208, -0.1
1209, 0.2
1210, 0.1
1211, 0.2
1212, 0.2
1213, -0.1
1214, -0.2
1215, 0.0
1216, 0.1
1217, 0.0
1218, 0.1
1219, -0.5
1220, 0.1
1221, -0.1
1222, -0.1
1223, 0.4
1224, -0.7
1225, -0.3
1226, 0.0
1227, -0.2
1228, -0.2
1229, -0.2
1230, -0.2
1231, 0.1
1232, -0.1
1233, 0.1
1234, -0.3
1235, 0.2
1236, 0.2
1237, -0.3
1238, -0.3
1239, 0.2
1240, -0.1
1241, 0.1
1242, 0.1
1243, -0.1
1244, -0.2
1245, 0.3
1246, -0.1
1247, 0.3
1248, -0.4
1249, 0.1
1250, 0.4
1251, 0.1
1252, -0.2
1253, -0.2
1254, -0.2
1255, 0.3
1256, -0.3
1257, -0.4
1258, 0.0
1259, 0.0
1260, 0.3
1261, -0.1
1262, -0.3
1263, 0.0
1264, -0.2
1265, -0.1
1266, 0.1
1267, -0.2
1268, -0.6
1269, -0.1
1270, 0.3
1271, 0.2
1272, -0.1
1273, 0.2
1274, 0.3
1275, 0.2
1276, -0.1
1277, 0.1
1278, -0.3
1279, -0.2
1280, -0.1
1281, 0.0
1282, -0.1
1283, -0.2
1284, -0.4
1285, -0.2
1286, -0.2
1287, -0.1
1288, -0.2
1289, 0.1
1290, 0.1
1291, 0.0
1292, 0.2
1293, 0.1
1294, 0.2
1295, 0.1
1296, 0.3
1297, 0.0
1298, -0.1
1299, 0.2
1300, 0.2
1301, 0.1
1302, -0.3
1303, -0.3
1304, 0.2
1305, -0.5
1306, 0.4
1307, 0.3
1308, -0.5
1309, 0.1
1310, 0.0
1311, 0.2
1312, -0.3
1313, -0.4
1314, -0.4
1315, -0.1
1316, 0.0
1317, 0.1
1318, 0.0
1319, -0.1
1320, 0.2
1321, 0.2
1322, 0.3
1323, 0.0
1324, 0.2
1325, 0.1
1326, -0.2
1327, 0.1
1328, 0.1
1329, -0.2
1330, -0.5
1331, 0.0
1332, -0.1
1333, -0.3
1334, 0.2
1335, 0.3
1336, -0.1
1337, -0.1
1338, 0.0
1339, 0.2
1340, 0.3
1341, 0.2
1342, 0.1
1343, 0.1
1344, 0.4
1345, -0.2
1346, -0.3
1347, -0.1
1348, 0.1
1349, -0.1
1350, 0.3
1351, -0.1
1352, 0.2
1353, -0.1
1354, 0.3
1355, 0.0
1356, 0.3
1357, -0.1
1358, 0.0
1359, 0.0
1360, -0.1
1361, 0.0
1362, -0.1
1363, 0.3
1364, 0.5
1365, -0.1
1366, -0.1
1367, 0.3
1368, -0.5
1369, 0.2
1370, 0.0
1371, 0.2
1372, 0.3
1373, 0.3
1374, 0.2
1375, 0.2
1376, 0.3
1377, -0.1
1378, 0.3
1379, 0.1
1380, -0.3
1381, 0.0
1382, 0.3
1383, 0.2
1384, -0.1
1385, 0.1
1386, 0.0
1387, 0.1
1388, 0.1
1389, -0.2
1390, -0.2
1391, 0.2
1392, 0.0
1393, -0.1
1394, -0.2
1395, -0.1
1396, 0.1
1397, 0.3
1398, -0.1
1399, 0.0
1400, 0.0
1401, -0.1
1402, 0.1
1403, 0.5
1404, -0.1
1405, -0.3
1406, -0.1
1407, 0.1
1408, -0.1
1409, -0.1
1410, -0.1
1411, 0.3
1412, 0.1
1413, -0.3
1414, -0.2
1415, 0.1
1416, 0.0
1417, 0.3
1418, -0.1
1419, 0.2
1420, -0.2
1421, 0.0
1422, -0.4
1423, -0.3
1424, 0.0
1425, -0.4
1426, -0.4
1427, -0.1
1428, 0.0
1429, -0.4
1430, -0.3
1431, -0.3
1432, -0.1
1433, 0.1
1434, 0.1
1435, 0.3
1436, 0.3
1437, 0.2
1438, -0.3
1439, 0.0
1440, -0.1
1441, 0.0
1442, 0.1
1443, -0.1
1444, 0.1
1445, -0.2
1446, 0.1
1447, -0.2
1448, -0.1
1449, -0.4
1450, 0.1
1451, 0.0
1452, -0.8
1453, 0.1
1454, 0.0
1455, 0.2
1456, 0.0
1457, -0.5
1458, -0.1
1459, -0.2
1460, 0.2
1461, 0.1
1462, 0.1
1463, 0.1
1464, 0.4
1465, -0.1
1466, 0.2
1467, 0.4
1468, -0.1
1469, 0.0
1470, -0.1
1471, -0.1
1472, 0.2
1473, -0.1
1474, -0.2
1475, 0.3
1476, 0.0
1477, 0.2
1478, -0.3
1479, -0.2
1480, 0.3
1481, 0.0
1482, 0.3
1483, 0.0
1484, -0.1
1485, 0.1
1486, -0.7
1487, 0.1
1488, 0.3
1489, 0.2
1490, 0.0
1491, 0.1
1492, 0.3
1493, -0.3
1494, 0.0
1495, -0.1
1496, -0.1
1497, -0.3
1498, 0.4
1499, -0.1
1500, 0.0
1501, -0.1
1502, -0.3
1503, 0.3
1504, 0.0
1505, -0.3
1506, 0.3
1507, 0.2
1508, -0.5
1509, 0.3
1510, 0.3
1511, 0.1
1512, 0.5
1513, -0.2
1514, 0.2
1515, 0.2
1516, -0.5
1517, -0.2
1518, 0.2
1519, -0.3
1520, -0.3
1521, 0.2
1522, 0.2
1523, -0.1
1524, 0.3
1525, 0.4
1526, 0.2
1527, -0.1
1528, -0.2
1529, -0.1
1530, -0.3
1531, -0.2
1532, 0.2
1533, 0.2
1534, 0.0
1535, 0.1
1536, 0.1
1537, -0.2
1538, -0.1
1539, 0.0
1540, 0.3
1541, -0.1
1542, 0.0
1543, 0.2
1544, -0.4
1545, 0.0
1546, -0.6
1547, -0.2
1548, 0.0
1549, -0.3
1550, -0.4
1551, -0.4
1552, 0.1
1553, -0.1
1554, 0.0
1555, -0.1
1556, 0.5
1557, -0.5
1558, -0.3
1559, 0.3
1560, -0.2
1561, 0.1
1562, 0.3
1563, 0.0
1564, 0.0
1565, 0.0
1566, -0.1
1567, -0.2
1568, -0.2
1569, 0.0
1570, -0.2
1571, 0.0
1572, -0.2
1573, 0.4
1574, -0.1
1575, 0.2
1576, 0.1
1577, 0.2
1578, -0.3
1579, 0.1
1580, 0.3
1581, 0.1
1582, 0.1
1583, 0.2
1584, -0.4
1585, -0.1
1586, 0.0
1587, 0.1
1588, 0.0
1589, 0.1
1590, 0.3
1591, 0.1
1592, -0.1
1593, 0.2
1594, 0.2
1595, 0.0
1596, 0.1
1597, -0.1
1598, -0.1
1599, 0.0
1600, 0.3
1601, 0.4
1602, -0.4
1603, 0.1
1604, -0.1
1605, -0.2
1606, -0.1
1607, 0.0
1608, 0.0
1609, -0.4
1610, -0.4
1611, 0.2
1612, -0.5
1613, 0.2
1614, -0.3
1615, 0.3
1616, 0.0
1617, 0.0
1618, -0.1
1619, 0.0
1620, 0.5
1621, -0.1
1622, 0.2
1623, -0.1
1624, 0.0
1625, -0.1
1626, -0.2
1627, 0.0
1628, 0.2
1629, -0.3
1630, 0.0
1631, 0.1
1632, 0.1
1633, 0.3
1634, 0.2
1635, 0.2
1636, -0.2
1637, 0.1
1638, -0.2
1639, -0.2
1640, 0.2
1641, -0.2
1642, 0.3
1643, -0.2
1644, 0.0
1645, -0.1
1646, -0.1
1647, -0.1
1648, 0.0
1649, 0.2
1650, -0.2
1651, 0.1
1652, -0.2
1653, 0.1
1654, 0.1
1655, 0.4
1656, 0.2
1657, -0.3
1658, 0.1
1659, 0.0
1660, 0.3
1661, 0.1
1662, -0.3
1663, -0.2
1664, 0.1
1665, 0.2
1666, -0.3
1667, 0.1
1668, 0.4
1669, 0.2
1670, 0.3
1671, 0.0
1672, 0.2
1673, -0.2
1674, -0.1
1675, 0.3
1676, 0.1
1677, -0.2
1678, 0.2
1679, 0.3
1680, -0.1
1681, 0.1
1682, -0.6
1683, -0.4
1684, -0.3
1685, -0.1
1686, 0.1
1687, 0.1
1688, -0.5
1689, 0.3
1690, -0.1
1691, -0.3
1692, -0.1
1693, 0.1
1694, -0.5
1695, 0.0
1696, 0.1
1697, -0.2
1698, 0.4
1699, -0.3
1700, -0.3
1701, 0.0
1702, -0.1
1703, 0.1
1704, 0.1
1705, -0.5
1706, 0.1
1707, 0.1
1708, -0.1
1709, -0.1
1710, 0.1
1711, -0.2
1712, 0.2
1713, 0.0
1714, -0.3
1715, 0.4
1716, -0.3
1717, 0.1
1718, -0.3
1719, -0.3
1720, -0.2
1721, 0.0
1722, 0.0
1723, 0.0
1724, 0.4
1725, 0.2
1726, 0.0
1727, 0.1
1728, -0.1
1729, 0.0
1730, -0.1
1731, -0.1
1732, 0.2
1733, 0.2
1734, 0.0
1735, 0.1
1736, -0.4
1737, -0.1
1738, -0.1
1739, 0.2
1740, -0.1
1741, 0.0
1742, 0.3
1743, -0.1
1744, -0.2
1745, -0.3
1746, -0.5
1747, 0.3
1748, 0.0
1749, -0.7
1750, 0.0
1751, 0.2
1752, 0.2
1753, -0.3
1754, 0.1
1755, 0.2
1756, 0.2
1757, 0.2
1758, 0.2
1759, 0.1
1760, 0.0
1761, 0.0
1762, -0.3
1763, -0.2
1764, 0.1
1765, 0.1
1766, 0.2
1767, -0.2
1768, -0.2
1769, 0.1
1770, -0.3
1771, -0.2
1772, 0.1
1773, 0.1
1774, 0.3
1775, 0.2
1776, 0.2
1777, -0.5
1778, -0.2
1779, 0.4
1780, -0.4
1781, 0.2
1782, -0.2
1783, -0.2
1784, -0.6
1785, 0.2
1786, -0.2
1787, 0.0
1788, 0.2
1789, -0.2
1790, -0.1
1791, 0.2
1792, 0.4
1793, 0.2
1794, 0.3
1795, -0.3
1796, 0.0
1797, -0.1
1798, -0.1
1799, -0.2
1800, 0.3
1801, -0.1
1802, -0.2
1803, 0.1
1804, 0.3
1805, 0.2
1806, 0.1
1807, -0.4
1808, -0.4
1809, 0.4
1810, 0.2
1811, -0.2
1812, 0.1
1813, 0.2
1814, 0.2
1815, 0.3
1816, -0.5
1817, 0.1
1818, -0.3
1819, 0.3
1820, 0.1
1821, -0.3
1822, -0.3
1823, -0.1
1824, -0.1
1825, -0.1
1826, -0.4
1827, 0.3
1828, 0.4
1829, -0.3
1830, 0.2
1831, -0.5
1832, 0.1
1833, 0.0
1834, -0.2
1835, 0.0
1836, 0.2
1837, 0.1
1838, 0.0
1839, 0.0
1840, 0.0
1841, 0.2
1842, 0.3
1843, 0.3
1844, 0.3
1845, 0.2
1846, 0.1
1847, 0.5
1848, 0.1
1849, 0.0
1850, 0.2
1851, 0.0
1852, -0.1
1853, 0.1
1854, -0.1
1855, 0.1
1856, -0.7
1857, 0.0
1858, -0.3
1859, 0.4
1860, 0.1
1861, 0.0
1862, 0.2
1863, -0.3
1864, 0.1
1865, -0.1
1866, -0.4
1867, 0.1
1868, 0.1
1869, 0.0
1870, 0.1
1871, -0.1
1872, 0.3
1873, 0.2
1874, 0.0
1875, -0.2
1876, -0.2
1877, -0.1
1878, 0.0
1879, 0.1
1880, 0.0
1881, 0.0
1882, -0.1
1883, 0.0
1884, -0.1
1885, -0.1
1886, -0.2
1887, 0.0
1888, -0.3
1889, 0.4
1890, -0.2
1891, -0.1
1892, 0.0
1893, 0.2
1894, 0.0
1895, -0.1
1896, -0.1
1897, -0.2
1898, 0.4
1899, 0.3
1900, -0.1
1901, 0.1
1902, -0.2
1903, -0.2
1904, 0.0
1905, -0.1
1906, 0.4
1907, 0.2
1908, -0.6
1909, 0.1
1910, 0.3
1911, -0.1
1912, -0.3
1913, 0.0
1914, 0.1
1915, 0.0
1916, -0.2
1917, 0.3
1918, 0.0
1919, -0.4
1920, -0.2
1921, -0.1
1922, 0.2
1923, 0.5
1924, -0.4
1925, -0.2
1926, 0.2
1927, -0.2
1928, -0.4
1929, -0.1
1930, -0.4
1931, -0.3
1932, -0.3
1933, 0.3
1934, 0.0
1935, -0.1
1936, -0.3
1937, 0.0
1938, -0.1
1939, 0.0
1940, 0.1
1941, -0.4
1942, -0.2
1943, 0.2
1944, 0.1
1945, 0.3
1946, 0.0
1947, 0.2
1948, 0.2
1949, -0.1
1950, 0.0
1951, 0.0
1952, 0.2
1953, 0.1
1954, 0.2
1955, 0.2
1956, -0.4
1957, 0.0
1958, -0.3
1959, -0.1
1960, -0.1
1961, 0.1
1962, -0.4
1963, 0.1
1964, -0.1
1965, 0.2
1966, 0.0
1967, -0.2
1968, 0.2
1969, -0.2
1970, 0.3
1971, 0.1
1972, 0.0
1973, -0.2
1974, 0.4
1975, 0.2
1976, -0.1
1977, -0.2
1978, 0.1
1979, -0.3
1980, -0.1
1981, -0.1
1982, -0.1
1983, -0.5
1984, 0.1
1985, 0.3
1986, 0.3
1987, 0.2
1988, -0.2
1989, 0.1
1990, -0.2
1991, 0.0
1992, 0.0
1993, 0.3
1994, 0.1
1995, -0.1
1996, 0.0
1997, 0.0
1998, 0.4
1999, -0.1
2000, -0.1
2001, 0.5
2002, -0.1
2003, 0.1
2004, 0.0
2005, -0.2
2006, 0.1
2007, 0.4
2008, -0.5
2009, -0.1
2010, 0.1
2011, 0.1
2012, -0.4
2013, 0.0
2014, 0.1
2015, 0.1
2016, 0.0
2017, 0.1
2018, 0.2
2019, 0.0
2020, -0.1
2021, -0.2
2022, 0.0
2023, -0.2
2024, 0.2
2025, 0.1
2026, 0.5
2027, 0.2
2028, 0.3
2029, -0.2
2030, 0.2
2031, -0.1
2032, 0.1
2033, -0.1
2034, 0.2
2035, -0.4
2036, -0.1
2037, -0.1
2038, -0.1
2039, -0.1
2040, 0.1
2041, 0.0
2042, 0.2
2043, -0.2
2044, -0.3
2045, -0.1
2046, 0.0
2047, 0.1
2048, -0.3
2049, 0.3
2050, -0.3
2051, 0.0
2052, 0.2
2053, -0.1
2054, -0.2
2055, 0.3
2056, -0.4
2057, -0.2
2058, 0.0
2059, 0.3
2060, 0.4
2061, 0.0
2062, 0.2
2063, -0.2
2064, -0.2
2065, -0.2
2066, 0.2
2067, -0.1
2068, -0.2
2069, 0.0
2070, 0.2
2071, 0.3
2072, -0.1
2073, -0.1
2074, 0.1
2075, 0.3
2076, -0.1
2077, 0.4
2078, -0.2
2079, -0.5
2080, 0.0
2081, 0.2
2082, 0.3
2083, 0.2
2084, 0.1
2085, 0.0
2086, 0.0
2087, 0.1
2088, 0.2
2089, 0.0
2090, 0.3
2091, 0.0
2092, 0.2
2093, -0.6
2094, 0.1
2095, -0.1
2096, 0.3
2097, -0.1
2098, -0.1
2099, 0.2
2100, -0.1
2101, 0.1
2102, 0.0
2103, -0.1
2104, 0.0
2105, -0.4
2106, -0.2
2107, 0.4
2108, -0.3
2109, -0.1
2110, -0.2
2111, -0.2
2112, -0.4
2113, -0.2
2114, 0.1
2115, 0.1
2116, -0.3
2117, -0.3
2118, 0.1
2119, 0.1
2120, -0.6
2121, 0.1
2122, -0.1
2123, 0.3
2124, -0.2
2125, 0.0
2126, -0.1
2127, -0.1
2128, 0.2
2129, 0.0
2130, -0.3
2131, 0.0
2132, -0.1
2133, 0.3
2134, -0.1
2135, -0.3
2136, 0.1
2137, 0.1
2138, 0.0
2139, 0.0
2140, 0.0
2141, -0.3
2142, 0.0
2143, -0.2
2144, -0.1
2145, -0.3
2146, 0.0
2147, 0.2
2148, -0.1
2149, 0.1
2150, -0.4
2151, 0.4
2152, 0.1
2153, 0.1
2154, -0.3
2155, -0.5
2156, 0.0
2157, 0.1
2158, 0.1
2159, 0.0
2160, 0.2
2161, 0.1
2162, -0.2
2163, 0.1
2164, 0.3
2165, 0.0
2166, 0.1
2167, -0.2
2168, -0.1
2169, 0.2
2170, 0.0
2171, 0.2
2172, -0.2
2173, 0.0
2174, 0.4
2175, 0.0
2176, 0.3
2177, 0.1
2178, -0.1
2179, 0.0
2180, -0.2
2181, 0.0
2182, 0.4
2183, 0.3
2184, -0.1
2185, 0.4
2186, 0.3
2187, 0.1
2188, 0.0
2189, -0.3
2190, -0.1
2191, 0.2
2192, 0.5
2193, 0.3
2194, 0.1
2195, 0.3
2196, 0.2
2197, 0.3
2198, 0.0
2199, -0.2
2200, -0.4
2201, 0.2
2202, -0.1
2203, -0.1
2204, 0.1
2205, 0.1
2206, -0.2
2207, 0.3
2208, 0.4
2209, 0.1
2210, 0.0
2211, 0.2
2212, -0.3
2213, 0.3
2214, 0.0
2215, 0.0
2216, -0.1
2217, -0.3
2218, 0.1
2219, 0.2
2220, 0.2
2221, 0.2
2222, -0.3
2223, 0.3
2224, -0.1
2225, 0.3
2226, 0.2
2227, -0.3
2228, -0.1
2229, -0.1
2230, 0.3
2231, 0.1
2232, 0.1
2233, 0.3
2234, 0.3
2235, -0.1
2236, 0.0
2237, 0.0
2238, 0.2
2239, 0.2
2240, 0.2
2241, -0.4
2242, -0.2
2243, 0.0
2244, 0.1
2245, 0.0
2246, 0.2
2247, -0.3
2248, 0.4
2249, -0.1
2250, -0.3
2251, -0.2
2252, 0.0
2253, 0.1
2254, 0.2
2255, -0.2
2256, -0.4
2257, -0.1
2258, 0.0
2259, -0.7
2260, 0.2
2261, -0.1
2262, -0.2
2263, -0.1
2264, -0.4
2265, -0.1
2266, -0.1
2267, 0.3
2268, -0.5
2269, 0.0
2270, 0.1
2271, -0.5
2272, -0.2
2273, 0.0
2274, 0.2
2275, 0.5
2276, 0.0
2277, -0.5
2278, 0.2
2279, -0.4
2280, 0.0
2281, 0.3
2282, -0.2
2283, 0.2
2284, 0.0
2285, 0.0
2286, 0.2
2287, 0.2
2288, -0.4
2289, 0.1
2290, 0.1
2291, 0.3
2292, -0.2
2293, 0.3
2294, -0.3
2295, 0.1
2296, -0.3
2297, 0.2
2298, -0.2
2299, 0.2
2300, 0.1
2301, 0.2
2302, -0.2
2303, 0.0
2304, 0.1
2305, 0.0
2306, -0.1
2307, -0.1
2308, 0.0
2309, 0.1
2310, -0.1
2311, 0.4
2312, -0.1
2313, 0.2
2314, 0.0
2315, 0.1
2316, 0.0
2317, -0.4
2318, 0.1
2319, -0.5
2320, -0.2
2321, -0.2
2322, 0.3
2323, -0.5
2324, -0.1
2325, 0.3
2326, 0.0
2327, -0.3
2328, -0.2
2329, 0.0
2330, -0.3
2331, -0.1
2332, -0.4
2333, 0.3
2334, -0.4
2335, -0.1
2336, 0.1
2337, -0.1
2338, -0.1
2339, -0.2
2340, -0.1
2341, 0.2
2342, -0.2
2343, 0.1
2344, 0.3
2345, -0.1
2346, -0.2
2347, -0.2
2348, -0.1
2349, -0.1
2350, 0.0
2351, 0.2
2352, 0.1
2353, 0.1
2354, -0.3
2355, -0.2
2356, -0.1
2357, 0.3
2358, 0.1
2359, 0.3
2360, 0.0
2361, -0.5
2362, -0.1
2363, -0.1
2364, 0.0
2365, 0.1
2366, -0.3
2367, -0.2
2368, -0.1
2369, -0.1
2370, 0.1
2371, 0.1
2372, 0.0
2373, -0.2
2374, -0.2
2375, 0.1
2376, -0.6
2377, 0.3
2378, 0.0
2379, -0.2
2380, 0.2
2381, 0.1
2382, -0.3
2383, 0.2
2384, -0.1
2385, 0.0
2386, -0.1
2387, 0.1
2388, -0.6
2389, 0.0
2390, 0.1
2391, -0.2
2392, 0.1
2393, -0.4
2394, 0.3
2395, 0.5
2396, 0.3
2397, 0.0
2398, -0.2
2399, 0.0
2400, 0.5
2401, 0.1
2402, -0.3
2403, -0.5
2404, 0.0
2405, 0.3
2406, -0.2
2407, 0.0
2408, -0.1
2409, 0.4
2410, 0.1
2411, 0.2
2412, 0.0
2413, 0.2
2414, -0.1
2415, 0.0
2416, 0.0
2417, -0.2
2418, 0.4
2419, -0.1
2420, -0.1
2421, 0.0
2422, -0.1
2423, 0.3
2424, 0.0
2425, -0.1
2426, 0.1
2427, -0.2
2428, -0.3
2429, 0.1
2430, 0.2
2431, 0.0
2432, 0.3
2433, 0.3
2434, 0.3
2435, 0.3
2436, -0.4
2437, -0.2
2438, 0.1
2439, 0.3
2440, -0.2
2441, 0.2
2442, 0.4
2443, 0.0
2444, -0.2
2445, 0.3
2446, 0.2
2447, -0.4
2448, -0.1
2449, 0.2
2450, -0.1
2451, -0.6
2452, -0.1
2453, -0.1
2454, -0.4
2455, -0.2
2456, -0.3
2457, -0.2
2458, 0.1
2459, 0.0
2460, -0.1
2461, 0.0
2462, 0.0
2463, 0.1
2464, 0.1
2465, -0.3
2466, 0.0
2467, 0.0
2468, -0.3
2469, 0.1
2470, 0.3
2471, 0.1
2472, 0.2
2473, 0.0
2474, -0.3
2475, -0.5
2476, 0.1
2477, 0.1
2478, 0.0
2479, 0.2
2480, 0.2
2481, 0.2
2482, -0.2
2483, -0.6
2484, 0.2
2485, 0.1
2486, -0.1
2487, 0.0
2488, -0.2
2489, 0.3
2490, 0.1
2491, -0.2
2492, -0.4
2493, 0.1
2494, 0.2
2495, 0.2
2496, -0.3
2497, -0.1
2498, 0.4
2499, 0.0
2500, 0.0
2501, 0.0
2502, 0.0
2503, -0.1
2504, 0.1
2505, 0.4
2506, -0.1
2507, 0.0
2508, -0.4
2509, -0.2
2510, 0.0
2511, 0.1
2512, -0.1
2513, -0.3
2514, 0.0
2515, 0.3
2516, -0.1
2517, 0.1
2518, 0.4
2519, 0.1
2520, 0.0
2521, 0.0
2522, 0.3
2523, -0.2
2524, 0.1
2525, 0.1
2526, -0.2
2527, 0.0
2528, 0.0
2529, 0.3
2530, 0.1
2531, 0.2
2532, 0.1
2533, -0.1
2534, -0.1
2535, -0.2
2536, -0.3
2537, 0.1
2538, 0.3
2539, -0.3
2540, -0.1
2541, -0.3
2542, -0.5
2543, 0.1
2544, 0.0
2545, -0.2
2546, 0.0
2547, 0.3
2548, 0.1
2549, -0.4
2550, 0.2
2551, 0.1
2552, -0.1
2553, 0.0
2554, -0.2
2555, -0.2
2556, -0.1
2557, -0.2
2558, 0.0
2559, 0.1
2560, 0.0
2561, 0.0
2562, -0.2
2563, 0.4
2564, 0.1
2565, -0.1
2566, 0.3
2567, -0.1
2568, -0.4
2569, 0.0
2570, -0.2
2571, 0.0
2572, 0.2
2573, 0.1
2574, -0.2
2575, 0.0
2576, 0.3
2577, -0.3
2578, 0.0
2579, -0.1
2580, 0.0
2581, -0.2
2582, -0.1
2583, -0.1
2584, 0.1
2585, -0.3
2586, 0.0
2587, 0.1
2588, -0.2
2589, 0.1
2590, 0.2
2591, 0.2
2592, -0.5
2593, 0.3
2594, -0.2
2595, -0.2
2596, 0.3
2597, 0.2
2598, 0.0
2599, 0.1
2600, 0.1
2601, 0.3
2602, 0.3
2603, 0.2
2604, 0.2
2605, -0.1
2606, -0.2
2607, 0.3
2608, 0.1
2609, 0.0
2610, 0.2
2611, -0.2
2612, 0.0
2613, -0.1
2614, 0.1
2615, -0.1
2616, -0.3
2617, -0.3
2618, 0.1
2619, 0.0
2620, 0.2
2621, 0.1
2622, -0.2
2623, 0.1
2624, -0.1
2625, 0.2
2626, -0.3
2627, 0.2
2628, -0.1
2629, 0.4
2630, 0.0
2631, -0.1
2632, 0.2
2633, -0.1
2634, 0.1
2635, -0.1
2636, 0.1
2637, -0.1
2638, -0.1
2639, 0.3
2640, 0.1
2641, 0.1
2642, -0.2
2643, 0.4
2644, 0.1
2645, 0.3
2646, 0.0
2647, 0.3
2648, -0.2
2649, 0.3
2650, -0.2
2651, 0.1
2652, -0.1
2653, 0.1
2654, 0.3
2655, 0.3
2656, 0.0
2657, 0.2
2658, 0.2
2659, -0.2
2660, 0.1
2661, 0.2
2662, 0.0
2663, 0.1
2664, -0.2
2665, 0.1
2666, 0.0
2667, 0.0
2668, 0.2
2669, -0.3
2670, 0.4
2671, 0.1
2672, -0.1
2673, -0.1
2674, 0.4
2675, -0.2
2676, 0.1
2677, -0.2
2678, -0.1
2679, -0.2
2680, -0.2
2681, -0.4
2682, 0.3
2683, 0.3
2684, 0.1
2685, -0.7
2686, 0.1
2687, 0.1
2688, 0.0
2689, 0.2
2690, -0.2
2691, 0.2
2692, 0.1
2693, -0.2
2694, 0.0
2695, 0.4
2696, 0.0
2697, -0.2
2698, -0.3
2699, 0.0
2700, -0.1
2701, 0.0
2702, 0.1
2703, -0.1
2704, 0.2
2705, 0.2
2706, -0.4
2707, -0.2
2708, 0.1
2709, 0.2
2710, -0.2
2711, 0.1
2712, 0.5
2713, 0.0
2714, 0.2
2715, 0.0
2716, 0.1
2717, 0.4
2718, -0.1
2719, 0.2
2720, -0.1
2721, 0.1
2722, 0.0
2723, -0.7
2724, 0.0
2725, 0.5
2726, -0.1
2727, 0.2
2728, 0.1
2729, 0.2
2730, -0.1
2731, 0.0
2732, 0.3
2733, 0.2
2734, 0.3
2735, -0.2
2736, -0.4
2737, 0.3
2738, -0.2
2739, 0.1
2740, -0.5
2741, 0.3
2742, 0.3
2743, 0.3
2744, -0.1
2745, 0.1
2746, -0.1
2747, 0.2
2748, 0.2
2749, 0.2
2750, 0.0
2751, 0.5
2752, 0.2
2753, 0.0
2754, 0.2
2755, -0.1
2756, -0.2
2757, -0.2
2758, -0.6
2759, -0.4
2760, -0.1
2761, -0.1
2762, 0.0
2763, 0.0
2764, 0.1
2765, 0.1
2766, -0.2
2767, -0.3
2768, -0.2
2769, -0.2
2770, 0.2
2771, 0.3
2772, 0.3
2773, 0.1
2774, -0.3
2775, 0.3
2776, -0.1
2777, 0.0
2778, -0.3
2779, 0.2
2780, 0.3
2781, -0.2
2782, 0.1
2783, 0.1
2784, -0.4
2785, 0.0
2786, -0.6
2787, -0.1
2788, -0.1
2789, 0.0
2790, 0.1
2791, -0.2
2792, -0.5
2793, -0.1
2794, 0.2
2795, 0.1
2796, -0.4
2797, 0.1
2798, -0.6
2799, 0.1
2800, 0.1
2801, 0.4
2802, -0.1
2803, -0.2
2804, -0.2
2805, -0.3
2806, 0.3
2807, 0.3
2808, -0.1
2809, -0.2
2810, -0.1
2811, -0.2
2812, 0.0
2813, 0.1
2814, -0.3
2815, 0.3
2816, -0.1
2817, 0.2
2818, -0.2
2819, 0.1
2820, -0.1
2821, 0.2
2822, 0.1
2823, 0.2
2824, -0.1
2825, 0.0
2826, -0.1
2827, -0.2
2828, 0.1
2829, 0.3
2830, -0.3
2831, -0.1
2832, 0.1
2833, 0.1
2834, -0.2
2835, -0.4
2836, 0.1
2837, -0.4
2838, 0.2
2839, 0.0
2840, 0.3
2841, -0.1
2842, 0.1
2843, 0.0
2844, -0.3
2845, -0.2
2846, -0.3
2847, 0.0
2848, 0.1
2849, 0.2
2850, 0.3
2851, 0.1
2852, 0.1
2853, -0.6
2854, 0.4
2855, 0.1
2856, 0.0
2857, 0.1
2858, -0.3
2859, 0.1
2860, 0.1
2861, 0.4
2862, 0.3
2863, 0.0
2864, 0.3
2865, 0.2
2866, 0.1
2867, 0.2
2868, 0.0
2869, 0.3
2870, -0.3
2871, 0.0
2872, -0.1
2873, -0.4
2874, 0.2
2875, -0.2
2876, -0.2
2877, 0.0
2878, 0.2
2879, 0.3
2880, -0.2
2881, 0.1
2882, -0.1
2883, 0.0
2884, -0.1
2885, 0.1
2886, -0.2
2887, 0.0
2888, -0.2
2889, 0.2
2890, -0.1
2891, 0.4
2892, -0.1
2893, 0.4
2894, -0.1
2895, 0.1
2896, 0.2
2897, 0.0
2898, -0.2
2899, -0.2
2900, -0.3
2901, 0.0
2902, -0.3
2903, -0.4
2904, -0.1
2905, 0.2
2906, -0.3
2907, 0.3
2908, 0.1
2909, -0.1
2910, -0.3
2911, 0.1
2912, 0.0
2913, -0.1
2914, 0.2
2915, -0.1
2916, 0.3
2917, 0.4
2918, 0.2
2919, 0.2
2920, 0.1
2921, 0.2
2922, -0.4
2923, -0.1
2924, -0.1
2925, -0.3
2926, -0.1
2927, -0.3
2928, 0.0
2929, -0.2
2930, -0.2
2931, 0.2
2932, 0.0
2933, 0.1
2934, -0.3
2935, 0.3
2936, -0.4
2937, -0.1
2938, -0.1
2939, 0.0
2940, -0.3
2941, -0.1
2942, 0.4
2943, -0.2
2944, -0.1
2945, -0.1
2946, -0.1
2947, -0.1
2948, -0.2
2949, -0.2
2950, 0.2
2951, 0.2
2952, 0.3
2953, 0.0
2954, 0.1
2955, 0.1
2956, 0.1
2957, -0.7
2958, 0.2
2959, -0.2
2960, -0.1
2961, -0.1
2962, 0.1
2963, -0.2
2964, 0.3
2965, 0.1
2966, 0.1
2967, -0.3
2968, 0.0
2969, 0.2
2970, -0.2
2971, -0.1
2972, 0.0
2973, 0.2
2974, -0.3
2975, 0.0
2976, 0.1
2977, -0.3
2978, -0.3
2979, 0.0
2980, -0.2
2981, 0.1
2982, -0.1
2983, -0.5
2984, 0.1
2985, 0.4
2986, 0.2
2987, -0.1
2988, -0.5
2989, 0.3
2990, -0.1
2991, 0.0
2992, 0.4
2993, 0.2
2994, 0.4
2995, -0.4
2996, 0.2
2997, -0.1
2998, -0.1
2999, -0.2
3000, -0.6
3001, -0.1
3002, 0.1
3003, 0.1
3004, 0.3
3005, 0.0
3006, -0.5
3007, 0.3
3008, 0.3
3009, 0.1
3010, 0.0
3011, -0.5
3012, 0.0
3013, 0.2
3014, 0.3
3015, 0.3
3016, 0.0
3017, 0.5
3018, 0.1
3019, -0.1
3020, 0.0
3021, 0.3
3022, 0.3
3023, 0.3
3024, 0.1
3025, 0.4
3026, -0.1
3027, 0.1
3028, 0.2
3029, 0.0
3030, 0.4
3031, 0.0
3032, -0.2
3033, 0.1
3034, 0.2
3035, 0.4
3036, 0.3
3037, -0.7
3038, -0.4
3039, -0.1
3040, -0.1
3041, -0.3
3042, -0.4
3043, 0.2
3044, -0.1
3045, -0.3
3046, -0.3
3047, -0.1
3048, -0.1
3049, -0.2
3050, -0.4
3051, 0.0
3052, -0.1
3053, 0.3
3054, -0.3
3055, -0.5
3056, -0.3
3057, 0.1
3058, 0.0
3059, -0.2
3060, -0.2
3061, 0.1
3062, -0.1
3063, 0.0
3064, 0.4
3065, 0.1
3066, 0.1
3067, 0.1
3068, -0.1
3069, 0.1
3070, 0.3
3071, -0.1
3072, -0.2
3073, 0.2
3074, -0.2
3075, 0.1
3076, -0.3
3077, 0.1
3078, -0.1
3079, 0.2
3080, -0.1
3081, 0.5
3082, 0.4
3083, 0.0
3084, 0.2
3085, -0.4
3086, -0.5
3087, 0.2
3088, 0.2
3089, -0.1
3090, 0.3
3091, 0.2
3092, -0.2
3093, -0.2
3094, 0.0
3095, -0.4
3096, 0.0
3097, -0.1
3098, -0.4
3099, 0.0
3100, -0.2
3101, 0.3
3102, -0.2
3103, 0.0
3104, 0.1
3105, 0.2
3106, -0.3
3107, 0.2
3108, 0.1
3109, 0.2
3110, 0.1
3111, 0.0
3112, 0.0
3113, -0.3
3114, 0.2
3115, 0.0
3116, 0.0
3117, -0.3
3118, -0.1
3119, 0.1
3120, 0.0
3121, 0.1
3122, 0.0
3123, 0.0
3124, -0.1
3125, 0.2
3126, 0.1
3127, 0.3
3128, 0.3
3129, 0.1
3130, 0.0
3131, 0.1
3132, 0.3
3133, 0.0
3134, -0.1
3135, -0.1
3136, 0.1
3137, 0.2
3138, 0.1
3139, -0.2
3140, 0.2
3141, 0.1
3142, 0.3
3143, 0.2
3144, 0.2
3145, -0.1
3146, -0.1
3147, 0.2
3148, 0.0
3149, 0.1
3150, 0.2
3151, 0.1
3152, 0.3
3153, -0.2
3154, 0.1
3155, -0.4
3156, 0.2
3157, -0.1
3158, -0.3
3159, 0.0
3160, 0.2
3161, 0.0
3162, -0.1
3163, -0.1
3164, 0.0
3165, -0.5
3166, 0.3
3167, -0.1
3168, 0.0
3169, 0.2
3170, 0.0
3171, -0.1
3172, -0.1
3173, -0.2
3174, -0.5
3175, -0.6
3176, -0.2
3177, -0.2
3178, 0.0
3179, -0.5
3180, 0.0
3181, 0.0
3182, -0.1
3183, -0.1
3184, 0.1
3185, -0.6
3186, 0.2
3187, 0.0
3188, 0.1
3189, -0.1
3190, -0.2
3191, -0.3
3192, 0.4
3193, 0.2
3194, 0.1
3195, -0.1
3196, 0.0
3197, 0.2
3198, 0.1
3199, -0.1
3200, 0.1
3201, 0.5
3202, 0.2
3203, 0.3
3204, 0.2
3205, -0.2
3206, 0.1
3207, -0.1
3208, 0.2
3209, 0.1
3210, 0.2
3211, 0.2
3212, -0.1
3213, 0.1
3214, 0.2
3215, 0.1
3216, 0.0
3217, -0.2
3218, -0.1
3219, -0.3
3220, 0.2
3221, -0.3
3222, 0.2
3223, 0.0
3224, -0.4
3225, 0.0
3226, 0.0
3227, 0.2
3228, 0.1
3229, 0.0
3230, 0.4
3231, 0.0
3232, -0.2
3233, -0.3
3234, 0.0
3235, 0.0
3236, 0.4
3237, 0.0
3238, -0.2
3239, 0.2
3240, -0.1
3241, -0.2
3242, 0.2
3243, -0.2
3244, -0.1
3245, -0.7
3246, 0.0
3247, 0.4
3248, 0.3
3249, 0.2
3250, -0.1
3251, 0.1
3252, 0.4
3253, 0.0
3254, -0.2
3255, -0.1
3256, 0.0
3257, 0.0
3258, -0.6
3259, -0.4
3260, -0.1
3261, 0.2
3262, 0.1
3263, 0.2
3264, 0.1
3265, -0.1
3266, -0.3
3267, -0.4
3268, 0.2
3269, -0.1
3270, 0.1
3271, 0.1
3272, 0.1
3273, 0.5
3274, 0.2
3275, -0.1
3276, 0.1
3277, -0.2
3278, 0.0
3279, -0.4
3280, 0.0
3281, 0.2
3282, 0.0
3283, 0.3
3284, 0.0
3285, 0.1
3286, -0.2
3287, 0.1
3288, 0.4
3289, 0.1
3290, -0.3
3291, 0.0
3292, 0.1
3293, 0.2
3294, -0.3
3295, 0.5
3296, -0.2
3297, -0.1
3298, 0.0
3299, 0.1
3300, 0.2
3301, -0.3
3302, -0.3
3303, 0.2
3304, 0.0
3305, 0.0
3306, -0.4
3307, -0.1
3308, 0.2
3309, -0.5
3310, -0.2
3311, 0.0
3312, -0.6
3313, -0.2
3314, 0.2
3315, 0.1
3316, 0.3
3317, -0.1
3318, 0.1
3319, 0.1
3320, 0.1
3321, -0.4
3322, 0.3
3323, 0.1
3324, -0.1
3325, -0.1
3326, 0.1
3327, -0.3
3328, 0.0
3329, -0.3
3330, -0.2
3331, 0.2
3332, -0.4
3333, 0.2
3334, 0.3
3335, -0.1
3336, -0.1
3337, 0.2
3338, -0.2
3339, -0.3
3340, 0.2
3341, 0.0
3342, 0.2
3343, 0.1
3344, -0.1
3345, -0.2
3346, 0.2
3347, -0.4
3348, -0.3
3349, 0.2
3350, 0.1
3351, -0.2
3352, 0.0
3353, 0.4
3354, 0.4
3355, -0.5
3356, -0.2
3357, 0.4
3358, -0.2
3359, 0.0
3360, 0.0
3361, 0.2
3362, 0.0
3363, 0.0
3364, -0.2
3365, -0.2
3366, -0.5
3367, -0.2
3368, -0.2
3369, 0.4
3370, 0.3
3371, -0.2
3372, -0.3
3373, -0.1
3374, 0.3
3375, 0.0
3376, -0.5
3377, -0.3
3378, 0.1
3379, -0.1
3380, 0.2
3381, 0.3
3382, -0.1
3383, 0.0
3384, 0.0
3385, 0.4
3386, 0.1
3387, 0.2
3388, 0.0
3389, 0.1
3390, -0.2
3391, 0.1
3392, 0.5
3393, -0.3
3394, 0.0
3395, -0.1
3396, 0.1
3397, -0.2
3398, -0.4
3399, -0.2
3400, -0.1
3401, -0.1
3402, 0.1
3403, 0.4
3404, -0.3
3405, -0.1
3406, 0.1
3407, -0.1
3408, 0.2
3409, 0.0
3410, 0.2
3411, -0.1
3412, -0.3
3413, -0.2
3414, 0.0
3415, 0.0
3416, -0.2
3417, 0.4
3418, 0.4
3419, 0.0
3420, 0.1
3421, -0.2
3422, -0.2
3423, -0.2
3424, 0.3
3425, 0.1
3426, 0.0
3427, 0.0
3428, -0.4
3429, 0.2
3430, 0.2
3431, 0.3
3432, -0.2
3433, -0.3
3434, -0.4
3435, 0.1
3436, 0.1
3437, 0.0
3438, 0.2
3439, 0.2
3440, 0.1
3441, 0.1
3442, -0.1
3443, 0.3
3444, -0.2
3445, -0.2
3446, 0.1
3447, -0.1
3448, -0.3
3449, 0.4
3450, 0.2
3451, 0.2
3452, 0.0
3453, 0.1
3454, -0.3
3455, 0.1
3456, 0.1
3457, 0.0
3458, 0.0
3459, 0.2
3460, 0.1
3461, -0.2
3462, 0.3
3463, 0.0
3464, 0.4
3465, 0.1
3466, -0.1
3467, 0.2
3468, 0.2
3469, 0.0
3470, -0.2
3471, -0.4
3472, -0.1
3473, -0.1
3474, -0.2
3475, 0.0
3476, 0.0
3477, -0.2
3478, 0.0
3479, -0.1
3480, -0.5
3481, 0.1
3482, -0.1
3483, -0.1
3484, 0.1
3485, -0.2
3486, 0.0
3487, -0.1
3488, -0.2
3489, 0.0
3490, -0.2
3491, -0.3
3492, -0.1
3493, 0.3
3494, 0.1
3495, -0.1
3496, 0.0
3497, -0.1
3498, -0.1
3499, -0.1
3500, -0.2
3501, 0.3
3502, -0.3
3503, -0.2
3504, -0.2
3505, -0.2
3506, 0.1
3507, -0.3
3508, 0.0
3509, 0.4
3510, 0.5
3511, -0.3
3512, -0.4
3513, -0.4
3514, 0.1
3515, 0.0
3516, 0.3
3517, 0.0
3518, -0.2
3519, 0.2
3520, 0.1
3521, -0.2
3522, 0.0
3523, -0.3
3524, -0.1
3525, -0.4
3526, 0.1
3527, -0.4
3528, -0.3
3529, 0.1
3530, 0.1
3531, -0.1
3532, -0.1
3533, -0.4
3534, 0.1
3535, -0.1
3536, 0.2
3537, 0.1
3538, -0.2
3539, 0.4
3540, -0.3
3541, -0.2
3542, 0.3
3543, 0.1
3544, 0.3
3545, -0.1
3546, 0.1
3547, 0.0
3548, -0.1
3549, -0.2
3550, -0.3
3551, 0.3
3552, 0.2
3553, -0.2
3554, 0.0
3555, -0.1
3556, 0.2
3557, 0.1
3558, 0.0
3559, 0.3
3560, -0.3
3561, 0.2
3562, -0.1
3563, 0.3
3564, -0.2
3565, 0.3
3566, -0.1
3567, 0.0
3568, -0.2
3569, 0.0
3570, 0.2
3571, 0.1
3572, 0.2
3573, 0.0
3574, 0.4
3575, -0.1
3576, 0.1
3577, -0.1
3578, 0.0
3579, -0.1
3580, -0.1
3581, 0.1
3582, -0.4
3583, -0.1
3584, -0.2
3585, 0.3
3586, -0.3
3587, 0.2
3588, -0.2
3589, 0.2
3590, -0.1
3591, -0.1
3592, -0.3
3593, -0.1
3594, -0.5
3595, -0.1
3596, -0.2
3597, -0.2
3598, 0.1
3599, -0.3
3600, 0.2
3601, 0.3
3602, 0.1
3603, -0.5
3604, -0.1
3605, 0.3
3606, -0.1
3607, -0.2
3608, 0.4
3609, -0.1
3610, 0.4
3611, 0.3
3612, -0.4
3613, -0.1
3614, -0.2
3615, 0.1
3616, 0.2
3617, -0.3
3618, 0.1
3619, -0.4
3620, 0.3
3621, 0.0
3622, -0.1
3623, -0.3
3624, 0.1
3625, 0.0
3626, -0.3
3627, -0.1
3628, -0.2
3629, -0.4
3630, 0.2
3631, 0.1
3632, -0.3
3633, 0.0
3634, 0.0
3635, -0.1
3636, 0.5
3637, -0.3
3638, 0.1
3639, 0.1
3640, -0.3
3641, 0.1
3642, -0.4
3643, 0.1
3644, 0.3
3645, -0.1
3646, -0.2
3647, 0.4
3648, -0.3
3649, 0.1
3650, -0.1
3651, -0.2
3652, 0.3
3653, 0.0
3654, -0.1
3655, -0.1
3656, -0.2
3657, 0.0
3658, 0.2
3659, 0.2
3660, -0.3
3661, 0.0
3662, 0.2
3663, -0.2
3664, -0.3
3665, 0.3
3666, 0.1
3667, 0.2
3668, 0.5
3669, 0.1
3670, 0.1
3671, -0.1
3672, 0.2
3673, 0.1
3674, -0.1
3675, -0.2
3676, -0.1
3677, 0.0
3678, 0.2
3679, 0.1
3680, 0.1
3681, -0.2
3682, 0.1
3683, -0.2
3684, 0.0
3685, 0.0
3686, 0.2
3687, -0.1
3688, -0.1
3689, -0.2
3690, -0.2
3691, -0.1
3692, -0.1
3693, -0.2
3694, 0.2
3695, -0.2
3696, 0.0
3697, 0.2
3698, -0.1
3699, 0.1
3700, 0.5
3701, 0.0
3702, 0.3
3703, -0.4
3704, 0.2
3705, -0.2
3706, 0.3
3707, 0.2
3708, 0.4
3709, -0.1
3710, 0.0
3711, -0.2
3712, 0.1
3713, -0.3
3714, 0.3
3715, 0.3
3716, 0.0
3717, -0.1
3718, 0.3
3719, -0.2
3720, -0.3
3721, -0.2
3722, 0.1
3723, -0.5
3724, 0.0
3725, 0.2
3726, 0.0
3727, 0.1
3728, 0.0
3729, -0.1
3730, 0.2
3731, 0.2
3732, -0.1
3733, 0.2
3734, -0.1
3735, -0.1
3736, 0.1
3737, -0.1
3738, -0.2
3739, 0.1
3740, 0.1
3741, -0.1
3742, 0.1
3743, 0.1
3744, -0.1
3745, 0.1
3746, -0.1
3747, -0.3
3748, 0.0
3749, 0.3
3750, -0.4
3751, 0.0
3752, 0.1
3753, 0.3
3754, -0.1
3755, -0.2
3756, -0.1
3757, 0.2
3758, 0.2
3759, -0.1
3760, 0.0
3761, 0.3
3762, -0.2
3763, 0.1
3764, 0.1
3765, 0.0
3766, -0.2
3767, 0.2
3768, 0.0
3769, -0.2
3770, -0.2
3771, 0.3
3772, 0.1
3773, -0.1
3774, -0.3
3775, 0.0
3776, -0.1
3777, 0.4
3778, -0.3
3779, 0.0
3780, -0.4
3781, 0.0
3782, -0.4
3783, 0.2
3784, -0.2
3785, -0.1
3786, 0.0
3787, 0.0
3788, -0.1
3789, -0.3
3790, -0.1
3791, 0.0
3792, -0.1
3793, 0.0
3794, 0.2
3795, 0.2
3796, -0.2
3797, 0.0
3798, -0.3
3799, 0.1
3800, -0.5
3801, -0.2
3802, 0.2
3803, -0.2
3804, 0.3
3805, -0.1
3806, 0.0
3807, -0.1
3808, -0.3
3809, 0.1
3810, -0.4
3811, 0.1
3812, 0.1
3813, -0.1
3814, 0.0
3815, 0.3
3816, 0.2
3817, -0.1
3818, 0.1
3819, 0.3
3820, -0.5
3821, -0.5
3822, 0.3
3823, -0.1
3824, 0.4
3825, -0.1
3826, -0.1
3827, 0.1
3828, 0.2
3829, 0.1
3830, 0.3
3831, 0.2
3832, 0.4
3833, 0.1
3834, 0.2
3835, 0.0
3836, 0.0
3837, -0.1
3838, -0.1
3839, 0.0
3840, 0.4
3841, -0.1
3842, -0.3
3843, -0.2
3844, 0.2
3845, -0.3
3846, 0.0
3847, -0.1
3848, 0.5
3849, 0.3
3850, 0.2
3851, 0.3
3852, 0.3
3853, 0.2
3854, -0.1
3855, -0.5
3856, -0.2
3857, 0.0
3858, 0.0
3859, -0.3
3860, -0.1
3861, -0.6
3862, -0.1
3863, -0.1
3864, -0.2
3865, 0.2
3866, 0.2
3867, -0.1
3868, -0.1
3869, -0.1
3870, -0.3
3871, 0.1
3872, -0.4
3873, -0.1
3874, 0.2
3875, -0.3
3876, 0.1
3877, 0.1
3878, 0.3
3879, 0.2
3880, -0.1
3881, -0.2
3882, -0.2
3883, 0.0
3884, -0.1
3885, 0.1
3886, 0.1
3887, -0.2
3888, -0.2
3889, 0.3
3890, 0.2
3891, 0.1
3892, 0.0
3893, 0.0
3894, -0.2
3895, 0.0
3896, 0.4
3897, 0.0
3898, 0.1
3899, -0.1
3900, -0.3
3901, -0.1
3902, 0.0
3903, 0.2
3904, -0.2
3905, -0.3
3906, 0.1
3907, 0.4
3908, 0.2
3909, -0.2
3910, -0.2
3911, 0.3
3912, -0.6
3913, 0.2
3914, 0.1
3915, 0.1
3916, 0.2
3917, 0.5
3918, 0.1
3919, -0.2
3920, 0.0
3921, 0.3
3922, 0.4
3923, -0.2
3924, -0.2
3925, 0.1
3926, 0.2
3927, 0.2
3928, -0.1
3929, 0.1
3930, 0.1
3931, 0.2
3932, 0.0
3933, 0.1
3934, -0.5
3935, 0.2
3936, 0.0
3937, 0.0
3938, 0.3
3939, 0.1
3940, 0.0
3941, -0.1
3942, 0.1
3943, -0.6
3944, 0.1
3945, -0.5
3946, 0.1
3947, 0.2
3948, 0.2
3949, 0.2
3950, 0.0
3951, 0.4
3952, -0.1
3953, 0.0
3954, -0.4
3955, 0.2
3956, 0.1
3957, 0.0
3958, 0.1
3959, 0.0
3960, 0.3
3961, 0.0
3962, 0.4
3963, -0.2
3964, 0.3
3965, -0.2
3966, 0.3
3967, -0.3
3968, -0.2
3969, 0.0
3970, -0.1
3971, -0.6
3972, 0.1
3973, 0.0
3974, -0.1
3975, -0.4
3976, 0.3
3977, 0.0
3978, 0.2
3979, -0.4
3980, 0.0
3981, 0.1
3982, -0.2
3983, 0.0
3984, -0.5
3985, 0.5
3986, 0.1
3987, 0.1
3988, -0.3
3989, -0.1
3990, 0.1
3991, 0.2
3992, 0.3
3993, -0.4
3994, 0.1
3995, 0.1
3996, -0.1
3997, -0.1
3998, -0.1
3999, -0.2
