0, 0.1
1, -0.3
2, 0.0
3, -0.3
4, -0.3
5, -0.1
6, 0.0
7, 0.2
8, 0.0
9, -0.1
10, 0.0
11, -0.1
12, -0.6
13, 0.0
14, -0.5
15, 0.2
16, 0.0
17, 0.1
18, -0.1
19, 0.0
20, 0.1
21, 0.0
22, 0.0
23, 0.5
24, -0.3
25, -0.2
26, -0.3
27, -0.5
28, 0.1
29, 0.0
30, -0.1
31, -0.4
32, -0.1
33, 0.0
34, -0.1
35, -0.6
36, -0.1
37, 0.1
38, -0.1
39, -0.3
40, -0.2
41, -0.4
42, 0.1
43, -0.2
44, -0.1
45, -0.3
46, 0.2
47, 0.2
48, -0.2
49, 0.0
50, -0.1
51, -0.1
52, -0.4
53, 0.2
54, 0.0
55, 0.3
56, 0.0
57, 0.0
58, 0.4
59, 0.4
60, 0.2
61, 0.0
62, 0.0
63, -0.1
64, 0.2
65, 0.0
66, -0.3
67, 0.2
68, 0.2
69, 0.3
70, 0.1
71, -0.1
72, 0.1
73, -0.6
74, -0.3
75, -0.2
76, -0.2
77, -0.1
78, 0.0
79, 0.0
80, 0.3
81, 0.2
82, 0.0
83, 0.2
84, 0.4
85, 0.0
86, -0.1
87, -0.3
88, 0.0
89, -0.3
90, -0.1
91, -0.3
92, 0.1
93, -0.2
94, 0.0
95, 0.3
96, -0.3
97, 0.1
98, 0.5
99, 0.4
100, -0.4
101, 0.0
102, -0.5
103, 0.3
104, 0.4
105, 0.3
106, 0.0
107, 0.0
108, 0.0
109, -0.3
110, -0.2
111, 0.1
112, -0.4
113, 0.0
114, -0.4
115, -0.1
116, -0.3
117, -0.4
118, -0.1
119, 0.0
120, -0.2
121, -0.2
122, 0.4
123, 0.0
124, 0.1
125, 0.5
126, 0.0
127, 0.3
128, 0.2
129, 0.1
130, -0.1
131, 0.1
132, 0.3
133, 0.2
134, -0.1
135, 0.0
136, 0.1
137, -0.1
138, -0.3
139, 0.2
140, -0.2
141, 0.1
142, 0.1
143, 0.0
144, 0.1
145, 0.0
146, -0.5
147, -0.1
148, 0.2
149, 0.3
150, 0.2
151, 0.4
152, 0.2
153, 0.2
154, 0.1
155, 0.2
156, 0.0
157, 0.2
158, -0.2
159, -0.4
160, 0.1
161, 0.1
162, 0.3
163, 0.1
164, -0.4
165, 0.2
166, 0.0
167, -0.1
168, -0.2
169, -0.4
170, 0.2
171, -0.3
172, 0.1
173, 0.0
174, -0.1
175, 0.0
176, -0.3
177, 0.0
178, -0.1
179, -0.1
180, -0.4
181, -0.2
182, 0.1
183, 0.0
184, 0.0
185, -0.1
186, -0.1
187, 0.2
188, -0.1
189, -0.1
190, -0.3
191, 0.1
192, -0.3
193, -0.1
194, 0.2
195, -0.1
196, 0.0
197, -0.1
198, 0.2
199, 0.1
200, 0.1
201, -0.1
202, -0.2
203, -0.2
204, -0.2
205, 0.2
206, 0.0
207, -0.2
208, -0.7
209, 0.1
210, 0.5
211, -0.2
212, 0.1
213, 0.1
214, -0.2
215, -0.1
216, 0.3
217, -0.1
218, 0.1
219, 0.0
220, 0.0
221, 0.3
222, -0.3
223, -0.1
224, -0.3
225, 0.0
226, -0.2
227, -0.2
228, -0.2
229, -0.3
230, 0.1
231, 0.2
232, 0.1
233, -0.2
234, -0.1
235, 0.0
236, -0.1
237, 0.0
238, 0.3
239, 0.2
240, -0.4
241, 0.0
242, 0.2
243, 0.2
244, -0.2
245, 0.1
246, -0.1
247, 0.0
248, 0.0
249, -0.1
250, 0.2
251, -0.3
252, -0.1
253, 0.1
254, 0.3
255, -0.4
256, 0.1
257, 0.0
258, -0.1
259, 0.1
260, -0.2
261, 0.2
262, -0.1
263, -0.2
264, -0.2
265, -0.3
266, 0.3
267, -0.4
268, 0.1
269, -0.1
270, 0.3
271, 0.1
272, -0.3
273, 0.3
274, 0.2
275, -0.2
276, 0.2
277, 0.3
278, 0.3
279, -0.1
280, -0.3
281, 0.2
282, -0.3
283, 0.3
284, -0.2
285, -0.2
286, -0.2
287, -0.4
288, 0.3
289, 0.0
290, 0.1
291, -0.1
292, 0.3
293, 0.0
294, 0.2
295, 0.3
296, -0.2
297, 0.4
298, -0.2
299, -0.4
300, 0.5
301, 0.4
302, 0.3
303, 0.0
304, 0.0
305, -0.2
306, 0.4
307, 0.2
308, -0.2
309, 0.0
310, 0.0
311, -0.4
312, 0.0
313, 0.0
314, 0.2
315, 0.0
316, 0.3
317, 0.0
318, -0.1
319, -0.1
320, -0.2
321, -0.3
322, 0.0
323, 0.0
324, 0.1
325, 0.4
326, 0.2
327, -0.1
328, 0.1
329, 0.2
330, 0.1
331, 0.3
332, 0.1
333, 0.1
334, 0.1
335, 0.1
336, 0.0
337, -0.1
338, 0.3
339, -0.1
340, -0.3
341, -0.1
342, -0.5
343, -0.3
344, -0.3
345, -0.1
346, -0.2
347, 0.0
348, -0.2
349, -0.4
350, 0.0
351, 0.0
352, 0.3
353, -0.3
354, 0.3
355, -0.7
356, 0.1
357, 0.0
358, -0.1
359, 0.0
360, -0.3
361, -0.2
362, 0.1
363, 0.1
364, 0.2
365, 0.4
366, -0.3
367, 0.1
368, 0.2
369, 0.0
370, 0.4
371, 0.3
372, -0.1
373, 0.5
374, -0.1
375, 0.3
376, -0.4
377, 0.3
378, 0.3
379, 0.2
380, -0.1
381, -0.2
382, 0.1
383, -0.2
384, -0.5
385, -0.1
386, -0.2
387, 0.1
388, 0.4
389, -0.4
390, 0.3
391, -0.3
392, 0.1
393, -0.3
394, -0.2
395, 0.3
396, 0.1
397, 0.0
398, -0.2
399, 0.2
400, 0.4
401, -0.2
402, 0.0
403, -0.1
404, 0.1
405, 0.3
406, -0.2
407, -0.1
408, 0.0
409, 0.1
410, 0.1
411, -0.1
412, 0.0
413, -0.3
414, 0.0
415, 0.0
416, 0.2
417, -0.2
418, 0.2
419, 0.1
420, 0.1
421, 0.1
422, 0.1
423, -0.1
424, -0.1
425, -0.1
426, -0.1
427, 0.2
428, -0.2
429, 0.3
430, 0.1
431, -0.2
432, -0.2
433, 0.0
434, 0.2
435, -0.2
436, 0.0
437, 0.0
438, -0.2
439, 0.0
440, -0.1
441, 0.2
442, 0.2
443, 0.0
444, -0.1
445, -0.3
446, 0.2
447, 0.0
448, 0.0
449, 0.1
450, -0.2
451, 0.0
452, 0.3
453, 0.0
454, 0.0
455, -0.2
456, 0.1
457, -0.1
458, 0.0
459, 0.0
460, 0.1
461, -0.1
462, -0.4
463, 0.1
464, 0.1
465, 0.1
466, -0.2
467, 0.3
468, -0.5
469, 0.4
470, 0.2
471, -0.1
472, 0.1
473, 0.2
474, -0.1
475, 0.3
476, -0.1
477, 0.2
478, 0.0
479, 0.0
480, -0.1
481, 0.0
482, 0.2
483, 0.1
484, 0.2
485, 0.1
486, 0.2
487, -0.1
488, 0.2
489, -0.6
490, 0.3
491, 0.1
492, 0.0
493, 0.0
494, -0.1
495, -0.3
496, 0.0
497, 0.2
498, 0.1
499, 0.2
500, 0.0
501, 0.0
502, 0.2
503, 0.0
504, 0.2
505, 0.1
506, 0.1
507, 0.2
508, 0.1
509, 0.3
510, 0.2
511, 0.3
512, -0.2
513, 0.1
514, -0.3
515, 0.1
516, 0.2
517, 0.0
518, -0.3
519, -0.2
520, 0.2
521, 0.2
522, 0.2
523, 0.0
524, 0.0
525, -0.3
526, 0.0
527, 0.2
528, -0.3
529, -0.1
530, 0.4
531, 0.0
532, 0.0
533, 0.2
534, 0.3
535, 0.2
536, -0.1
537, -0.2
538, -0.6
539, -0.1
540, 0.3
541, 0.0
542, -0.3
543, -0.1
544, -0.1
545, -0.3
546, 0.3
547, 0.2
548, -0.1
549, 0.2
550, -0.4
551, 0.0
552, -0.3
553, 0.0
554, 0.1
555, 0.1
556, 0.4
557, 0.1
558, 0.1
559, -0.4
560, -0.1
561, -0.1
562, 0.0
563, -0.2
564, -0.3
565, 0.3
566, -0.1
567, 0.3
568, 0.0
569, -0.2
570, 0.0
571, 0.2
572, 0.0
573, -0.4
574, 0.2
575, 0.0
576, 0.3
577, -0.2
578, 0.0
579, 0.0
580, -0.5
581, 0.3
582, 0.2
583, -0.7
584, -0.3
585, 0.2
586, -0.4
587, 0.2
588, -0.1
589, -0.1
590, 0.0
591, 0.3
592, -0.1
593, -0.3
594, -0.1
595, 0.0
596, 0.2
597, 0.0
598, 0.2
599, 0.0
600, 0.0
601, -0.1
602, 0.3
603, 0.1
604, 0.3
605, 0.3
606, -0.2
607, 0.2
608, 0.0
609, -0.4
610, 0.1
611, 0.2
612, 0.1
613, -0.3
614, 0.2
615, 0.4
616, -0.3
617, -0.1
618, 0.1
619, 0.2
620, 0.3
621, 0.1
622, -0.2
623, 0.3
624, -0.2
625, -0.1
626, 0.3
627, -0.3
628, -0.3
629, 0.1
630, 0.2
631, 0.2
632, 0.1
633, -0.4
634, 0.0
635, -0.1
636, 0.4
637, 0.2
638, 0.0
639, 0.0
640, 0.0
641, 0.4
642, 0.1
643, -0.1
644, 0.1
645, -0.1
646, 0.1
647, 0.1
648, -0.2
649, 0.2
650, -0.2
651, 0.2
652, 0.1
653, 0.2
654, 0.2
655, -0.1
656, -0.2
657, -0.1
658, 0.0
659, 0.3
660, 0.1
661, 0.0
662, 0.0
663, -0.3
664, 0.2
665, 0.2
666, -0.3
667, 0.1
668, 0.3
669, 0.4
670, -0.2
671, -0.3
672, 0.1
673, 0.0
674, -0.2
675, -0.1
676, 0.0
677, -0.3
678, 0.0
679, 0.3
680, 0.1
681, 0.2
682, 0.0
683, -0.4
684, 0.0
685, 0.1
686, 0.2
687, 0.0
688, 0.0
689, 0.1
690, 0.0
691, 0.3
692, 0.0
693, 0.1
694, -0.1
695, -0.5
696, -0.1
697, 0.0
698, 0.0
699, -0.2
700, 0.1
701, -0.2
702, -0.2
703, 0.1
704, 0.2
705, 0.0
706, -0.1
707, 0.1
708, -0.3
709, 0.2
710, 0.0
711, -0.1
712, -0.3
713, 0.0
714, -0.1
715, -0.2
716, -0.1
717, 0.0
718, 0.1
719, -0.3
720, 0.1
721, -0.4
722, -0.1
723, -0.2
724, -0.1
725, -0.2
726, 0.1
727, -0.3
728, 0.0
729, -0.3
730, -0.2
731, 0.1
732, -0.2
733, -0.2
734, 0.3
735, -0.4
736, 0.3
737, 0.1
738, -0.5
739, -0.2
740, -0.1
741, -0.3
742, -0.4
743, -0.1
744, 0.0
745, -0.2
746, 0.0
747, -0.3
748, 0.1
749, 0.0
750, 0.0
751, 0.1
752, 0.0
753, 0.0
754, -0.3
755, -0.2
756, 0.2
757, 0.3
758, 0.1
759, 0.1
760, 0.0
761, -0.2
762, 0.0
763, -0.1
764, 0.1
765, 0.1
766, 0.3
767, 0.1
768, 0.5
769, -0.2
770, 0.4
771, 0.0
772, 0.1
773, 0.1
774, 0.2
775, 0.0
776, 0.3
777, 0.2
778, -0.2
779, 0.2
780, 0.1
781, -0.3
782, 0.2
783, 0.2
784, 0.2
785, 0.0
786, 0.2
787, -0.3
788, -0.1
789, -0.1
790, -0.1
791, 0.5
792, 0.2
793, 0.4
794, 0.3
795, 0.2
796, -0.1
797, 0.3
798, 0.0
799, 0.0
800, -0.5
801, 0.2
802, 0.1
803, -0.4
804, 0.1
805, -0.1
806, -0.2
807, -0.4
808, 0.3
809, -0.3
810, -0.2
811, -0.1
812, -0.4
813, -0.1
814, -0.2
815, 0.3
816, 0.3
817, 0.1
818, -0.5
819, -0.2
820, -0.4
821, 0.1
822, -0.3
823, 0.0
824, -0.5
825, -0.3
826, -0.2
827, -0.1
828, 0.1
829, -0.1
830, 0.0
831, 0.0
832, -0.2
833, 0.2
834, -0.2
835, -0.1
836, -0.1
837, 0.2
838, 0.0
839, 0.0
840, 0.0
841, -0.2
842, 0.2
843, -0.3
844, -0.1
845, -0.5
846, 0.1
847, 0.1
848, 0.1
849, 0.0
850, 0.2
851, -0.1
852, 0.0
853, -0.2
854, 0.1
855, 0.1
856, 0.1
857, 0.3
858, 0.2
859, 0.1
860, 0.0
861, 0.1
862, -0.2
863, 0.0
864, 0.0
865, 0.2
866, 0.3
867, 0.0
868, 0.3
869, 0.0
870, -0.2
871, 0.3
872, -0.2
873, -0.3
874, 0.3
875, 0.2
876, 0.0
877, 0.0
878, -0.5
879, 0.2
880, -0.2
881, 0.1
882, 0.4
883, -0.2
884, 0.0
885, -0.1
886, 0.0
887, 0.2
888, 0.1
889, -0.1
890, -0.1
891, 0.0
892, 0.1
893, 0.0
894, 0.3
895, -0.3
896, 0.0
897, -0.2
898, 0.2
899, -0.5
900, 0.2
901, 0.3
902, -0.3
903, 0.0
904, -0.1
905, 0.0
906, -0.3
907, 0.0
908, 0.0
909, 0.0
910, 0.0
911, -0.3
912, -0.1
913, -0.1
914, 0.2
915, -0.2
916, 0.0
917, 0.3
918, 0.3
919, -0.3
920, 0.3
921, 0.1
922, 0.2
923, 0.1
924, 0.3
925, 0.2
926, 0.1
927, 0.1
928, -0.1
929, 0.4
930, 0.0
931, 0.0
932, -0.2
933, 0.2
934, -0.2
935, 0.5
936, -0.3
937, 0.0
938, -0.2
939, 0.1
940, 0.2
941, 0.3
942, 0.1
943, -0.4
944, 0.1
945, 0.1
946, 0.5
947, 0.1
948, -0.1
949, 0.3
950, 0.0
951, -0.6
952, 0.2
953, -0.2
954, 0.2
955, -0.8
956, -0.1
957, 0.1
958, 0.4
959, 0.2
960, 0.4
961, 0.5
962, -0.4
963, 0.2
964, -0.2
965, 0.3
966, 0.3
967, -0.1
968, 0.4
969, -0.3
970, -0.3
971, -0.3
972, 0.1
973, -0.2
974, 0.2
975, -0.2
976, 0.3
977, -0.1
978, 0.0
979, 0.1
980, 0.1
981, -0.1
982, 0.0
983, -0.2
984, 0.1
985, -0.1
986, 0.2
987, 0.3
988, -0.1
989, 0.0
990, -0.2
991, 0.1
992, -0.1
993, -0.1
994, 0.3
995, -0.2
996, 0.0
997, 0.2
998, 0.1
999, 0.0
1000, 0.3
1001, 0.0
1002, 0.0
1003, 0.3
1004, -0.1
1005, 0.0
1006, -0.1
1007, 0.3
1008, 0.1
1009, 0.1
1010, -0.3
1011, 0.1
1012, 0.0
1013, 0.1
1014, -0.1
1015, -0.1
1016, 0.0
1017, 0.1
1018, -0.2
1019, 0.3
1020, -0.3
1021, 0.3
1022, -0.2
1023, -0.1
1024, 0.4
1025, 0.3
1026, 0.2
1027, 0.0
1028, 0.0
1029, -0.7
1030, -0.2
1031, -0.2
1032, 0.0
1033, 0.4
1034, 0.3
1035, 0.3
1036, -0.1
1037, -0.2
1038, -0.2
1039, -0.1
1040, 0.3
1041, 0.3
1042, -0.1
1043, 0.0
1044, 0.0
1045, -0.1
1046, -0.2
1047, 0.3
1048, -0.2
1049, 0.1
1050, -0.3
1051, 0.0
1052, 0.0
1053, 0.1
1054, 0.4
1055, 0.1
1056, 0.1
1057, 0.0
1058, 0.0
1059, 0.4
1060, 0.1
1061, 0.1
1062, 0.2
1063, 0.3
1064, 0.1
1065, 0.1
1066, 0.5
1067, 0.2
1068, 0.3
1069, -0.2
1070, -0.5
1071, 0.0
1072, -0.5
1073, 0.2
1074, -0.3
1075, -0.3
1076, -0.1
1077, 0.0
1078, 0.0
1079, -0.1
1080, 0.2
1081, -0.3
1082, 0.2
1083, 0.2
1084, -0.2
1085, 0.3
1086, -0.2
1087, 0.0
1088, 0.0
1089, 0.0
1090, 0.0
1091, 0.0
1092, -0.1
1093, 0.4
1094, 0.0
1095, -0.4
1096, -0.2
1097, 0.1
1098, 0.4
1099, 0.1
1100, -0.1
1101, 0.3
1102, 0.1
1103, 0.3
1104, -0.2
1105, 0.0
1106, 0.4
1107, 0.2
1108, -0.2
1109, -0.3
1110, 0.4
1111, -0.1
1112, 0.0
1113, -0.1
1114, 0.1
1115, -0.8
1116, -0.3
1117, 0.3
1118, 0.3
1119, -0.1
1120, -0.1
1121, -0.1
1122, 0.0
1123, -0.1
1124, -0.4
1125, 0.1
1126, 0.1
1127, -0.1
1128, 0.1
1129, 0.1
1130, 0.2
1131, 0.0
1132, -0.1
1133, 0.1
1134, -0.1
1135, -0.4
1136, -0.2
1137, 0.1
1138, -0.1
1139, -0.2
1140, 0.4
1141, 0.0
1142, 0.1
1143, 0.0
1144, 0.0
1145, 0.3
1146, -0.2
1147, -0.6
1148, 0.0
1149, 0.0
1150, 0.2
1151, 0.1
1152, -0.4
1153, 0.4
1154, -0.1
1155, 0.2
1156, -0.3
1157, 0.0
1158, 0.3
1159, -0.1
1160, 0.1
1161, 0.1
1162, -0.1
1163, -0.2
1164, -0.1
1165, 0.2
1166, 0.0
1167, 0.1
1168, -0.1
1169, 0.0
1170, 0.3
1171, 0.0
1172, 0.0
1173, 0.5
1174, 0.3
1175, -0.3
1176, -0.1
1177, 0.1
1178, 0.4
1179, 0.1
1180, 0.0
1181, 0.4
1182, 0.2
1183, 0.1
1184, -0.2
1185, 0.2
1186, -0.1
1187, 0.4
1188, 0.0
1189, -0.1
1190, 0.4
1191, -0.2
1192, 0.1
1193, 0.2
1194, 0.0
1195, -0.3
1196, -0.2
1197, 0.0
1198, 0.0
1199, -0.5
1200, -0.1
1201, 0.2
1202, 0.0
1203, -0.1
1204, 0.3
1205, -0.4
1206, 0.3
1207, -0.5
1208, -0.7
1209, 0.1
1210, -0.1
1211, 0.0
1212, -0.1
1213, 0.0
1214, -0.1
1215, 0.0
1216, 0.1
1217, -0.1
1218, -0.1
1219, 0.0
1220, -0.4
1221, 0.3
1222, 0.1
1223, 0.5
1224, 0.0
1225, 0.3
1226, 0.2
1227, 0.0
1228, 0.3
1229, 0.4
1230, 0.2
1231, -0.1
1232, 0.1
1233, -0.1
1234, 0.1
1235, 0.4
1236, 0.0
1237, 0.4
1238, 0.0
1239, -0.1
1240, 0.2
1241, 0.2
1242, -0.2
1243, 0.0
1244, -0.4
1245, 0.0
1246, -0.2
1247, 0.1
1248, -0.2
1249, 0.1
1250, -0.5
1251, 0.2
1252, 0.3
1253, 0.1
1254, -0.1
1255, 0.1
1256, -0.1
1257, -0.1
1258, -0.1
1259, 0.2
1260, -0.2
1261, 0.1
1262, 0.0
1263, 0.0
1264, 0.0
1265, -0.2
1266, -0.3
1267, 0.1
1268, -0.1
1269, 0.0
1270, 0.1
1271, 0.1
1272, 0.1
1273, -0.1
1274, 0.3
1275, 0.2
1276, -0.1
1277, 0.0
1278, 0.1
1279, 0.2
1280, -0.1
1281, 0.0
1282, 0.4
1283, 0.0
1284, 0.0
1285, 0.3
1286, 0.2
1287, 0.3
1288, 0.0
1289, 0.1
1290, 0.3
1291, -0.1
1292, 0.0
1293, -0.1
1294, 0.2
1295, -0.2
1296, 0.1
1297, -0.1
1298, 0.0
1299, 0.2
1300, 0.3
1301, -0.1
1302, 0.1
1303, 0.0
1304, 0.1
1305, -0.1
1306, 0.4
1307, 0.0
1308, 0.1
1309, -0.4
1310, -0.1
1311, -0.1
1312, -0.2
1313, -0.3
1314, 0.1
1315, -0.1
1316, 0.1
1317, -0.3
1318, -0.2
1319, -0.5
1320, -0.2
1321, -0.1
1322, -0.3
1323, 0.2
1324, 0.1
1325, -0.1
1326, -0.1
1327, 0.0
1328, 0.0
1329, 0.1
1330, 0.1
1331, -0.1
1332, -0.2
1333, 0.2
1334, -0.2
1335, -0.2
1336, 0.1
1337, 0.2
1338, -0.2
1339, -0.1
1340, 0.0
1341, -0.2
1342, -0.2
1343, 0.1
1344, -0.1
1345, -0.1
1346, -0.1
1347, 0.0
1348, 0.0
1349, 0.1
1350, -0.5
1351, -0.2
1352, -0.3
1353, 0.1
1354, -0.2
1355, -0.1
1356, 0.2
1357, 0.0
1358, -0.2
1359, -0.5
1360, 0.0
1361, 0.1
1362, -0.2
1363, -0.4
1364, -0.1
1365, 0.1
1366, -0.2
1367, 0.2
1368, -0.6
1369, -0.1
1370, -0.2
1371, 0.0
1372, -0.2
1373, 0.3
1374, -0.3
1375, 0.2
1376, 0.2
1377, 0.1
1378, 0.4
1379, 0.1
1380, -0.1
1381, -0.2
1382, 0.3
1383, 0.0
1384, -0.5
1385, 0.3
1386, -0.3
1387, 0.0
1388, 0.0
1389, 0.3
1390, -0.2
1391, 0.3
1392, 0.0
1393, -0.2
1394, 0.4
1395, -0.4
1396, 0.1
1397, 0.1
1398, 0.3
1399, 0.0
1400, 0.0
1401, -0.2
1402, 0.4
1403, 0.0
1404, -0.2
1405, -0.2
1406, 0.3
1407, 0.1
1408, 0.1
1409, 0.1
1410, -0.2
1411, 0.0
1412, 0.1
1413, 0.2
1414, -0.2
1415, 0.0
1416, 0.1
1417, 0.4
1418, 0.0
1419, 0.0
1420, -0.1
1421, 0.3
1422, 0.0
1423, -0.3
1424, 0.2
1425, 0.2
1426, -0.3
1427, -0.5
1428, -0.2
1429, -0.4
1430, -0.5
1431, 0.3
1432, 0.4
1433, -0.2
1434, 0.2
1435, 0.0
1436, -0.1
1437, -0.4
1438, 0.0
1439, -0.4
1440, 0.0
1441, -0.4
1442, 0.0
1443, 0.1
1444, 0.3
1445, 0.3
1446, 0.0
1447, -0.4
1448, -0.2
1449, 0.2
1450, 0.1
1451, 0.0
1452, 0.0
1453, -0.1
1454, 0.2
1455, -0.5
1456, 0.2
1457, -0.2
1458, -0.2
1459, 0.1
1460, 0.0
1461, 0.0
1462, 0.2
1463, 0.1
1464, -0.3
1465, -0.3
1466, 0.2
1467, 0.1
1468, -0.1
1469, 0.2
1470, 0.0
1471, 0.4
1472, 0.2
1473, 0.2
1474, -0.3
1475, 0.3
1476, 0.1
1477, 0.2
1478, 0.1
1479, 0.0
1480, 0.5
1481, -0.1
1482, 0.2
1483, 0.1
1484, 0.0
1485, 0.1
1486, -0.3
1487, -0.3
1488, -0.2
1489, 0.0
1490, 0.1
1491, -0.2
1492, 0.1
1493, 0.2
1494, -0.3
1495, -0.3
1496, 0.0
1497, 0.0
1498, -0.6
1499, 0.1
1500, 0.0
1501, 0.0
1502, 0.0
1503, 0.1
1504, -0.2
1505, -0.1
1506, 0.2
1507, -0.2
1508, -0.1
1509, -0.1
1510, -0.2
1511, 0.0
1512, -0.1
1513, 0.1
1514, 0.1
1515, 0.3
1516, 0.4
1517, 0.2
1518, 0.1
1519, 0.1
1520, 0.1
1521, -0.2
1522, 0.3
1523, 0.3
1524, 0.3
1525, -0.4
1526, 0.2
1527, -0.2
1528, 0.0
1529, 0.4
1530, 0.5
1531, -0.4
1532, -0.2
1533, 0.0
1534, 0.3
1535, 0.0
1536, -0.1
1537, 0.0
1538, 0.2
1539, 0.2
1540, -0.1
1541, 0.1
1542, 0.2
1543, 0.3
1544, -0.1
1545, -0.1
1546, 0.1
1547, 0.1
1548, 0.3
1549, -0.6
1550, -0.1
1551, 0.1
1552, 0.0
1553, -0.3
1554, 0.0
1555, -0.5
1556, 0.3
1557, 0.1
1558, 0.2
1559, 0.2
1560, 0.0
1561, -0.1
1562, 0.0
1563, 0.1
1564, 0.3
1565, -0.2
1566, 0.2
1567, 0.0
1568, 0.1
1569, 0.0
1570, -0.1
1571, -0.1
1572, -0.1
1573, 0.0
1574, 0.3
1575, -0.3
1576, -0.4
1577, 0.0
1578, 0.2
1579, 0.0
1580, -0.1
1581, -0.3
1582, 0.1
1583, -0.4
1584, 0.0
1585, 0.2
1586, 0.0
1587, -0.5
1588, -0.5
1589, -0.2
1590, 0.1
1591, 0.2
1592, 0.2
1593, -0.3
1594, 0.1
1595, -0.3
1596, 0.1
1597, 0.1
1598, 0.0
1599, -0.2
1600, 0.0
1601, -0.2
1602, 0.0
1603, 0.2
1604, 0.1
1605, 0.0
1606, 0.2
1607, -0.1
1608, 0.2
1609, 0.1
1610, -0.3
1611, -0.1
1612, 0.0
1613, 0.0
1614, -0.4
1615, -0.1
1616, 0.2
1617, -0.1
1618, -0.1
1619, 0.1
1620, 0.2
1621, 0.4
1622, 0.1
1623, 0.2
1624, 0.5
1625, 0.0
1626, 0.1
1627, 0.2
1628, 0.4
1629, 0.0
1630, -0.2
1631, -0.1
1632, 0.4
1633, -0.1
1634, -0.3
1635, 0.1
1636, -0.2
1637, 0.2
1638, 0.4
1639, 0.3
1640, 0.4
1641, 0.3
1642, 0.4
1643, 0.1
1644, 0.1
1645, 0.2
1646, -0.2
1647, 0.0
1648, -0.4
1649, 0.2
1650, 0.3
1651, -0.1
1652, -0.2
1653, 0.0
1654, 0.0
1655, 0.3
1656, 0.1
1657, 0.2
1658, 0.1
1659, 0.0
1660, 0.1
1661, 0.0
1662, 0.1
1663, -0.1
1664, 0.2
1665, -0.1
1666, 0.2
1667, 0.1
1668, -0.2
1669, -0.1
1670, -0.1
1671, 0.3
1672, 0.1
1673, 0.0
1674, 0.0
1675, -0.2
1676, 0.2
1677, 0.1
1678, -0.1
1679, 0.1
1680, -0.2
1681, -0.4
1682, -0.1
1683, 0.0
1684, 0.1
1685, -0.3
1686, 0.1
1687, 0.2
1688, 0.2
1689, 0.0
1690, -0.2
1691, -0.3
1692, -0.5
1693, -0.2
1694, 0.1
1695, -0.1
1696, 0.2
1697, 0.3
1698, -0.1
1699, 0.2
1700, -0.2
1701, -0.2
1702, 0.0
1703, 0.0
1704, 0.2
1705, 0.2
1706, 0.1
1707, 0.0
1708, 0.0
1709, -0.3
1710, -0.1
1711, 0.3
1712, 0.2
1713, 0.1
1714, 0.1
1715, -0.1
1716, 0.0
1717, -0.1
1718, 0.0
1719, -0.1
1720, -0.1
1721, -0.6
1722, 0.3
1723, 0.3
1724, 0.3
1725, 0.0
1726, 0.1
1727, -0.2
1728, -0.4
1729, -0.1
1730, 0.2
1731, 0.3
1732, -0.1
1733, 0.1
1734, 0.0
1735, -0.2
1736, -0.3
1737, -0.1
1738, 0.0
1739, -0.2
1740, 0.4
1741, -0.2
1742, -0.1
1743, 0.1
1744, 0.0
1745, 0.3
1746, 0.0
1747, -0.2
1748, 0.5
1749, 0.3
1750, -0.1
1751, 0.2
1752, 0.0
1753, -0.1
1754, 0.0
1755, 0.0
1756, 0.0
1757, -0.3
1758, -0.1
1759, 0.0
1760, -0.1
1761, -0.2
1762, 0.1
1763, 0.0
1764, 0.0
1765, -0.2
1766, -0.1
1767, 0.1
1768, -0.2
1769, 0.4
1770, -0.1
1771, -0.5
1772, 0.1
1773, -0.1
1774, -0.2
1775, 0.3
1776, 0.4
1777, -0.2
1778, 0.1
1779, 0.2
1780, -0.1
1781, 0.4
1782, -0.3
1783, -0.1
1784, -0.2
1785, 0.0
1786, -0.3
1787, -0.3
1788, -0.1
1789, -0.1
1790, 0.2
1791, -0.1
1792, 0.1
1793, 0.0
1794, -0.3
1795, 0.0
1796, 0.1
1797, -0.1
1798, -0.1
1799, 0.2
1800, -0.2
1801, -0.3
1802, 0.0
1803, 0.2
1804, -0.1
1805, 0.2
1806, -0.4
1807, 0.0
1808, 0.2
1809, 0.2
1810, 0.0
1811, 0.0
1812, 0.4
1813, -0.5
1814, -0.2
1815, 0.3
1816, 0.1
1817, -0.1
1818, 0.0
1819, 0.1
1820, -0.2
1821, 0.2
1822, -0.2
1823, 0.0
1824, 0.0
1825, 0.1
1826, 0.3
1827, -0.1
1828, -0.1
1829, 0.0
1830, 0.1
1831, 0.2
1832, 0.4
1833, -0.4
1834, 0.0
1835, -0.2
1836, -0.3
1837, -0.2
1838, -0.2
1839, -0.3
1840, -0.1
1841, 0.2
1842, -0.1
1843, 0.1
1844, -0.3
1845, 0.3
1846, 0.2
1847, -0.1
1848, 0.0
1849, -0.1
1850, -0.2
1851, -0.1
1852, 0.4
1853, -0.1
1854, 0.1
1855, 0.2
1856, 0.0
1857, 0.1
1858, -0.1
1859, 0.2
1860, -0.2
1861, -0.1
1862, 0.1
1863, 0.2
1864, 0.0
1865, -0.2
1866, 0.1
1867, 0.1
1868, -0.2
1869, 0.0
1870, -0.1
1871, -0.2
1872, 0.0
1873, -0.2
1874, -0.2
1875, 0.0
1876, -0.2
1877, -0.2
1878, 0.1
1879, 0.1
1880, 0.0
1881, -0.4
1882, 0.1
1883, 0.0
1884, 0.1
1885, -0.2
1886, -0.2
1887, -0.1
1888, 0.1
1889, -0.1
1890, 0.3
1891, -0.2
1892, 0.0
1893, 0.2
1894, 0.1
1895, 0.0
1896, 0.3
1897, 0.1
1898, -0.5
1899, 0.2
1900, 0.2
1901, -0.2
1902, -0.5
1903, 0.1
1904, -0.8
1905, 0.2
1906, -0.2
1907, -0.4
1908, -0.1
1909, 0.0
1910, -0.2
1911, -0.2
1912, 0.0
1913, 0.0
1914, 0.2
1915, 0.0
1916, -0.1
1917, -0.2
1918, 0.0
1919, -0.4
1920, 0.1
1921, 0.1
1922, 0.0
1923, 0.2
1924, 0.2
1925, -0.3
1926, 0.2
1927, 0.4
1928, 0.0
1929, -0.1
1930, -0.1
1931, -0.1
1932, 0.1
1933, -0.2
1934, 0.1
1935, -0.1
1936, 0.5
1937, 0.2
1938, -0.5
1939, -0.2
1940, 0.2
1941, 0.1
1942, -0.2
1943, 0.1
1944, 0.1
1945, -0.2
1946, -0.1
1947, 0.3
1948, 0.1
1949, 0.0
1950, 0.0
1951, 0.2
1952, 0.2
1953, 0.1
1954, 0.0
1955, -0.3
1956, -0.1
1957, 0.2
1958, 0.1
1959, -0.1
1960, 0.1
1961, -0.3
1962, 0.3
1963, 0.3
1964, 0.3
1965, -0.4
1966, -0.5
1967, 0.0
1968, 0.2
1969, 0.0
1970, 0.0
1971, -0.6
1972, -0.2
1973, 0.4
1974, 0.1
1975, 0.4
1976, -0.4
1977, 0.1
1978, -0.1
1979, 0.1
1980, 0.1
1981, -0.2
1982, 0.1
1983, -0.1
1984, -0.3
1985, -0.1
1986, 0.2
1987, 0.0
1988, 0.1
1989, -0.4
1990, -0.1
1991, 0.0
1992, 0.1
1993, 0.2
1994, 0.0
1995, -0.2
1996, 0.1
1997, -0.4
1998, -0.1
1999, 0.2
2000, 0.2
2001, -0.1
2002, 0.1
2003, 0.3
2004, -0.2
2005, 0.1
2006, -0.1
2007, -0.2
2008, 0.1
2009, 0.4
2010, -0.1
2011, 0.4
2012, 0.0
2013, 0.1
2014, -0.1
2015, 0.2
2016, 0.0
2017, 0.1
2018, -0.7
2019, 0.1
2020, -0.4
2021, -0.3
2022, 0.1
2023, 0.0
2024, -0.1
2025, -0.4
2026, -0.2
2027, 0.0
2028, 0.1
2029, 0.3
2030, 0.1
2031, 0.3
2032, -0.2
2033, -0.1
2034, 0.0
2035, 0.3
2036, 0.0
2037, 0.1
2038, -0.2
2039, 0.0
2040, -0.2
2041, -0.2
2042, 0.2
2043, 0.0
2044, 0.3
2045, 0.1
2046, -0.2
2047, 0.3
2048, 0.2
2049, -0.3
2050, 0.1
2051, 0.0
2052, 0.2
2053, -0.1
2054, -0.1
2055, 0.0
2056, -0.2
2057, 0.0
2058, 0.2
2059, 0.0
2060, 0.1
2061, 0.1
2062, -0.2
2063, 0.0
2064, 0.1
2065, -0.2
2066, 0.0
2067, 0.3
2068, -0.1
2069, -0.1
2070, -0.3
2071, 0.0
2072, 0.0
2073, 0.1
2074, 0.0
2075, 0.3
2076, 0.3
2077, 0.0
2078, 0.3
2079, 0.1
2080, 0.1
2081, 0.0
2082, -0.1
2083, 0.1
2084, -0.6
2085, 0.3
2086, -0.4
2087, 0.2
2088, 0.2
2089, 0.0
2090, -0.1
2091, 0.1
2092, 0.2
2093, -0.2
2094, -0.1
2095, 0.1
2096, -0.1
2097, 0.1
2098, 0.2
2099, 0.0
2100, 0.1
2101, 0.2
2102, 0.0
2103, 0.4
2104, 0.0
2105, 0.2
2106, 0.4
2107, 0.0
2108, 0.4
2109, 0.2
2110, 0.0
2111, -0.2
2112, 0.4
2113, -0.5
2114, -0.5
2115, -0.1
2116, 0.0
2117, 0.2
2118, 0.3
2119, -0.1
2120, 0.0
2121, 0.1
2122, -0.1
2123, 0.0
2124, 0.1
2125, 0.1
2126, 0.2
2127, -0.1
2128, 0.3
2129, -0.3
2130, -0.2
2131, 0.1
2132, -0.1
2133, 0.0
2134, -0.2
2135, 0.0
2136, 0.2
2137, 0.2
2138, 0.3
2139, -0.2
2140, -0.4
2141, -0.2
2142, 0.1
2143, -0.2
2144, -0.3
2145, 0.1
2146, 0.3
2147, 0.0
2148, 0.0
2149, -0.1
2150, 0.1
2151, 0.1
2152, 0.1
2153, -0.1
2154, 0.2
2155, -0.1
2156, 0.0
2157, -0.2
2158, -0.2
2159, 0.2
2160, -0.2
2161, 0.0
2162, 0.2
2163, 0.0
2164, 0.0
2165, -0.1
2166, 0.0
2167, -0.1
2168, -0.1
2169, 0.0
2170, -0.7
2171, -0.1
2172, 0.0
2173, 0.0
2174, 0.3
2175, 0.4
2176, -0.2
2177, 0.2
2178, -0.2
2179, -0.4
2180, 0.4
2181, -0.3
2182, -0.2
2183, 0.0
2184, -0.2
2185, 0.2
2186, 0.1
2187, 0.1
2188, 0.2
2189, 0.2
2190, -0.4
2191, -0.3
2192, 0.0
2193, 0.2
2194, -0.1
2195, -0.3
2196, -0.1
2197, 0.0
2198, 0.0
2199, 0.1
2200, 0.3
2201, -0.2
2202, -0.1
2203, 0.1
2204, -0.1
2205, 0.2
2206, -0.3
2207, 0.0
2208, -0.1
2209, 0.2
2210, 0.2
2211, 0.5
2212, 0.1
2213, 0.3
2214, 0.3
2215, 0.0
2216, 0.3
2217, 0.2
2218, -0.1
2219, 0.3
2220, -0.1
2221, -0.4
2222, -0.1
2223, 0.0
2224, 0.1
2225, 0.1
2226, -0.1
2227, 0.1
2228, -0.1
2229, 0.0
2230, 0.0
2231, 0.2
2232, -0.3
2233, 0.2
2234, 0.1
2235, 0.0
2236, 0.0
2237, -0.1
2238, 0.2
2239, 0.1
2240, 0.1
2241, 0.2
2242, 0.2
2243, -0.4
2244, -0.4
2245, 0.2
2246, 0.3
2247, 0.1
2248, 0.3
2249, -0.1
2250, -0.1
2251, -0.2
2252, 0.0
2253, 0.2
2254, -0.2
2255, 0.1
2256, 0.1
2257, 0.1
2258, 0.1
2259, 0.4
2260, -0.1
2261, 0.1
2262, 0.1
2263, -0.3
2264, 0.1
2265, -0.1
2266, -0.1
2267, 0.0
2268, -0.1
2269, 0.0
2270, -0.1
2271, 0.0
2272, -0.1
2273, 0.3
2274, -0.3
2275, 0.1
2276, 0.0
2277, 0.1
2278, 0.1
2279, -0.9
2280, 0.0
2281, -0.4
2282, 0.1
2283, 0.1
2284, -0.1
2285, 0.1
2286, -0.2
2287, 0.1
2288, 0.2
2289, 0.1
2290, 0.0
2291, -0.2
2292, -0.5
2293, 0.3
2294, -0.2
2295, -0.1
2296, 0.0
2297, -0.1
2298, 0.4
2299, 0.2
2300, -0.2
2301, 0.3
2302, -0.2
2303, -0.3
2304, 0.0
2305, -0.1
2306, 0.0
2307, -0.3
2308, -0.3
2309, 0.3
2310, -0.2
2311, -0.1
2312, -0.3
2313, 0.2
2314, 0.1
2315, -0.1
2316, 0.2
2317, 0.1
2318, 0.2
2319, -0.2
2320, -0.2
2321, -0.2
2322, 0.0
2323, -0.5
2324, 0.0
2325, 0.0
2326, -0.2
2327, 0.0
2328, 0.2
2329, 0.2
2330, 0.0
2331, 0.1
2332, 0.2
2333, 0.0
2334, 0.0
2335, 0.3
2336, 0.0
2337, 0.0
2338, 0.0
2339, -0.1
2340, 0.1
2341, 0.0
2342, 0.2
2343, 0.4
2344, 0.3
2345, -0.3
2346, 0.3
2347, 0.2
2348, 0.0
2349, -0.5
2350, -0.5
2351, -0.4
2352, -0.3
2353, -0.2
2354, -0.2
2355, 0.1
2356, -0.3
2357, -0.2
2358, -0.2
2359, 0.2
2360, 0.0
2361, 0.4
2362, 0.0
2363, -0.3
2364, -0.2
2365, 0.2
2366, -0.1
2367, -0.1
2368, -0.4
2369, -0.1
2370, -0.1
2371, 0.1
2372, 0.0
2373, 0.2
2374, 0.0
2375, 0.3
2376, 0.3
2377, -0.1
2378, 0.0
2379, 0.2
2380, 0.1
2381, 0.1
2382, -0.5
2383, 0.0
2384, -0.3
2385, -0.2
2386, 0.0
2387, -0.1
2388, -0.1
2389, -0.1
2390, 0.4
2391, 0.0
2392, -0.1
2393, -0.5
2394, 0.5
2395, -0.3
2396, 0.1
2397, 0.0
2398, -0.7
2399, -0.4
2400, 0.1
2401, 0.3
2402, -0.3
2403, 0.3
2404, 0.1
2405, 0.3
2406, -0.3
2407, 0.0
2408, 0.0
2409, 0.0
2410, -0.4
2411, 0.0
2412, -0.3
2413, 0.3
2414, -0.1
2415, 0.0
2416, 0.1
2417, -0.3
2418, 0.0
2419, -0.3
2420, 0.1
2421, 0.0
2422, 0.1
2423, 0.1
2424, 0.3
2425, 0.3
2426, 0.1
2427, 0.1
2428, -0.2
2429, 0.2
2430, 0.3
2431, 0.0
2432, 0.0
2433, 0.1
2434, 0.1
2435, -0.1
2436, 0.1
2437, 0.0
2438, 0.3
2439, -0.3
2440, -0.1
2441, 0.0
2442, 0.4
2443, -0.1
2444, -0.4
2445, 0.4
2446, 0.1
2447, -0.1
2448, -0.1
2449, 0.0
2450, 0.0
2451, 0.2
2452, 0.0
2453, -0.1
2454, 0.1
2455, 0.3
2456, 0.1
2457, 0.2
2458, 0.1
2459, 0.1
2460, 0.3
2461, -0.1
2462, -0.2
2463, 0.0
2464, 0.5
2465, 0.0
2466, 0.3
2467, 0.1
2468, 0.2
2469, -0.1
2470, 0.2
2471, 0.0
2472, 0.1
2473, -0.2
2474, -0.2
2475, 0.4
2476, 0.2
2477, 0.2
2478, -0.4
2479, 0.3
2480, 0.2
2481, -0.2
2482, 0.1
2483, 0.0
2484, 0.1
2485, 0.2
2486, 0.1
2487, 0.1
2488, -0.2
2489, 0.1
2490, 0.0
2491, -0.2
2492, -0.1
2493, 0.1
2494, 0.2
2495, 0.0
2496, 0.1
2497, 0.1
2498, 0.0
2499, -0.2
2500, 0.2
2501, 0.2
2502, 0.2
2503, 0.3
2504, -0.3
2505, 0.2
2506, 0.2
2507, 0.2
2508, -0.2
2509, 0.4
2510, 0.0
2511, 0.1
2512, 0.0
2513, 0.2
2514, 0.2
2515, -0.1
2516, 0.0
2517, 0.0
2518, -0.3
2519, -0.2
2520, 0.1
2521, -0.1
2522, 0.1
2523, -0.1
2524, 0.2
2525, -0.6
2526, -0.1
2527, 0.3
2528, 0.0
2529, -0.1
2530, 0.0
2531, -0.1
2532, 0.3
2533, 0.0
2534, 0.1
2535, -0.1
2536, 0.3
2537, 0.2
2538, -0.1
2539, 0.0
2540, 0.0
2541, 0.5
2542, -0.3
2543, -0.2
2544, 0.1
2545, -0.1
2546, 0.0
2547, 0.2
2548, -0.4
2549, -0.1
2550, 0.3
2551, 0.1
2552, 0.2
2553, -0.1
2554, -0.2
2555, -0.4
2556, -0.1
2557, 0.0
2558, 0.0
2559, 0.2
2560, -0.2
2561, -0.1
2562, 0.2
2563, 0.1
2564, -0.2
2565, 0.2
2566, -0.2
2567, 0.0
2568, -0.1
2569, 0.2
2570, 0.2
2571, -0.3
2572, -0.1
2573, 0.0
2574, 0.1
2575, 0.5
2576, -0.1
2577, -0.1
2578, 0.1
2579, 0.0
2580, 0.4
2581, 0.3
2582, -0.5
2583, -0.1
2584, 0.1
2585, 0.3
2586, 0.3
2587, 0.2
2588, -0.1
2589, -0.2
2590, 0.1
2591, 0.0
2592, 0.3
2593, -0.2
2594, -0.1
2595, 0.0
2596, 0.0
2597, -0.5
2598, 0.0
2599, -0.3
2600, 0.1
2601, 0.2
2602, 0.4
2603, -0.1
2604, -0.3
2605, 0.1
2606, 0.1
2607, -0.2
2608, -0.1
2609, 0.0
2610, -0.3
2611, 0.0
2612, 0.3
2613, -0.1
2614, -0.1
2615, 0.1
2616, 0.0
2617, -0.3
2618, -0.2
2619, 0.1
2620, 0.1
2621, 0.4
2622, -0.1
2623, 0.0
2624, 0.1
2625, -0.1
2626, 0.0
2627, 0.2
2628, -0.5
2629, 0.1
2630, 0.4
2631, 0.2
2632, 0.0
2633, 0.0
2634, 0.4
2635, 0.1
2636, 0.1
2637, -0.1
2638, 0.4
2639, 0.4
2640, 0.0
2641, -0.2
2642, -0.5
2643, 0.2
2644, 0.2
2645, 0.1
2646, -0.4
2647, -0.4
2648, 0.3
2649, 0.2
2650, 0.1
2651, -0.3
2652, 0.4
2653, 0.2
2654, -0.2
2655, -0.3
2656, -0.3
2657, 0.4
2658, 0.0
2659, 0.1
2660, -0.2
2661, 0.1
2662, -0.2
2663, -0.5
2664, 0.2
2665, -0.1
2666, 0.1
2667, 0.2
2668, -0.2
2669, 0.1
2670, 0.2
2671, -0.3
2672, 0.1
2673, -0.2
2674, 0.3
2675, 0.2
2676, -0.1
2677, -0.1
2678, -0.4
2679, 0.1
2680, -0.2
2681, 0.1
2682, 0.2
2683, 0.1
2684, -0.2
2685, 0.2
2686, 0.2
2687, 0.0
2688, 0.2
2689, 0.2
2690, -0.2
2691, -0.1
2692, 0.3
2693, -0.4
2694, 0.2
2695, -0.2
2696, -0.4
2697, 0.3
2698, 0.3
2699, 0.0
2700, -0.5
2701, 0.1
2702, -0.1
2703, -0.4
2704, 0.4
2705, 0.1
2706, 0.1
2707, 0.0
2708, 0.0
2709, -0.2
2710, 0.0
2711, 0.0
2712, 0.1
2713, 0.2
2714, 0.2
2715, 0.2
2716, 0.3
2717, -0.1
2718, 0.2
2719, -0.3
2720, 0.3
2721, 0.0
2722, -0.3
2723, 0.0
2724, 0.2
2725, 0.0
2726, 0.0
2727, 0.3
2728, 0.1
2729, -0.1
2730, 0.1
2731, -0.2
2732, 0.0
2733, -0.2
2734, 0.5
2735, 0.1
2736, 0.4
2737, 0.0
2738, 0.0
2739, -0.3
2740, 0.0
2741, 0.1
2742, 0.4
2743, -0.3
2744, 0.0
2745, -0.3
2746, -0.3
2747, -0.5
2748, -0.3
2749, -0.3
2750, 0.1
2751, -0.5
2752, -0.2
2753, 0.0
2754, -0.2
2755, -0.2
2756, 0.1
2757, 0.1
2758, -0.5
2759, 0.2
2760, 0.0
2761, -0.3
2762, -0.3
2763, 0.0
2764, 0.2
2765, -0.2
2766, -0.1
2767, -0.1
2768, 0.3
2769, 0.3
2770, 0.2
2771, 0.1
2772, 0.2
2773, -0.1
2774, 0.2
2775, 0.2
2776, -0.2
2777, 0.5
2778, 0.1
2779, 0.1
2780, 0.1
2781, 0.0
2782, 0.0
2783, 0.1
2784, 0.1
2785, 0.4
2786, 0.0
2787, 0.1
2788, 0.3
2789, -0.1
2790, -0.3
2791, 0.4
2792, 0.0
2793, 0.0
2794, -0.3
2795, 0.0
2796, -0.1
2797, 0.2
2798, 0.5
2799, 0.1
2800, 0.1
2801, -0.1
2802, 0.2
2803, 0.4
2804, -0.1
2805, 0.0
2806, 0.1
2807, -0.3
2808, 0.2
2809, -0.4
2810, 0.1
2811, -0.1
2812, 0.1
2813, 0.2
2814, 0.1
2815, 0.5
2816, 0.3
2817, -0.1
2818, -0.3
2819, -0.2
2820, 0.4
2821, 0.4
2822, -0.5
2823, 0.0
2824, 0.3
2825, 0.0
2826, -0.3
2827, -0.3
2828, -0.1
2829, 0.0
2830, 0.0
2831, -0.3
2832, 0.1
2833, 0.4
2834, 0.0
2835, 0.3
2836, 0.4
2837, 0.2
2838, -0.3
2839, -0.1
2840, 0.1
2841, 0.0
2842, -0.3
2843, 0.0
2844, 0.1
2845, -0.1
2846, 0.1
2847, 0.4
2848, -0.1
2849, 0.1
2850, -0.1
2851, 0.0
2852, 0.1
2853, -0.2
2854, -0.4
2855, -0.4
2856, 0.0
2857, -0.2
2858, -0.2
2859, -0.2
2860, 0.0
2861, 0.3
2862, -0.4
2863, -0.1
2864, -0.1
2865, -0.2
2866, -0.3
2867, 0.0
2868, -0.2
2869, 0.4
2870, 0.3
2871, 0.2
2872, -0.3
2873, -0.3
2874, -0.1
2875, -0.2
2876, 0.1
2877, -0.2
2878, -0.2
2879, 0.1
2880, 0.3
2881, -0.2
2882, 0.0
2883, 0.0
2884, 0.1
2885, -0.2
2886, 0.1
2887, -0.1
2888, 0.3
2889, 0.2
2890, 0.2
2891, 0.1
2892, -0.1
2893, 0.3
2894, 0.2
2895, 0.0
2896, -0.1
2897, 0.3
2898, -0.7
2899, 0.0
2900, -0.2
2901, 0.1
2902, 0.1
2903, 0.0
2904, 0.0
2905, 0.2
2906, 0.0
2907, 0.1
2908, 0.3
2909, 0.2
2910, -0.2
2911, -0.7
2912, -0.7
2913, -0.2
2914, -0.1
2915, -0.1
2916, 0.0
2917, 0.2
2918, 0.1
2919, 0.2
2920, -0.1
2921, -0.6
2922, 0.0
2923, 0.1
2924, 0.2
2925, 0.1
2926, -0.4
2927, 0.0
2928, 0.0
2929, 0.0
2930, 0.2
2931, 0.1
2932, -0.4
2933, -0.1
2934, -0.3
2935, -0.1
2936, 0.2
2937, 0.5
2938, -0.4
2939, 0.5
2940, 0.2
2941, 0.0
2942, 0.0
2943, 0.1
2944, 0.0
2945, -0.6
2946, -0.1
2947, -0.2
2948, -0.5
2949, 0.2
2950, -0.2
2951, 0.3
2952, -0.3
2953, -0.1
2954, -0.2
2955, 0.1
2956, -0.1
2957, 0.5
2958, 0.1
2959, 0.3
2960, 0.1
2961, -0.1
2962, 0.1
2963, -0.6
2964, 0.3
2965, 0.0
2966, 0.2
2967, 0.1
2968, 0.2
2969, 0.2
2970, -0.3
2971, 0.0
2972, 0.0
2973, 0.0
2974, 0.4
2975, -0.3
2976, -0.2
2977, 0.0
2978, 0.3
2979, 0.2
2980, -0.3
2981, 0.0
2982, -0.2
2983, 0.0
2984, -0.1
2985, 0.0
2986, -0.1
2987, -0.1
2988, 0.4
2989, 0.3
2990, 0.2
2991, -0.2
2992, -0.2
2993, -0.1
2994, -0.2
2995, -0.2
2996, 0.2
2997, -0.2
2998, 0.2
2999, 0.0
3000, -0.1
3001, 0.1
3002, 0.1
3003, -0.2
3004, -0.3
3005, 0.0
3006, 0.0
3007, 0.2
3008, -0.1
3009, -0.2
3010, 0.3
3011, 0.1
3012, 0.1
3013, 0.4
3014, 0.0
3015, 0.1
3016, 0.2
3017, 0.2
3018, 0.3
3019, 0.0
3020, 0.0
3021, 0.0
3022, -0.5
3023, -0.1
3024, 0.0
3025, 0.4
3026, -0.4
3027, 0.0
3028, 0.1
3029, -0.2
3030, 0.2
3031, 0.1
3032, 0.4
3033, 0.1
3034, -0.1
3035, 0.2
3036, 0.3
3037, 0.4
3038, -0.1
3039, 0.2
3040, -0.3
3041, -0.1
3042, 0.0
3043, 0.1
3044, 0.1
3045, 0.5
3046, 0.1
3047, 0.2
3048, 0.3
3049, 0.1
3050, 0.3
3051, 0.0
3052, 0.0
3053, -0.1
3054, -0.2
3055, 0.1
3056, 0.2
3057, 0.4
3058, 0.4
3059, 0.1
3060, -0.3
3061, -0.4
3062, -0.2
3063, -0.3
3064, -0.2
3065, 0.0
3066, 0.4
3067, -0.1
3068, -0.6
3069, 0.2
3070, 0.1
3071, 0.0
3072, 0.0
3073, 0.1
3074, 0.1
3075, 0.4
3076, -0.1
3077, -0.4
3078, -0.2
3079, 0.2
3080, 0.4
3081, -0.1
3082, 0.1
3083, 0.0
3084, -0.2
3085, -0.1
3086, 0.3
3087, -0.1
3088, 0.0
3089, 0.3
3090, 0.1
3091, 0.1
3092, -0.1
3093, -0.1
3094, 0.1
3095, -0.4
3096, -0.2
3097, 0.4
3098, -0.1
3099, -0.2
3100, 0.0
3101, 0.2
3102, 0.1
3103, -0.3
3104, 0.0
3105, -0.2
3106, 0.3
3107, -0.1
3108, 0.0
3109, 0.3
3110, 0.2
3111, 0.1
3112, -0.3
3113, -0.1
3114, 0.1
3115, 0.2
3116, 0.1
3117, 0.2
3118, -0.2
3119, 0.3
3120, 0.2
3121, -0.2
3122, 0.1
3123, -0.1
3124, 0.1
3125, -0.1
3126, -0.4
3127, -0.1
3128, -0.2
3129, 0.0
3130, 0.1
3131, -0.1
3132, 0.1
3133, -0.2
3134, -0.1
3135, 0.0
3136, 0.1
3137, 0.3
3138, -0.1
3139, -0.3
3140, -0.1
3141, 0.1
3142, 0.0
3143, -0.3
3144, -0.2
3145, -0.1
3146, -0.3
3147, -0.2
3148, 0.0
3149, -0.3
3150, -0.1
3151, -0.2
3152, 0.1
3153, -0.4
3154, 0.3
3155, 0.0
3156, 0.0
3157, -0.1
3158, 0.1
3159, 0.1
3160, 0.3
3161, 0.2
3162, 0.1
3163, 0.3
3164, 0.2
3165, -0.1
3166, 0.0
3167, 0.1
3168, 0.0
3169, 0.1
3170, 0.2
3171, -0.1
3172, 0.2
3173, -0.1
3174, 0.0
3175, -0.1
3176, -0.5
3177, 0.5
3178, 0.1
3179, -0.2
3180, 0.2
3181, 0.0
3182, -0.2
3183, 0.2
3184, 0.0
3185, -0.1
3186, 0.2
3187, 0.2
3188, 0.0
3189, -0.2
3190, -0.2
3191, 0.1
3192, -0.1
3193, 0.0
3194, 0.2
3195, -0.2
3196, -0.1
3197, 0.2
3198, -0.4
3199, -0.4
3200, -0.1
3201, 0.0
3202, -0.1
3203, -0.2
3204, 0.1
3205, -0.5
3206, 0.5
3207, 0.0
3208, 0.0
3209, 0.3
3210, 0.3
3211, 0.0
3212, 0.3
3213, 0.4
3214, -0.1
3215, 0.2
3216, 0.1
3217, 0.0
3218, -0.1
3219, 0.1
3220, 0.0
3221, 0.0
3222, 0.0
3223, 0.3
3224, 0.3
3225, 0.1
3226, 0.0
3227, 0.0
3228, 0.1
3229, 0.2
3230, -0.1
3231, 0.1
3232, 0.1
3233, -0.1
3234, 0.1
3235, 0.0
3236, 0.1
3237, -0.1
3238, 0.4
3239, 0.1
3240, 0.3
3241, -0.1
3242, -0.2
3243, 0.1
3244, -0.3
3245, 0.0
3246, -0.4
3247, 0.0
3248, 0.1
3249, 0.1
3250, -0.4
3251, 0.3
3252, -0.2
3253, -0.1
3254, -0.2
3255, 0.3
3256, 0.1
3257, 0.1
3258, -0.2
3259, 0.0
3260, 0.3
3261, -0.2
3262, 0.0
3263, 0.0
3264, 0.0
3265, 0.4
3266, 0.0
3267, 0.2
3268, -0.1
3269, 0.5
3270, -0.1
3271, -0.3
3272, 0.1
3273, -0.1
3274, 0.3
3275, 0.2
3276, 0.0
3277, 0.1
3278, -0.2
3279, -0.4
3280, 0.0
3281, 0.2
3282, 0.2
3283, 0.0
3284, 0.3
3285, 0.1
3286, -0.3
3287, -0.2
3288, 0.0
3289, 0.3
3290, -0.1
3291, 0.2
3292, 0.2
3293, 0.0
3294, -0.1
3295, 0.2
3296, 0.2
3297, -0.1
3298, 0.1
3299, -0.3
3300, 0.3
3301, 0.3
3302, -0.3
3303, 0.3
3304, 0.1
3305, 0.0
3306, -0.2
3307, -0.1
3308, 0.0
3309, -0.2
3310, 0.1
3311, -0.1
3312, 0.2
3313, 0.0
3314, 0.0
3315, -0.1
3316, 0.5
3317, 0.0
3318, -0.1
3319, 0.1
3320, -0.4
3321, -0.1
3322, -0.2
3323, -0.2
3324, 0.3
3325, 0.0
3326, 0.0
3327, 0.3
3328, 0.0
3329, -0.1
3330, 0.0
3331, 0.5
3332, -0.4
3333, 0.1
3334, -0.5
3335, 0.3
3336, -0.1
3337, 0.2
3338, -0.1
3339, 0.3
3340, -0.4
3341, 0.1
3342, 0.1
3343, 0.4
3344, -0.3
3345, 0.1
3346, 0.1
3347, -0.2
3348, 0.1
3349, 0.0
3350, 0.0
3351, 0.1
3352, -0.2
3353, 0.2
3354, -0.3
3355, 0.1
3356, -0.3
3357, -0.2
3358, 0.5
3359, -0.1
3360, 0.0
3361, -0.1
3362, 0.1
3363, -0.1
3364, 0.0
3365, 0.1
3366, -0.1
3367, 0.2
3368, 0.3
3369, 0.1
3370, 0.0
3371, -0.1
3372, -0.1
3373, -0.1
3374, -0.4
3375, 0.2
3376, -0.2
3377, 0.0
3378, -0.2
3379, 0.2
3380, 0.0
3381, 0.3
3382, 0.3
3383, 0.2
3384, 0.1
3385, 0.2
3386, 0.2
3387, 0.2
3388, 0.1
3389, 0.2
3390, -0.1
3391, -0.2
3392, 0.4
3393, -0.2
3394, 0.0
3395, -0.1
3396, 0.0
3397, -0.5
3398, -0.1
3399, 0.0
3400, -0.5
3401, 0.5
3402, 0.4
3403, 0.3
3404, 0.1
3405, 0.1
3406, -0.1
3407, 0.2
3408, -0.1
3409, 0.2
3410, 0.1
3411, -0.1
3412, -0.2
3413, -0.1
3414, -0.2
3415, -0.2
3416, -0.1
3417, 0.3
3418, -0.1
3419, -0.1
3420, 0.0
3421, 0.0
3422, 0.2
3423, -0.5
3424, 0.2
3425, 0.2
3426, -0.1
3427, 0.1
3428, 0.0
3429, -0.1
3430, -0.2
3431, -0.1
3432, -0.4
3433, -0.2
3434, 0.1
3435, 0.0
3436, -0.4
3437, 0.2
3438, -0.3
3439, 0.4
3440, -0.5
3441, 0.3
3442, 0.2
3443, 0.2
3444, -0.1
3445, 0.1
3446, -0.2
3447, 0.1
3448, 0.0
3449, -0.2
3450, 0.1
3451, 0.1
3452, 0.2
3453, 0.2
3454, -0.2
3455, 0.5
3456, 0.1
3457, -0.2
3458, 0.0
3459, 0.2
3460, 0.0
3461, -0.1
3462, 0.0
3463, -0.2
3464, 0.1
3465, 0.1
3466, 0.1
3467, 0.3
3468, -0.2
3469, 0.3
3470, 0.0
3471, 0.1
3472, 0.2
3473, 0.2
3474, -0.1
3475, 0.1
3476, 0.2
3477, 0.2
3478, -0.1
3479, 0.1
3480, 0.2
3481, -0.1
3482, -0.1
3483, 0.0
3484, 0.3
3485, -0.1
3486, -0.1
3487, 0.5
3488, 0.0
3489, 0.1
3490, 0.4
3491, -0.1
3492, 0.1
3493, 0.2
3494, 0.2
3495, 0.2
3496, -0.4
3497, -0.2
3498, -0.1
3499, 0.1
3500, -0.2
3501, 0.2
3502, -0.2
3503, -0.2
3504, -0.2
3505, 0.1
3506, 0.1
3507, 0.3
3508, -0.2
3509, 0.0
3510, 0.2
3511, -0.2
3512, 0.2
3513, -0.2
3514, 0.0
3515, 0.0
3516, 0.4
3517, 0.3
3518, -0.2
3519, -0.1
3520, -0.1
3521, 0.1
3522, -0.4
3523, -0.4
3524, 0.1
3525, 0.1
3526, -0.2
3527, 0.0
3528, 0.1
3529, -0.3
3530, 0.3
3531, 0.0
3532, -0.4
3533, 0.3
3534, 0.4
3535, 0.0
3536, 0.1
3537, -0.4
3538, 0.1
3539, -0.3
3540, 0.0
3541, -0.1
3542, -0.1
3543, -0.4
3544, -0.1
3545, 0.1
3546, -0.4
3547, -0.1
3548, 0.1
3549, 0.0
3550, 0.2
3551, 0.3
3552, 0.0
3553, 0.1
3554, 0.4
3555, -0.2
3556, -0.2
3557, -0.2
3558, 0.1
3559, 0.3
3560, 0.1
3561, 0.1
3562, 0.3
3563, -0.2
3564, 0.3
3565, -0.2
3566, 0.3
3567, 0.1
3568, 0.4
3569, -0.1
3570, 0.0
3571, 0.3
3572, 0.0
3573, -0.4
3574, -0.2
3575, -0.2
3576, 0.1
3577, 0.1
3578, 0.3
3579, 0.3
3580, -0.3
3581, 0.2
3582, 0.5
3583, 0.2
3584, 0.0
3585, 0.0
3586, -0.2
3587, -0.3
3588, 0.0
3589, 0.0
3590, -0.4
3591, 0.2
3592, 0.3
3593, -0.3
3594, 0.3
3595, 0.0
3596, -0.2
3597, -0.4
3598, 0.0
3599, -0.2
3600, 0.2
3601, 0.0
3602, 0.3
3603, 0.3
3604, 0.2
3605, 0.5
3606, 0.1
3607, 0.1
3608, 0.3
3609, -0.3
3610, 0.2
3611, -0.2
3612, 0.3
3613, 0.1
3614, 0.2
3615, 0.4
3616, 0.2
3617, 0.2
3618, -0.1
3619, 0.2
3620, 0.0
3621, -0.2
3622, -0.5
3623, 0.1
3624, -0.1
3625, -0.3
3626, 0.0
3627, 0.3
3628, 0.0
3629, 0.0
3630, 0.2
3631, -0.1
3632, -0.4
3633, 0.3
3634, 0.1
3635, 0.5
3636, 0.0
3637, -0.2
3638, -0.3
3639, 0.1
3640, 0.3
3641, 0.0
3642, 0.2
3643, 0.1
3644, 0.0
3645, -0.2
3646, 0.0
3647, 0.0
3648, 0.1
3649, 0.1
3650, 0.2
3651, 0.0
3652, 0.3
3653, 0.1
3654, 0.2
3655, 0.2
3656, 0.2
3657, 0.0
3658, 0.0
3659, -0.2
3660, 0.0
3661, 0.1
3662, 0.3
3663, 0.1
3664, -0.1
3665, 0.4
3666, -0.2
3667, 0.0
3668, -0.1
3669, 0.4
3670, 0.1
3671, 0.0
3672, 0.0
3673, 0.2
3674, 0.0
3675, -0.1
3676, 0.0
3677, 0.2
3678, 0.3
3679, 0.2
3680, 0.2
3681, 0.2
3682, -0.1
3683, -0.2
3684, 0.2
3685, 0.3
3686, 0.0
3687, -0.5
3688, -0.1
3689, 0.1
3690, -0.2
3691, 0.1
3692, 0.0
3693, 0.0
3694, -0.2
3695, -0.1
3696, 0.0
3697, 0.3
3698, -0.3
3699, 0.3
3700, 0.2
3701, 0.2
3702, 0.1
3703, 0.1
3704, -0.3
3705, 0.3
3706, -0.2
3707, 0.0
3708, 0.0
3709, 0.0
3710, 0.3
3711, -0.6
3712, 0.1
3713, 0.2
3714, -0.1
3715, 0.2
3716, 0.1
3717, 0.0
3718, 0.2
3719, 0.3
3720, -0.3
3721, 0.4
3722, -0.1
3723, 0.1
3724, -0.3
3725, -0.2
3726, 0.0
3727, -0.3
3728, -0.2
3729, 0.2
3730, 0.0
3731, 0.0
3732, 0.2
3733, 0.0
3734, -0.1
3735, 0.2
3736, 0.0
3737, -0.2
3738, 0.3
3739, -0.1
3740, -0.2
3741, 0.2
3742, 0.2
3743, 0.0
3744, 0.1
3745, -0.2
3746, 0.0
3747, -0.2
3748, 0.5
3749, -0.1
3750, -0.1
3751, -0.3
3752, 0.3
3753, 0.0
3754, 0.2
3755, 0.1
3756, -0.1
3757, 0.0
3758, 0.4
3759, 0.2
3760, 0.0
3761, -0.1
3762, -0.4
3763, 0.1
3764, -0.1
3765, 0.2
3766, 0.0
3767, 0.1
3768, 0.1
3769, 0.1
3770, -0.2
3771, 0.0
3772, 0.2
3773, -0.2
3774, 0.0
3775, -0.1
3776, -0.1
3777, 0.1
3778, 0.2
3779, 0.0
3780, -0.2
3781, -0.1
3782, -0.1
3783, -0.1
3784, 0.2
3785, -0.3
3786, -0.5
3787, 0.0
3788, 0.3
3789, -0.2
3790, 0.2
3791, -0.6
3792, 0.0
3793, 0.2
3794, 0.3
3795, 0.1
3796, -0.2
3797, 0.2
3798, -0.4
3799, 0.1
3800, 0.2
3801, 0.0
3802, -0.1
3803, -0.1
3804, -0.2
3805, 0.3
3806, 0.0
3807, 0.2
3808, -0.1
3809, 0.0
3810, 0.2
3811, 0.1
3812, 0.3
3813, -0.1
3814, 0.2
3815, -0.2
3816, 0.2
3817, -0.1
3818, 0.0
3819, 0.2
3820, 0.3
3821, -0.2
3822, -0.1
3823, -0.5
3824, -0.2
3825, 0.0
3826, -0.1
3827, -0.1
3828, 0.3
3829, -0.1
3830, 0.1
3831, -0.1
3832, 0.2
3833, 0.1
3834, -0.1
3835, -0.1
3836, -0.3
3837, -0.1
3838, 0.0
3839, 0.0
3840, 0.1
3841, 0.3
3842, 0.0
3843, 0.3
3844, 0.2
3845, -0.4
3846, 0.1
3847, 0.2
3848, 0.1
3849, 0.4
3850, 0.1
3851, -0.2
3852, -0.1
3853, 0.1
3854, -0.1
3855, 0.1
3856, 0.0
3857, -0.1
3858, 0.1
3859, 0.2
3860, -0.3
3861, 0.1
3862, 0.3
3863, 0.2
3864, -0.4
3865, -0.2
3866, -0.1
3867, 0.2
3868, -0.1
3869, 0.3
3870, -0.2
3871, 0.2
3872, -0.3
3873, 0.1
3874, 0.1
3875, 0.1
3876, -0.1
3877, -0.4
3878, -0.1
3879, 0.0
3880, 0.1
3881, 0.1
3882, 0.1
3883, 0.4
3884, 0.0
3885, -0.2
3886, 0.1
3887, -0.1
3888, -0.3
3889, 0.2
3890, 0.2
3891, 0.1
3892, -0.1
3893, 0.1
3894, 0.3
3895, 0.4
3896, -0.1
3897, 0.3
3898, 0.2
3899, 0.3
3900, 0.4
3901, 0.1
3902, -0.1
3903, -0.1
3904, 0.0
3905, 0.1
3906, 0.2
3907, 0.1
3908, 0.1
3909, 0.0
3910, -0.4
3911, 0.0
3912, 0.1
3913, 0.1
3914, 0.4
3915, 0.3
3916, 0.1
3917, 0.1
3918, 0.1
3919, -0.2
3920, 0.1
3921, 0.1
3922, 0.1
3923, 0.0
3924, -0.5
3925, 0.0
3926, -0.1
3927, 0.0
3928, -0.1
3929, -0.1
3930, -0.2
3931, -0.1
3932, 0.0
3933, 0.0
3934, 0.1
3935, -0.2
3936, -0.3
3937, 0.2
3938, -0.3
3939, 0.2
3940, -0.2
3941, 0.2
3942, -0.2
3943, -0.4
3944, -0.2
3945, 0.1
3946, 0.3
3947, -0.3
3948, -0.2
3949, 0.3
3950, -0.4
3951, 0.0
3952, -0.2
3953, 0.2
3954, 0.0
3955, -0.2
3956, 0.2
3957, -0.5
3958, 0.0
3959, 0.2
3960, 0.1
3961, 0.1
3962, -0.2
3963, -0.3
3964, 0.2
3965, -0.5
3966, -0.1
3967, 0.0
3968, 0.3
3969, 0.2
3970, 0.3
3971, -0.1
3972, 0.1
3973, -0.2
3974, 0.0
3975, -0.2
3976, -0.4
3977, -0.4
3978, -0.4
3979, 0.2
3980, 0.1
3981, -0.3
3982, 0.0
3983, -0.1
3984, -0.1
3985, -0.5
3986, -0.1
3987, -0.1
3988, -0.3
3989, 0.1
3990, 0.3
3991, 0.2
3992, 0.1
3993, -0.3
3994, 0.2
3995, -0.3
3996, 0.5
3997, -0.1
3998, -0.4
3999, -0.2
