0, -0.1
1, 0.4
2, 0.2
3, 0.3
4, -0.4
5, -0.1
6, 0.0
7, 0.2
8, -0.2
9, 0.0
10, -0.1
11, -0.1
12, 0.1
13, 0.1
14, -0.1
15, 0.4
16, 0.0
17, 0.2
18, 0.0
19, -0.1
20, -0.3
21, 0.1
22, 0.0
23, 0.3
24, -0.3
25, 0.2
26, -0.3
27, 0.1
28, 0.0
29, -0.2
30, 0.1
31, 0.0
32, -0.2
33, -0.3
34, -0.1
35, 0.0
36, 0.0
37, 0.0
38, -0.2
39, -0.2
40, 0.5
41, 0.0
42, 0.2
43, -0.3
44, 0.1
45, 0.3
46, -0.4
47, 0.2
48, 0.2
49, -0.3
50, -0.2
51, 0.1
52, -0.3
53, 0.2
54, 0.0
55, 0.0
56, 0.1
57, 0.3
58, -0.2
59, 0.2
60, 0.0
61, 0.1
62, -0.1
63, 0.4
64, 0.3
65, -0.1
66, -0.2
67, -0.1
68, 0.2
69, 0.4
70, 0.0
71, 0.1
72, -0.4
73, 0.2
74, 0.2
75, 0.4
76, 0.2
77, -0.2
78, 0.0
79, 0.2
80, 0.4
81, -0.5
82, 0.1
83, -0.2
84, 0.0
85, -0.2
86, -0.4
87, -0.2
88, 0.0
89, -0.3
90, 0.0
91, 0.1
92, -0.2
93, 0.0
94, 0.1
95, 0.2
96, -0.2
97, 0.2
98, 0.2
99, -0.3
100, -0.3
101, 0.0
102, -0.2
103, 0.1
104, 0.1
105, 0.2
106, 0.1
107, 0.2
108, 0.1
109, 0.2
110, 0.0
111, 0.3
112, 0.4
113, -0.1
114, 0.2
115, -0.1
116, -0.2
117, -0.1
118, 0.1
119, -0.5
120, -0.2
121, -0.4
122, 0.1
123, 0.0
124, 0.0
125, 0.0
126, 0.5
127, 0.1
128, 0.4
129, -0.4
130, 0.2
131, -0.1
132, -0.3
133, 0.1
134, 0.3
135, -0.1
136, 0.0
137, 0.0
138, -0.2
139, -0.2
140, 0.1
141, 0.3
142, -0.3
143, 0.3
144, 0.2
145, 0.1
146, 0.1
147, -0.1
148, 0.2
149, -0.2
150, -0.4
151, 0.2
152, 0.5
153, -0.4
154, 0.1
155, 0.0
156, 0.1
157, 0.3
158, -0.1
159, -0.1
160, 0.4
161, -0.1
162, 0.1
163, -0.2
164, 0.1
165, -0.3
166, -0.2
167, 0.0
168, -0.2
169, -0.2
170, 0.1
171, -0.1
172, -0.1
173, 0.2
174, 0.0
175, 0.0
176, 0.0
177, -0.1
178, -0.3
179, -0.3
180, -0.2
181, -0.1
182, -0.6
183, -0.3
184, 0.1
185, 0.2
186, 0.4
187, -0.1
188, 0.4
189, -0.2
190, 0.0
191, 0.4
192, 0.0
193, -0.1
194, 0.4
195, 0.3
196, 0.0
197, 0.1
198, -0.1
199, -0.4
200, 0.0
201, 0.1
202, -0.2
203, -0.3
204, 0.0
205, -0.1
206, -0.4
207, 0.0
208, 0.0
209, -0.2
210, -0.3
211, 0.2
212, 0.0
213, -0.1
214, -0.1
215, -0.2
216, 0.0
217, -0.7
218, 0.3
219, -0.3
220, 0.2
221, 0.0
222, -0.2
223, 0.2
224, -0.2
225, 0.5
226, -0.2
227, 0.1
228, 0.0
229, -0.1
230, -0.1
231, 0.2
232, -0.4
233, 0.2
234, 0.2
235, -0.2
236, 0.1
237, -0.1
238, 0.2
239, -0.3
240, 0.4
241, -0.1
242, 0.4
243, 0.2
244, 0.1
245, -0.2
246, 0.5
247, -0.1
248, 0.1
249, 0.0
250, -0.2
251, -0.2
252, 0.2
253, 0.2
254, 0.0
255, 0.4
256, -0.1
257, 0.3
258, 0.4
259, -0.6
260, 0.0
261, 0.0
262, -0.3
263, 0.0
264, 0.1
265, -0.2
266, 0.1
267, 0.1
268, 0.1
269, -0.2
270, -0.1
271, -0.2
272, 0.1
273, -0.1
274, -0.2
275, 0.2
276, -0.1
277, -0.3
278, 0.1
279, -0.2
280, 0.0
281, 0.0
282, 0.3
283, 0.2
284, 0.1
285, 0.3
286, 0.2
287, -0.2
288, 0.1
289, -0.6
290, 0.1
291, -0.1
292, 0.1
293, -0.2
294, -0.1
295, -0.2
296, -0.5
297, -0.1
298, 0.1
299, -0.3
300, -0.1
301, 0.2
302, -0.2
303, -0.2
304, 0.0
305, -0.2
306, -0.2
307, 0.2
308, 0.4
309, 0.1
310, -0.6
311, 0.1
312, -0.5
313, -0.2
314, -0.1
315, 0.1
316, 0.1
317, 0.0
318, -0.1
319, 0.4
320, 0.1
321, -0.2
322, -0.1
323, 0.2
324, -0.1
325, 0.2
326, -0.1
327, 0.0
328, 0.1
329, 0.2
330, 0.3
331, -0.3
332, 0.0
333, 0.0
334, 0.1
335, 0.1
336, 0.3
337, -0.1
338, 0.0
339, -0.3
340, 0.1
341, -0.4
342, 0.0
343, -0.2
344, -0.3
345, -0.2
346, -0.6
347, 0.0
348, 0.0
349, -0.2
350, 0.0
351, -0.1
352, 0.0
353, 0.0
354, 0.0
355, 0.2
356, 0.3
357, 0.2
358, -0.4
359, 0.3
360, -0.1
361, 0.0
362, -0.3
363, 0.4
364, 0.3
365, 0.3
366, 0.3
367, 0.1
368, 0.0
369, 0.4
370, -0.2
371, 0.3
372, 0.1
373, 0.0
374, 0.0
375, -0.1
376, 0.1
377, 0.0
378, -0.1
379, 0.2
380, -0.3
381, 0.0
382, -0.1
383, -0.4
384, 0.3
385, -0.1
386, -0.2
387, 0.2
388, -0.2
389, -0.2
390, -0.3
391, 0.3
392, 0.1
393, -0.2
394, -0.1
395, -0.1
396, 0.1
397, -0.3
398, -0.4
399, 0.3
400, 0.0
401, 0.1
402, 0.4
403, 0.1
404, -0.2
405, 0.1
406, 0.0
407, 0.2
408, 0.1
409, -0.1
410, 0.0
411, -0.1
412, -0.2
413, 0.2
414, 0.0
415, -0.4
416, 0.4
417, -0.3
418, 0.1
419, 0.3
420, 0.1
421, 0.3
422, 0.1
423, -0.3
424, -0.5
425, -0.1
426, 0.0
427, 0.4
428, -0.2
429, 0.1
430, 0.1
431, 0.1
432, 0.3
433, 0.3
434, 0.1
435, -0.2
436, 0.4
437, -0.2
438, -0.2
439, -0.1
440, -0.1
441, 0.2
442, -0.1
443, 0.2
444, -0.4
445, -0.5
446, 0.1
447, -0.3
448, 0.0
449, 0.0
450, 0.3
451, 0.0
452, -0.1
453, -0.2
454, 0.0
455, 0.1
456, 0.4
457, -0.1
458, -0.2
459, 0.1
460, 0.0
461, 0.0
462, 0.0
463, -0.1
464, -0.1
465, -0.4
466, 0.3
467, 0.2
468, 0.3
469, 0.2
470, -0.4
471, -0.3
472, 0.1
473, 0.0
474, 0.2
475, 0.0
476, -0.2
477, -0.1
478, -0.1
479, -0.2
480, 0.2
481, 0.1
482, 0.2
483, 0.5
484, -0.3
485, -0.1
486, 0.2
487, 0.2
488, -0.1
489, 0.0
490, 0.2
491, 0.2
492, -0.2
493, 0.0
494, 0.4
495, -0.2
496, -0.2
497, 0.0
498, 0.0
499, -0.1
500, -0.2
501, 0.3
502, 0.3
503, -0.4
504, -0.2
505, 0.0
506, -0.1
507, 0.1
508, -0.3
509, -0.1
510, 0.3
511, -0.3
512, -0.3
513, -0.2
514, -0.5
515, 0.1
516, 0.0
517, 0.5
518, -0.5
519, 0.1
520, 0.2
521, 0.2
522, -0.1
523, 0.2
524, 0.1
525, 0.2
526, 0.2
527, 0.1
528, 0.1
529, -0.3
530, 0.3
531, -0.1
532, -0.1
533, 0.0
534, 0.3
535, 0.2
536, 0.0
537, 0.1
538, 0.1
539, -0.1
540, 0.2
541, 0.2
542, 0.4
543, -0.3
544, -0.3
545, 0.2
546, -0.2
547, 0.0
548, -0.1
549, 0.2
550, 0.1
551, -0.4
552, 0.1
553, 0.2
554, 0.1
555, 0.0
556, -0.1
557, -0.1
558, 0.0
559, -0.1
560, 0.3
561, 0.2
562, -0.1
563, 0.1
564, 0.3
565, 0.0
566, 0.2
567, -0.2
568, -0.2
569, -0.1
570, -0.3
571, 0.1
572, 0.3
573, -0.1
574, 0.1
575, 0.2
576, 0.1
577, 0.3
578, 0.1
579, -0.2
580, 0.0
581, 0.3
582, -0.2
583, -0.1
584, -0.1
585, 0.1
586, -0.1
587, 0.3
588, 0.1
589, 0.1
590, 0.3
591, -0.1
592, 0.4
593, 0.1
594, -0.1
595, 0.1
596, -0.1
597, 0.1
598, 0.1
599, 0.0
600, -0.4
601, 0.0
602, 0.4
603, 0.0
604, -0.1
605, 0.3
606, -0.2
607, 0.0
608, 0.4
609, 0.2
610, -0.1
611, 0.2
612, 0.1
613, 0.0
614, -0.3
615, 0.1
616, 0.3
617, -0.1
618, -0.2
619, -0.2
620, 0.2
621, 0.2
622, 0.0
623, -0.1
624, 0.0
625, 0.5
626, -0.4
627, 0.0
628, -0.2
629, 0.3
630, 0.3
631, -0.5
632, 0.1
633, 0.0
634, 0.2
635, 0.2
636, -0.3
637, -0.1
638, 0.4
639, 0.3
640, 0.2
641, -0.3
642, -0.3
643, -0.1
644, 0.1
645, 0.0
646, 0.3
647, 0.0
648, -0.2
649, 0.4
650, 0.1
651, -0.3
652, -0.4
653, 0.2
654, -0.1
655, 0.0
656, 0.3
657, -0.3
658, 0.3
659, 0.2
660, 0.2
661, 0.0
662, 0.0
663, -0.3
664, 0.1
665, 0.4
666, 0.0
667, 0.2
668, 0.0
669, 0.0
670, -0.7
671, 0.1
672, 0.0
673, -0.1
674, -0.4
675, 0.0
676, -0.1
677, -0.3
678, 0.1
679, 0.3
680, 0.4
681, 0.4
682, -0.2
683, 0.3
684, -0.5
685, 0.0
686, 0.0
687, 0.1
688, -0.1
689, 0.2
690, 0.0
691, -0.7
692, -0.5
693, -0.3
694, 0.3
695, 0.2
696, 0.3
697, -0.1
698, -0.4
699, 0.3
700, 0.3
701, -0.3
702, -0.2
703, -0.1
704, 0.1
705, 0.4
706, 0.0
707, -0.2
708, -0.2
709, -0.1
710, 0.1
711, -0.1
712, 0.1
713, -0.2
714, -0.1
715, 0.3
716, -0.3
717, 0.4
718, 0.2
719, -0.2
720, -0.4
721, -0.2
722, 0.1
723, 0.1
724, 0.0
725, 0.1
726, -0.1
727, 0.3
728, 0.2
729, 0.1
730, -0.3
731, 0.1
732, 0.2
733, 0.0
734, -0.1
735, -0.1
736, -0.1
737, 0.0
738, -0.1
739, -0.1
740, -0.3
741, -0.1
742, 0.3
743, 0.1
744, 0.3
745, 0.2
746, 0.3
747, 0.4
748, 0.3
749, 0.2
750, -0.5
751, -0.2
752, -0.5
753, 0.1
754, -0.1
755, -0.6
756, 0.0
757, 0.2
758, 0.2
759, -0.5
760, 0.0
761, 0.0
762, 0.2
763, -0.1
764, -0.5
765, 0.2
766, 0.0
767, -0.2
768, -0.5
769, -0.1
770, -0.1
771, 0.1
772, 0.1
773, -0.2
774, -0.1
775, 0.0
776, 0.1
777, 0.4
778, -0.3
779, 0.4
780, 0.1
781, -0.1
782, -0.2
783, 0.1
784, 0.0
785, 0.0
786, 0.0
787, 0.1
788, 0.1
789, -0.4
790, -0.4
791, 0.0
792, 0.3
793, 0.0
794, 0.4
795, -0.2
796, 0.0
797, -0.1
798, 0.1
799, 0.2
800, 0.3
801, -0.4
802, 0.1
803, -0.1
804, -0.2
805, -0.3
806, -0.3
807, 0.2
808, -0.2
809, -0.5
810, 0.2
811, 0.0
812, 0.0
813, 0.3
814, 0.3
815, 0.3
816, 0.1
817, 0.3
818, 0.2
819, -0.3
820, 0.2
821, 0.2
822, -0.1
823, -0.1
824, 0.1
825, 0.3
826, 0.2
827, 0.4
828, 0.1
829, -0.3
830, 0.5
831, -0.1
832, 0.2
833, -0.2
834, -0.1
835, 0.0
836, 0.2
837, 0.2
838, -0.1
839, -0.6
840, -0.1
841, -0.5
842, -0.3
843, 0.2
844, 0.1
845, -0.1
846, 0.0
847, -0.2
848, -0.4
849, 0.2
850, -0.2
851, 0.0
852, -0.3
853, 0.1
854, 0.2
855, 0.0
856, -0.3
857, -0.1
858, -0.1
859, -0.2
860, 0.0
861, -0.5
862, -0.4
863, 0.0
864, -0.1
865, 0.3
866, -0.3
867, 0.2
868, -0.4
869, -0.5
870, -0.1
871, -0.5
872, -0.1
873, 0.2
874, 0.1
875, 0.3
876, 0.3
877, 0.1
878, -0.3
879, -0.2
880, -0.3
881, 0.2
882, 0.2
883, 0.0
884, 0.1
885, 0.2
886, -0.4
887, 0.0
888, -0.3
889, 0.2
890, 0.0
891, 0.0
892, 0.3
893, 0.3
894, 0.0
895, 0.0
896, 0.0
897, 0.2
898, -0.1
899, 0.1
900, 0.3
901, 0.1
902, 0.2
903, 0.2
904, -0.1
905, 0.2
906, 0.1
907, 0.0
908, 0.4
909, -0.2
910, 0.1
911, 0.1
912, -0.1
913, -0.1
914, 0.1
915, -0.4
916, 0.1
917, 0.1
918, 0.0
919, 0.0
920, -0.2
921, 0.0
922, 0.2
923, -0.2
924, 0.1
925, 0.0
926, -0.3
927, 0.0
928, -0.2
929, 0.0
930, 0.2
931, -0.1
932, -0.1
933, 0.0
934, 0.3
935, 0.0
936, 0.0
937, 0.0
938, -0.3
939, 0.3
940, -0.2
941, 0.2
942, 0.3
943, -0.3
944, 0.3
945, 0.0
946, -0.1
947, 0.2
948, -0.2
949, 0.0
950, -0.1
951, -0.1
952, -0.2
953, 0.4
954, 0.1
955, -0.2
956, 0.2
957, 0.0
958, -0.2
959, -0.1
960, -0.4
961, 0.2
962, -0.3
963, -0.2
964, -0.1
965, 0.3
966, 0.3
967, -0.4
968, -0.1
969, -0.4
970, -0.3
971, 0.5
972, -0.2
973, 0.2
974, 0.1
975, 0.5
976, -0.4
977, 0.3
978, 0.2
979, 0.4
980, 0.3
981, 0.1
982, -0.3
983, 0.3
984, 0.1
985, -0.3
986, -0.2
987, 0.3
988, 0.1
989, -0.6
990, -0.1
991, 0.0
992, 0.0
993, 0.2
994, -0.4
995, 0.1
996, -0.2
997, 0.2
998, 0.1
999, -0.1
1000, -0.3
1001, 0.1
1002, 0.1
1003, 0.4
1004, 0.3
1005, -0.1
1006, -0.3
1007, 0.2
1008, -0.1
1009, -0.2
1010, -0.2
1011, -0.4
1012, 0.0
1013, -0.1
1014, 0.3
1015, 0.3
1016, 0.0
1017, 0.2
1018, -0.2
1019, -0.3
1020, 0.0
1021, -0.2
1022, 0.1
1023, -0.3
1024, -0.6
1025, -0.1
1026, -0.2
1027, 0.0
1028, 0.4
1029, -0.4
1030, -0.4
1031, -0.4
1032, 0.3
1033, -0.1
1034, 0.3
1035, 0.4
1036, -0.2
1037, 0.0
1038, -0.1
1039, -0.1
1040, -0.1
1041, 0.1
1042, -0.2
1043, -0.3
1044, 0.2
1045, 0.0
1046, -0.3
1047, -0.2
1048, -0.1
1049, -0.3
1050, -0.3
1051, 0.0
1052, -0.2
1053, 0.2
1054, 0.4
1055, 0.1
1056, 0.2
1057, 0.1
1058, 0.1
1059, -0.1
1060, 0.0
1061, -0.2
1062, -0.1
1063, 0.0
1064, 0.3
1065, 0.1
1066, -0.2
1067, 0.2
1068, 0.2
1069, 0.2
1070, -0.2
1071, 0.0
1072, -0.1
1073, 0.0
1074, 0.0
1075, 0.3
1076, -0.2
1077, -0.2
1078, 0.0
1079, 0.2
1080, -0.7
1081, 0.1
1082, 0.2
1083, 0.2
1084, -0.2
1085, -0.3
1086, 0.3
1087, 0.3
1088, -0.1
1089, 0.1
1090, -0.4
1091, 0.0
1092, 0.5
1093, 0.4
1094, 0.0
1095, -0.2
1096, 0.0
1097, -0.1
1098, -0.2
1099, 0.0
1100, 0.1
1101, 0.1
1102, 0.1
1103, 0.1
1104, 0.1
1105, -0.2
1106, 0.2
1107, -0.1
1108, -0.4
1109, 0.2
1110, 0.1
1111, 0.3
1112, 0.3
1113, -0.1
1114, 0.1
1115, 0.0
1116, 0.2
1117, -0.2
1118, 0.3
1119, -0.2
1120, -0.5
1121, 0.1
1122, 0.0
1123, -0.4
1124, -0.1
1125, -0.2
1126, 0.1
1127, 0.0
1128, -0.1
1129, -0.1
1130, 0.0
1131, 0.1
1132, -0.1
1133, 0.3
1134, -0.1
1135, 0.3
1136, -0.3
1137, -0.2
1138, 0.1
1139, 0.3
1140, 0.0
1141, -0.5
1142, 0.2
1143, 0.2
1144, 0.0
1145, -0.1
1146, 0.0
1147, 0.2
1148, 0.0
1149, 0.5
1150, 0.1
1151, 0.1
1152, -0.2
1153, 0.3
1154, 0.3
1155, -0.1
1156, -0.1
1157, 0.1
1158, 0.1
1159, -0.1
1160, 0.2
1161, 0.0
1162, -0.1
1163, 0.1
1164, -0.4
1165, -0.5
1166, 0.0
1167, 0.0
1168, 0.0
1169, 0.0
1170, -0.5
1171, -0.4
1172, 0.0
1173, 0.2
1174, 0.0
1175, 0.1
1176, -0.2
1177, 0.2
1178, -0.1
1179, -0.9
1180, -0.2
1181, 0.1
1182, 0.1
1183, 0.1
1184, -0.2
1185, 0.1
1186, 0.4
1187, -0.2
1188, -0.1
1189, 0.0
1190, 0.2
1191, 0.1
1192, 0.3
1193, 0.2
1194, 0.1
1195, 0.1
1196, 0.0
1197, 0.4
1198, 0.1
1199, -0.2
1200, 0.1
1201, -0.2
1202, 0.5
1203, -0.5
1204, 0.3
1205, -0.1
1206, 0.2
1207, 0.0
1208, 0.4
1209, -0.3
1210, -0.3
1211, 0.2
1212, 0.0
1213, -0.2
1214, 0.2
1215, 0.2
1216, 0.0
1217, 0.5
1218, -0.1
1219, 0.4
1220, 0.4
1221, 0.1
1222, -0.1
1223, -0.3
1224, 0.1
1225, -0.2
1226, -0.1
1227, -0.1
1228, 0.0
1229, -0.2
1230, 0.4
1231, 0.0
1232, 0.4
1233, 0.0
1234, 0.1
1235, -0.4
1236, 0.1
1237, 0.2
1238, 0.0
1239, 0.0
1240, 0.4
1241, 0.2
1242, 0.1
1243, 0.1
1244, -0.2
1245, 0.0
1246, -0.2
1247, 0.0
1248, 0.4
1249, 0.0
1250, 0.1
1251, 0.1
1252, 0.1
1253, 0.1
1254, 0.0
1255, 0.2
1256, 0.1
1257, 0.3
1258, -0.3
1259, -0.2
1260, 0.3
1261, 0.3
1262, 0.0
1263, -0.2
1264, -0.1
1265, 0.2
1266, 0.0
1267, 0.2
1268, -0.1
1269, -0.3
1270, 0.1
1271, 0.3
1272, 0.0
1273, 0.0
1274, 0.1
1275, 0.1
1276, 0.0
1277, 0.0
1278, -0.1
1279, 0.1
1280, -0.1
1281, -0.1
1282, 0.1
1283, -0.1
1284, 0.2
1285, 0.3
1286, 0.3
1287, 0.0
1288, -0.1
1289, -0.2
1290, -0.2
1291, -0.1
1292, -0.4
1293, 0.2
1294, -0.3
1295, 0.2
1296, 0.2
1297, 0.2
1298, 0.1
1299, 0.5
1300, 0.0
1301, 0.2
1302, 0.0
1303, -0.1
1304, -0.1
1305, 0.0
1306, -0.4
1307, -0.1
1308, -0.2
1309, -0.1
1310, -0.4
1311, 0.3
1312, 0.3
1313, 0.0
1314, 0.1
1315, 0.1
1316, 0.3
1317, 0.3
1318, 0.0
1319, -0.3
1320, 0.3
1321, 0.0
1322, 0.4
1323, 0.0
1324, -0.2
1325, -0.2
1326, -0.1
1327, -0.1
1328, 0.2
1329, -0.3
1330, 0.2
1331, 0.3
1332, -0.3
1333, -0.1
1334, -0.4
1335, 0.0
1336, -0.3
1337, 0.3
1338, -0.1
1339, 0.2
1340, 0.1
1341, 0.0
1342, 0.3
1343, 0.0
1344, -0.1
1345, 0.0
1346, -0.2
1347, 0.1
1348, -0.1
1349, -0.4
1350, 0.2
1351, 0.2
1352, 0.0
1353, 0.4
1354, -0.4
1355, -0.2
1356, 0.1
1357, -0.1
1358, 0.0
1359, 0.1
1360, -0.1
1361, 0.1
1362, -0.4
1363, 0.0
1364, -0.2
1365, 0.2
1366, 0.2
1367, 0.5
1368, 0.1
1369, 0.2
1370, 0.3
1371, 0.0
1372, -0.1
1373, 0.3
1374, -0.2
1375, -0.3
1376, 0.1
1377, 0.1
1378, 0.0
1379, 0.2
1380, -0.2
1381, 0.1
1382, -0.4
1383, 0.3
1384, -0.3
1385, 0.3
1386, 0.4
1387, -0.3
1388, 0.0
1389, 0.0
1390, 0.1
1391, -0.2
1392, -0.1
1393, -0.2
1394, 0.3
1395, 0.2
1396, -0.2
1397, 0.2
1398, 0.1
1399, 0.1
1400, -0.2
1401, -0.4
1402, 0.1
1403, 0.3
1404, -0.4
1405, 0.0
1406, 0.0
1407, -0.1
1408, 0.1
1409, 0.3
1410, -0.2
1411, 0.0
1412, 0.1
1413, -0.1
1414, -0.2
1415, 0.1
1416, 0.1
1417, -0.2
1418, 0.0
1419, 0.3
1420, 0.0
1421, -0.4
1422, -0.2
1423, 0.0
1424, 0.2
1425, 0.0
1426, 0.2
1427, -0.5
1428, -0.5
1429, -0.1
1430, 0.0
1431, 0.0
1432, 0.2
1433, 0.0
1434, 0.1
1435, 0.0
1436, -0.1
1437, -0.2
1438, -0.1
1439, 0.1
1440, -0.2
1441, -0.1
1442, 0.4
1443, 0.2
1444, -0.2
1445, 0.0
1446, -0.2
1447, 0.0
1448, 0.3
1449, 0.2
1450, 0.2
1451, 0.1
1452, -0.4
1453, -0.1
1454, 0.2
1455, -0.4
1456, -0.3
1457, 0.1
1458, 0.3
1459, 0.2
1460, -0.2
1461, 0.0
1462, -0.4
1463, -0.4
1464, 0.1
1465, -0.1
1466, 0.2
1467, -0.2
1468, -0.1
1469, 0.1
1470, 0.3
1471, 0.0
1472, 0.2
1473, -0.2
1474, 0.2
1475, -0.4
1476, 0.2
1477, -0.2
1478, 0.2
1479, 0.4
1480, 0.0
1481, 0.2
1482, -0.1
1483, -0.1
1484, 0.4
1485, 0.4
1486, -0.2
1487, -0.1
1488, -0.2
1489, 0.0
1490, 0.0
1491, 0.0
1492, -0.2
1493, -0.1
1494, 0.4
1495, 0.1
1496, -0.1
1497, -0.1
1498, 0.0
1499, 0.1
1500, -0.1
1501, 0.3
1502, -0.2
1503, 0.1
1504, -0.2
1505, 0.0
1506, -0.3
1507, -0.1
1508, -0.1
1509, -0.1
1510, 0.0
1511, 0.1
1512, 0.2
1513, 0.2
1514, -0.5
1515, 0.1
1516, 0.0
1517, -0.1
1518, 0.0
1519, -0.4
1520, -0.3
1521, -0.3
1522, 0.1
1523, 0.0
1524, -0.1
1525, 0.0
1526, 0.0
1527, 0.2
1528, 0.2
1529, 0.2
1530, 0.0
1531, -0.1
1532, -0.2
1533, 0.3
1534, 0.0
1535, -0.2
1536, 0.1
1537, 0.2
1538, 0.1
1539, 0.4
1540, 0.1
1541, -0.2
1542, -0.1
1543, -0.2
1544, -0.3
1545, -0.1
1546, -0.2
1547, -0.2
1548, -0.7
1549, -0.4
1550, 0.0
1551, -0.1
1552, -0.2
1553, -0.3
1554, 0.2
1555, 0.2
1556, 0.0
1557, 0.1
1558, 0.0
1559, 0.0
1560, 0.0
1561, 0.5
1562, 0.3
1563, 0.5
1564, 0.0
1565, 0.0
1566, 0.1
1567, 0.1
1568, -0.4
1569, 0.0
1570, -0.2
1571, -0.2
1572, -0.1
1573, 0.0
1574, -0.3
1575, 0.0
1576, 0.0
1577, -0.5
1578, -0.3
1579, -0.3
1580, 0.3
1581, 0.1
1582, -0.2
1583, -0.1
1584, -0.2
1585, 0.3
1586, -0.5
1587, 0.2
1588, -0.2
1589, -0.5
1590, 0.2
1591, 0.3
1592, 0.0
1593, 0.4
1594, -0.1
1595, 0.0
1596, -0.2
1597, -0.2
1598, 0.4
1599, 0.1
1600, 0.1
1601, 0.0
1602, 0.0
1603, 0.0
1604, 0.1
1605, -0.2
1606, -0.2
1607, 0.1
1608, 0.2
1609, 0.1
1610, -0.3
1611, 0.2
1612, -0.1
1613, -0.3
1614, 0.2
1615, -0.2
1616, 0.0
1617, 0.3
1618, -0.3
1619, 0.2
1620, -0.3
1621, 0.0
1622, 0.1
1623, 0.2
1624, -0.5
1625, -0.1
1626, -0.2
1627, -0.1
1628, 0.0
1629, 0.2
1630, 0.1
1631, -0.2
1632, 0.2
1633, 0.0
1634, 0.1
1635, -0.4
1636, -0.3
1637, 0.3
1638, 0.0
1639, 0.0
1640, -0.1
1641, 0.1
1642, 0.2
1643, -0.2
1644, 0.2
1645, 0.4
1646, -0.1
1647, 0.4
1648, -0.3
1649, 0.1
1650, 0.3
1651, 0.5
1652, 0.3
1653, 0.0
1654, 0.1
1655, 0.2
1656, -0.1
1657, 0.3
1658, -0.1
1659, 0.1
1660, 0.1
1661, 0.0
1662, 0.0
1663, -0.3
1664, 0.0
1665, 0.2
1666, 0.0
1667, 0.2
1668, 0.2
1669, 0.0
1670, 0.2
1671, -0.1
1672, -0.1
1673, -0.1
1674, 0.0
1675, 0.0
1676, 0.3
1677, 0.3
1678, 0.3
1679, 0.2
1680, 0.0
1681, 0.2
1682, -0.6
1683, 0.2
1684, -0.2
1685, 0.2
1686, -0.2
1687, 0.0
1688, 0.3
1689, 0.4
1690, 0.1
1691, -0.1
1692, 0.1
1693, 0.0
1694, -0.2
1695, 0.4
1696, 0.2
1697, 0.3
1698, 0.0
1699, 0.2
1700, -0.1
1701, 0.3
1702, 0.2
1703, -0.3
1704, -0.3
1705, -0.1
1706, 0.2
1707, -0.2
1708, 0.0
1709, -0.5
1710, 0.5
1711, -0.1
1712, 0.1
1713, -0.1
1714, 0.3
1715, 0.2
1716, -0.1
1717, -0.4
1718, 0.0
1719, 0.3
1720, 0.3
1721, -0.1
1722, 0.1
1723, -0.5
1724, 0.0
1725, 0.3
1726, 0.1
1727, 0.1
1728, 0.0
1729, 0.1
1730, -0.3
1731, 0.1
1732, 0.0
1733, -0.1
1734, -0.3
1735, 0.0
1736, -0.2
1737, -0.1
1738, 0.2
1739, -0.1
1740, 0.2
1741, -0.3
1742, 0.0
1743, -0.3
1744, -0.3
1745, 0.3
1746, -0.1
1747, 0.6
1748, -0.2
1749, 0.2
1750, -0.2
1751, 0.0
1752, 0.0
1753, 0.0
1754, 0.1
1755, -0.5
1756, -0.3
1757, 0.1
1758, -0.2
1759, 0.3
1760, 0.3
1761, -0.3
1762, -0.1
1763, 0.2
1764, -0.1
1765, -0.2
1766, 0.3
1767, 0.0
1768, 0.1
1769, 0.0
1770, 0.1
1771, -0.3
1772, 0.0
1773, -0.4
1774, 0.3
1775, -0.1
1776, -0.2
1777, 0.1
1778, 0.0
1779, -0.1
1780, -0.3
1781, 0.2
1782, 0.0
1783, -0.1
1784, -0.2
1785, -0.1
1786, 0.0
1787, 0.1
1788, 0.4
1789, 0.2
1790, -0.5
1791, -0.2
1792, -0.7
1793, -0.1
1794, -0.6
1795, -0.1
1796, 0.0
1797, 0.0
1798, 0.2
1799, 0.1
1800, -0.2
1801, 0.2
1802, -0.5
1803, -0.2
1804, 0.2
1805, -0.1
1806, -0.1
1807, -0.6
1808, 0.2
1809, -0.1
1810, -0.1
1811, 0.2
1812, -0.6
1813, -0.5
1814, -0.3
1815, -0.1
1816, -0.3
1817, -0.1
1818, -0.4
1819, 0.1
1820, -0.1
1821, 0.0
1822, -0.2
1823, 0.3
1824, -0.1
1825, 0.3
1826, 0.2
1827, 0.0
1828, -0.4
1829, 0.3
1830, 0.3
1831, -0.4
1832, -0.1
1833, 0.5
1834, -0.1
1835, 0.1
1836, -0.4
1837, 0.5
1838, 0.0
1839, -0.3
1840, -0.1
1841, 0.2
1842, 0.0
1843, 0.1
1844, 0.5
1845, 0.1
1846, 0.0
1847, 0.0
1848, 0.3
1849, 0.1
1850, -0.3
1851, -0.1
1852, -0.1
1853, 0.2
1854, 0.3
1855, -0.1
1856, -0.2
1857, 0.3
1858, 0.3
1859, -0.2
1860, 0.3
1861, 0.0
1862, 0.2
1863, -0.6
1864, 0.5
1865, 0.0
1866, -0.1
1867, 0.0
1868, 0.0
1869, 0.0
1870, 0.0
1871, 0.0
1872, -0.5
1873, -0.1
1874, -0.2
1875, 0.0
1876, -0.4
1877, 0.1
1878, 0.0
1879, 0.0
1880, 0.3
1881, 0.0
1882, -0.1
1883, -0.3
1884, -0.4
1885, -0.1
1886, 0.1
1887, 0.3
1888, -0.4
1889, 0.2
1890, -0.4
1891, -0.2
1892, 0.1
1893, 0.1
1894, 0.1
1895, -0.1
1896, 0.1
1897, 0.4
1898, -0.1
1899, 0.1
1900, 0.4
1901, 0.0
1902, 0.3
1903, 0.2
1904, 0.0
1905, 0.4
1906, 0.0
1907, 0.0
1908, -0.2
1909, 0.3
1910, 0.3
1911, 0.1
1912, -0.5
1913, 0.1
1914, 0.2
1915, 0.5
1916, 0.2
1917, 0.3
1918, 0.0
1919, -0.1
1920, 0.1
1921, -0.3
1922, -0.1
1923, 0.1
1924, -0.3
1925, 0.1
1926, 0.1
1927, 0.0
1928, -0.1
1929, -0.1
1930, -0.3
1931, 0.3
1932, -0.3
1933, 0.2
1934, 0.0
1935, 0.2
1936, 0.3
1937, 0.1
1938, 0.2
1939, 0.2
1940, -0.2
1941, -0.1
1942, -0.3
1943, 0.0
1944, 0.1
1945, 0.0
1946, 0.1
1947, -0.2
1948, -0.1
1949, -0.3
1950, 0.1
1951, 0.4
1952, 0.2
1953, 0.2
1954, 0.2
1955, 0.1
1956, -0.1
1957, -0.1
1958, 0.0
1959, 0.1
1960, 0.3
1961, 0.1
1962, 0.0
1963, 0.0
1964, 0.0
1965, -0.2
1966, 0.3
1967, -0.5
1968, -0.1
1969, 0.2
1970, 0.2
1971, -0.2
1972, 0.5
1973, -0.1
1974, 0.0
1975, 0.1
1976, 0.0
1977, 0.1
1978, 0.0
1979, 0.2
1980, -0.2
1981, 0.5
1982, 0.0
1983, -0.2
1984, -0.2
1985, -0.3
1986, 0.0
1987, 0.0
1988, 0.1
1989, -0.2
1990, -0.1
1991, 0.4
1992, -0.1
1993, -0.1
1994, 0.0
1995, 0.1
1996, -0.3
1997, -0.3
1998, -0.4
1999, 0.0
2000, 0.2
2001, 0.3
2002, 0.1
2003, 0.1
2004, -0.2
2005, -0.1
2006, -0.2
2007, 0.1
2008, -0.6
2009, -0.3
2010, -0.1
2011, 0.1
2012, -0.7
2013, 0.3
2014, 0.1
2015, 0.2
2016, 0.2
2017, -0.1
2018, -0.2
2019, 0.0
2020, 0.1
2021, -0.1
2022, 0.2
2023, 0.1
2024, -0.2
2025, -0.4
2026, -0.1
2027, 0.0
2028, -0.2
2029, -0.1
2030, 0.1
2031, 0.2
2032, -0.4
2033, 0.0
2034, 0.2
2035, 0.3
2036, 0.0
2037, -0.1
2038, -0.2
2039, -0.2
2040, -0.3
2041, -0.1
2042, 0.0
2043, 0.0
2044, -0.1
2045, 0.1
2046, 0.4
2047, 0.0
2048, 0.1
2049, 0.1
2050, -0.5
2051, -0.3
2052, 0.1
2053, 0.2
2054, 0.0
2055, 0.1
2056, -0.1
2057, -0.1
2058, 0.1
2059, 0.0
2060, 0.0
2061, 0.1
2062, 0.1
2063, -0.8
2064, 0.1
2065, 0.1
2066, 0.0
2067, -0.2
2068, -0.1
2069, -0.1
2070, 0.0
2071, 0.2
2072, -0.1
2073, 0.5
2074, 0.3
2075, 0.0
2076, 0.3
2077, -0.2
2078, 0.1
2079, -0.2
2080, -0.1
2081, 0.3
2082, 0.0
2083, -0.1
2084, 0.0
2085, -0.2
2086, -0.1
2087, -0.1
2088, 0.3
2089, 0.3
2090, 0.0
2091, 0.3
2092, 0.2
2093, 0.2
2094, 0.0
2095, 0.2
2096, 0.1
2097, 0.1
2098, 0.1
2099, 0.3
2100, 0.4
2101, 0.3
2102, -0.1
2103, 0.2
2104, -0.2
2105, 0.1
2106, -0.1
2107, -0.4
2108, -0.1
2109, -0.4
2110, 0.3
2111, 0.2
2112, 0.1
2113, 0.1
2114, -0.1
2115, -0.3
2116, 0.1
2117, -0.1
2118, 0.0
2119, -0.5
2120, -0.1
2121, 0.0
2122, 0.2
2123, 0.4
2124, 0.3
2125, -0.5
2126, 0.0
2127, 0.1
2128, 0.2
2129, -0.1
2130, 0.2
2131, 0.2
2132, -0.2
2133, -0.1
2134, 0.1
2135, -0.2
2136, -0.4
2137, 0.1
2138, 0.1
2139, -0.2
2140, -0.1
2141, 0.3
2142, -0.2
2143, 0.1
2144, -0.2
2145, 0.5
2146, 0.0
2147, 0.2
2148, 0.3
2149, -0.3
2150, 0.0
2151, 0.3
2152, 0.2
2153, -0.1
2154, -0.3
2155, -0.1
2156, 0.4
2157, 0.1
2158, 0.2
2159, 0.0
2160, -0.4
2161, -0.2
2162, -0.2
2163, -0.5
2164, -0.5
2165, -0.3
2166, 0.2
2167, -0.2
2168, -0.2
2169, 0.5
2170, 0.1
2171, 0.4
2172, -0.2
2173, -0.2
2174, -0.2
2175, -0.3
2176, 0.2
2177, -0.3
2178, 0.2
2179, 0.2
2180, 0.2
2181, 0.0
2182, -0.2
2183, 0.3
2184, 0.2
2185, -0.1
2186, -0.1
2187, 0.1
2188, -0.3
2189, -0.1
2190, 0.2
2191, -0.5
2192, -0.2
2193, 0.3
2194, 0.1
2195, -0.2
2196, 0.2
2197, 0.0
2198, 0.4
2199, 0.1
2200, -0.1
2201, 0.4
2202, 0.0
2203, 0.0
2204, 0.0
2205, 0.1
2206, -0.1
2207, 0.1
2208, 0.1
2209, 0.0
2210, 0.2
2211, -0.5
2212, -0.1
2213, -0.1
2214, -0.3
2215, 0.2
2216, -0.1
2217, -0.2
2218, 0.3
2219, -0.2
2220, -0.1
2221, -0.4
2222, 0.1
2223, -0.1
2224, -0.2
2225, -0.1
2226, -0.1
2227, 0.1
2228, -0.1
2229, -0.8
2230, 0.0
2231, -0.2
2232, 0.1
2233, -0.1
2234, -0.1
2235, 0.0
2236, -0.1
2237, 0.2
2238, 0.3
2239, -0.1
2240, 0.2
2241, 0.4
2242, 0.1
2243, -0.1
2244, 0.3
2245, -0.3
2246, 0.2
2247, -0.6
2248, 0.3
2249, -0.3
2250, -0.4
2251, 0.1
2252, 0.1
2253, 0.3
2254, 0.0
2255, 0.0
2256, 0.4
2257, 0.4
2258, -0.4
2259, 0.1
2260, 0.3
2261, 0.3
2262, 0.0
2263, -0.1
2264, -0.1
2265, 0.1
2266, -0.2
2267, 0.3
2268, 0.1
2269, -0.1
2270, -0.1
2271, 0.2
2272, 0.0
2273, 0.1
2274, -0.1
2275, 0.0
2276, 0.0
2277, 0.0
2278, 0.1
2279, -0.1
2280, 0.1
2281, -0.2
2282, 0.2
2283, -0.2
2284, -0.3
2285, -0.3
2286, -0.3
2287, 0.1
2288, 0.2
2289, 0.0
2290, -0.2
2291, 0.2
2292, 0.1
2293, -0.4
2294, 0.1
2295, -0.4
2296, 0.2
2297, -0.4
2298, 0.1
2299, 0.4
2300, 0.1
2301, 0.2
2302, 0.1
2303, 0.3
2304, 0.1
2305, -0.1
2306, 0.4
2307, 0.2
2308, 0.2
2309, -0.3
2310, 0.0
2311, -0.1
2312, -0.1
2313, 0.1
2314, -0.4
2315, 0.1
2316, 0.4
2317, 0.1
2318, 0.1
2319, 0.0
2320, 0.1
2321, 0.2
2322, -0.4
2323, 0.3
2324, 0.0
2325, -0.3
2326, 0.1
2327, -0.4
2328, 0.5
2329, -0.3
2330, 0.3
2331, -0.4
2332, -0.1
2333, 0.2
2334, -0.1
2335, -0.4
2336, 0.3
2337, 0.2
2338, -0.1
2339, 0.2
2340, -0.2
2341, 0.1
2342, -0.2
2343, 0.0
2344, 0.4
2345, -0.2
2346, -0.1
2347, -0.3
2348, 0.2
2349, -0.1
2350, -0.2
2351, 0.0
2352, 0.0
2353, 0.3
2354, 0.2
2355, -0.3
2356, 0.0
2357, -0.1
2358, 0.0
2359, 0.3
2360, 0.2
2361, 0.2
2362, -0.2
2363, 0.2
2364, -0.5
2365, -0.3
2366, -0.2
2367, -0.5
2368, 0.5
2369, -0.4
2370, 0.2
2371, 0.2
2372, 0.3
2373, -0.2
2374, 0.0
2375, 0.0
2376, -0.1
2377, 0.0
2378, 0.0
2379, -0.3
2380, -0.1
2381, -0.2
2382, 0.2
2383, 0.0
2384, -0.3
2385, 0.1
2386, -0.2
2387, 0.5
2388, 0.2
2389, 0.0
2390, 0.2
2391, -0.3
2392, -0.1
2393, 0.1
2394, -0.3
2395, -0.3
2396, 0.0
2397, 0.1
2398, 0.0
2399, 0.2
2400, 0.0
2401, -0.5
2402, -0.1
2403, 0.0
2404, 0.1
2405, -0.2
2406, 0.0
2407, 0.1
2408, 0.1
2409, 0.0
2410, 0.3
2411, -0.3
2412, -0.3
2413, -0.5
2414, 0.1
2415, -0.3
2416, 0.3
2417, -0.3
2418, 0.1
2419, 0.4
2420, 0.1
2421, 0.0
2422, 0.3
2423, -0.3
2424, 0.1
2425, 0.2
2426, -0.3
2427, -0.1
2428, 0.0
2429, -0.1
2430, 0.1
2431, -0.1
2432, -0.2
2433, 0.0
2434, 0.0
2435, 0.1
2436, -0.1
2437, 0.2
2438, 0.1
2439, 0.0
2440, 0.0
2441, 0.0
2442, 0.2
2443, 0.3
2444, -0.1
2445, 0.2
2446, 0.0
2447, -0.1
2448, 0.1
2449, 0.0
2450, 0.1
2451, -0.2
2452, 0.2
2453, -0.2
2454, 0.2
2455, 0.3
2456, -0.3
2457, -0.3
2458, 0.2
2459, 0.3
2460, -0.2
2461, 0.0
2462, -0.1
2463, 0.3
2464, -0.4
2465, 0.1
2466, -0.2
2467, -0.2
2468, 0.4
2469, 0.0
2470, 0.3
2471, -0.2
2472, -0.1
2473, -0.3
2474, 0.1
2475, 0.4
2476, 0.0
2477, 0.1
2478, 0.1
2479, -0.2
2480, 0.1
2481, 0.1
2482, -0.1
2483, 0.2
2484, 0.1
2485, 0.0
2486, 0.1
2487, -0.4
2488, -0.5
2489, -0.3
2490, -0.1
2491, -0.2
2492, 0.2
2493, 0.3
2494, -0.1
2495, 0.0
2496, -0.3
2497, -0.1
2498, -0.2
2499, 0.0
2500, -0.1
2501, 0.1
2502, 0.1
2503, 0.3
2504, -0.2
2505, -0.1
2506, -0.4
2507, 0.0
2508, 0.1
2509, 0.4
2510, -0.3
2511, 0.2
2512, 0.2
2513, 0.0
2514, -0.4
2515, 0.1
2516, 0.5
2517, -0.1
2518, 0.2
2519, 0.2
2520, 0.4
2521, -0.1
2522, 0.1
2523, 0.3
2524, -0.2
2525, 0.3
2526, 0.2
2527, 0.0
2528, 0.2
2529, -0.2
2530, -0.4
2531, 0.0
2532, -0.3
2533, 0.3
2534, 0.3
2535, 0.0
2536, 0.4
2537, -0.3
2538, 0.1
2539, 0.0
2540, 0.1
2541, 0.2
2542, 0.1
2543, 0.1
2544, 0.0
2545, 0.0
2546, 0.1
2547, 0.0
2548, -0.3
2549, 0.1
2550, 0.1
2551, 0.0
2552, 0.5
2553, -0.1
2554, 0.1
2555, 0.1
2556, 0.2
2557, 0.3
2558, 0.3
2559, 0.0
2560, 0.1
2561, 0.0
2562, -0.1
2563, -0.1
2564, 0.4
2565, 0.1
2566, -0.6
2567, -0.1
2568, -0.1
2569, 0.0
2570, -0.1
2571, 0.0
2572, -0.3
2573, 0.0
2574, -0.3
2575, 0.3
2576, -0.4
2577, 0.3
2578, 0.0
2579, -0.1
2580, -0.2
2581, -0.2
2582, 0.1
2583, -0.1
2584, 0.0
2585, 0.0
2586, 0.0
2587, -0.3
2588, 0.0
2589, 0.2
2590, 0.3
2591, -0.3
2592, -0.2
2593, 0.1
2594, -0.1
2595, -0.2
2596, -0.2
2597, 0.1
2598, 0.0
2599, -0.4
2600, 0.0
2601, 0.4
2602, -0.2
2603, 0.3
2604, -0.2
2605, -0.3
2606, -0.1
2607, 0.0
2608, -0.1
2609, 0.2
2610, -0.2
2611, -0.1
2612, 0.0
2613, -0.2
2614, -0.2
2615, 0.3
2616, 0.3
2617, 0.1
2618, 0.1
2619, 0.1
2620, 0.2
2621, -0.4
2622, 0.0
2623, -0.1
2624, 0.0
2625, -0.1
2626, -0.2
2627, -0.2
2628, 0.3
2629, 0.1
2630, -0.3
2631, 0.0
2632, -0.2
2633, 0.0
2634, -0.2
2635, 0.1
2636, 0.1
2637, 0.3
2638, 0.2
2639, 0.2
2640, 0.1
2641, 0.3
2642, 0.2
2643, -0.2
2644, 0.0
2645, 0.0
2646, -0.3
2647, 0.1
2648, -0.1
2649, 0.1
2650, 0.4
2651, 0.1
2652, -0.3
2653, -0.3
2654, -0.3
2655, 0.0
2656, 0.0
2657, 0.4
2658, 0.0
2659, 0.0
2660, 0.2
2661, 0.0
2662, -0.2
2663, -0.1
2664, 0.2
2665, 0.0
2666, -0.3
2667, -0.2
2668, 0.1
2669, -0.6
2670, -0.3
2671, 0.1
2672, -0.3
2673, 0.3
2674, 0.0
2675, 0.2
2676, -0.1
2677, 0.0
2678, -0.2
2679, 0.1
2680, 0.1
2681, -0.1
2682, 0.0
2683, -0.2
2684, 0.0
2685, 0.0
2686, 0.1
2687, -0.1
2688, -0.3
2689, 0.0
2690, -0.4
2691, -0.5
2692, -0.3
2693, 0.2
2694, -0.1
2695, 0.0
2696, 0.1
2697, 0.1
2698, 0.0
2699, -0.3
2700, 0.4
2701, -0.1
2702, 0.1
2703, -0.1
2704, 0.0
2705, -0.3
2706, 0.3
2707, 0.3
2708, 0.1
2709, 0.1
2710, 0.1
2711, 0.1
2712, 0.1
2713, -0.2
2714, 0.2
2715, 0.0
2716, 0.0
2717, -0.3
2718, 0.2
2719, 0.2
2720, 0.0
2721, -0.2
2722, 0.1
2723, 0.0
2724, 0.4
2725, 0.2
2726, -0.4
2727, 0.1
2728, -0.1
2729, 0.1
2730, -0.1
2731, 0.3
2732, 0.2
2733, 0.1
2734, 0.0
2735, 0.4
2736, 0.0
2737, 0.4
2738, 0.2
2739, 0.3
2740, 0.1
2741, 0.3
2742, 0.5
2743, -0.5
2744, 0.0
2745, 0.0
2746, -0.3
2747, 0.0
2748, 0.0
2749, 0.1
2750, 0.2
2751, 0.1
2752, 0.3
2753, 0.1
2754, 0.3
2755, -0.2
2756, 0.4
2757, -0.1
2758, -0.1
2759, 0.4
2760, -0.2
2761, 0.1
2762, -0.2
2763, -0.3
2764, -0.3
2765, 0.3
2766, 0.5
2767, 0.2
2768, -0.3
2769, -0.1
2770, 0.5
2771, 0.3
2772, 0.0
2773, 0.0
2774, -0.2
2775, -0.5
2776, 0.0
2777, 0.2
2778, 0.3
2779, 0.0
2780, 0.2
2781, 0.2
2782, 0.3
2783, 0.1
2784, 0.3
2785, 0.3
2786, 0.1
2787, 0.0
2788, 0.2
2789, -0.1
2790, -0.1
2791, 0.1
2792, -0.2
2793, 0.0
2794, 0.0
2795, -0.2
2796, -0.5
2797, -0.3
2798, 0.0
2799, -0.2
2800, 0.0
2801, -0.1
2802, 0.2
2803, 0.2
2804, -0.1
2805, -0.1
2806, 0.0
2807, -0.2
2808, 0.1
2809, 0.0
2810, 0.0
2811, -0.2
2812, 0.4
2813, -0.6
2814, -0.3
2815, 0.0
2816, 0.0
2817, 0.1
2818, 0.3
2819, -0.1
2820, 0.1
2821, 0.1
2822, -0.3
2823, -0.1
2824, 0.1
2825, 0.3
2826, -0.2
2827, -0.3
2828, 0.0
2829, -0.3
2830, 0.0
2831, 0.2
2832, 0.0
2833, 0.0
2834, 0.0
2835, -0.3
2836, 0.3
2837, -0.4
2838, -0.3
2839, 0.4
2840, 0.0
2841, -0.2
2842, 0.4
2843, 0.0
2844, 0.2
2845, -0.2
2846, -0.1
2847, 0.0
2848, 0.3
2849, 0.0
2850, 0.0
2851, 0.1
2852, 0.1
2853, 0.3
2854, 0.1
2855, -0.2
2856, 0.0
2857, -0.1
2858, -0.2
2859, 0.5
2860, 0.0
2861, 0.3
2862, 0.2
2863, 0.0
2864, 0.3
2865, 0.3
2866, 0.0
2867, 0.3
2868, -0.2
2869, -0.1
2870, 0.5
2871, 0.0
2872, -0.2
2873, 0.3
2874, 0.3
2875, -0.2
2876, 0.2
2877, -0.3
2878, 0.0
2879, 0.0
2880, 0.2
2881, 0.2
2882, 0.1
2883, 0.0
2884, -0.1
2885, -0.1
2886, -0.1
2887, 0.0
2888, 0.3
2889, -0.1
2890, 0.3
2891, 0.0
2892, -0.6
2893, 0.0
2894, -0.1
2895, 0.0
2896, 0.3
2897, -0.2
2898, 0.2
2899, 0.2
2900, -0.1
2901, 0.0
2902, 0.0
2903, 0.1
2904, 0.1
2905, 0.2
2906, -0.2
2907, 0.1
2908, 0.0
2909, -0.1
2910, -0.2
2911, 0.2
2912, -0.3
2913, -0.1
2914, -0.1
2915, 0.3
2916, 0.1
2917, -0.3
2918, -0.2
2919, 0.2
2920, -0.2
2921, -0.2
2922, -0.3
2923, 0.3
2924, -0.2
2925, -0.1
2926, 0.3
2927, 0.0
2928, -0.3
2929, 0.2
2930, 0.3
2931, -0.2
2932, -0.2
2933, 0.0
2934, 0.1
2935, 0.1
2936, 0.0
2937, 0.2
2938, -0.5
2939, 0.4
2940, -0.1
2941, 0.2
2942, 0.0
2943, 0.1
2944, -0.3
2945, 0.0
2946, 0.0
2947, 0.0
2948, -0.2
2949, 0.0
2950, -0.5
2951, 0.3
2952, 0.3
2953, 0.2
2954, -0.2
2955, 0.2
2956, -0.1
2957, 0.1
2958, -0.4
2959, 0.2
2960, 0.0
2961, -0.1
2962, 0.1
2963, -0.1
2964, 0.0
2965, 0.2
2966, 0.3
2967, 0.1
2968, 0.0
2969, 0.2
2970, 0.1
2971, -0.1
2972, -0.3
2973, -0.3
2974, 0.2
2975, 0.0
2976, 0.1
2977, -0.2
2978, -0.1
2979, 0.1
2980, 0.1
2981, 0.2
2982, 0.0
2983, -0.1
2984, 0.1
2985, -0.3
2986, -0.6
2987, 0.0
2988, -0.1
2989, 0.3
2990, 0.1
2991, -0.7
2992, 0.2
2993, 0.2
2994, 0.2
2995, 0.0
2996, -0.1
2997, -0.2
2998, 0.0
2999, 0.3
3000, -0.2
3001, -0.1
3002, 0.0
3003, 0.3
3004, -0.1
3005, 0.3
3006, -0.1
3007, -0.1
3008, -0.1
3009, 0.0
3010, 0.1
3011, -0.1
3012, 0.0
3013, -0.1
3014, 0.2
3015, -0.2
3016, 0.4
3017, 0.2
3018, -0.1
3019, 0.2
3020, -0.2
3021, -0.1
3022, 0.2
3023, -0.2
3024, 0.1
3025, 0.3
3026, -0.4
3027, 0.1
3028, -0.3
3029, 0.2
3030, -0.2
3031, -0.2
3032, 0.4
3033, 0.0
3034, 0.0
3035, -0.1
3036, 0.1
3037, -0.1
3038, 0.2
3039, 0.1
3040, 0.0
3041, -0.2
3042, -0.1
3043, -0.2
3044, 0.2
3045, 0.1
3046, -0.1
3047, 0.1
3048, 0.1
3049, -0.1
3050, 0.1
3051, 0.0
3052, -0.2
3053, -0.3
3054, 0.3
3055, 0.1
3056, -0.2
3057, 0.3
3058, 0.4
3059, -0.6
3060, 0.3
3061, -0.2
3062, 0.2
3063, 0.2
3064, -0.3
3065, 0.0
3066, 0.2
3067, 0.4
3068, -0.1
3069, 0.0
3070, -0.8
3071, 0.2
3072, 0.0
3073, -0.5
3074, 0.1
3075, 0.1
3076, 0.4
3077, 0.3
3078, -0.1
3079, -0.2
3080, -0.3
3081, -0.3
3082, -0.3
3083, -0.2
3084, 0.3
3085, 0.1
3086, 0.0
3087, -0.2
3088, -0.2
3089, -0.1
3090, -0.1
3091, 0.0
3092, -0.4
3093, 0.4
3094, 0.3
3095, -0.3
3096, -0.3
3097, -0.1
3098, 0.0
3099, 0.1
3100, -0.2
3101, -0.3
3102, 0.2
3103, -0.2
3104, 0.2
3105, 0.0
3106, 0.4
3107, -0.4
3108, -0.2
3109, 0.2
3110, 0.1
3111, 0.1
3112, -0.4
3113, -0.1
3114, 0.2
3115, 0.1
3116, 0.3
3117, 0.2
3118, -0.2
3119, 0.3
3120, 0.2
3121, 0.1
3122, 0.3
3123, -0.2
3124, 0.2
3125, 0.0
3126, 0.2
3127, -0.1
3128, -0.1
3129, 0.2
3130, -0.3
3131, 0.4
3132, 0.2
3133, 0.2
3134, -0.2
3135, 0.3
3136, 0.4
3137, -0.1
3138, -0.2
3139, 0.0
3140, -0.4
3141, 0.0
3142, -0.2
3143, 0.0
3144, -0.2
3145, 0.3
3146, 0.0
3147, 0.1
3148, 0.0
3149, 0.3
3150, -0.1
3151, -0.1
3152, 0.1
3153, -0.2
3154, -0.2
3155, 0.1
3156, -0.3
3157, -0.2
3158, 0.1
3159, -0.1
3160, 0.1
3161, -0.1
3162, 0.0
3163, -0.2
3164, 0.2
3165, 0.2
3166, 0.1
3167, 0.0
3168, 0.2
3169, 0.4
3170, -0.1
3171, -0.1
3172, 0.4
3173, 0.2
3174, -0.3
3175, -0.2
3176, 0.3
3177, 0.1
3178, 0.3
3179, 0.1
3180, 0.1
3181, -0.1
3182, 0.0
3183, -0.3
3184, 0.0
3185, 0.1
3186, 0.0
3187, 0.3
3188, -0.3
3189, -0.3
3190, 0.2
3191, -0.2
3192, 0.0
3193, 0.2
3194, 0.1
3195, 0.4
3196, 0.4
3197, -0.4
3198, 0.2
3199, -0.3
3200, 0.2
3201, 0.0
3202, -0.2
3203, 0.3
3204, -0.2
3205, 0.0
3206, 0.0
3207, 0.4
3208, -0.6
3209, 0.1
3210, 0.3
3211, -0.3
3212, 0.2
3213, 0.2
3214, -0.1
3215, 0.1
3216, 0.1
3217, 0.0
3218, 0.4
3219, -0.4
3220, -0.2
3221, -0.2
3222, 0.1
3223, 0.0
3224, -0.3
3225, 0.2
3226, 0.2
3227, -0.2
3228, 0.0
3229, -0.2
3230, 0.0
3231, 0.1
3232, -0.3
3233, -0.2
3234, -0.1
3235, -0.1
3236, 0.4
3237, 0.0
3238, -0.1
3239, 0.2
3240, 0.1
3241, 0.2
3242, 0.2
3243, -0.1
3244, 0.3
3245, 0.1
3246, -0.1
3247, 0.2
3248, -0.2
3249, -0.3
3250, 0.1
3251, 0.0
3252, 0.3
3253, 0.0
3254, 0.1
3255, 0.0
3256, -0.3
3257, -0.6
3258, 0.1
3259, 0.2
3260, 0.3
3261, -0.3
3262, 0.1
3263, 0.3
3264, -0.2
3265, 0.2
3266, 0.3
3267, 0.3
3268, 0.1
3269, 0.0
3270, 0.0
3271, -0.2
3272, -0.1
3273, 0.2
3274, -0.2
3275, -0.1
3276, -0.5
3277, 0.3
3278, 0.2
3279, 0.3
3280, 0.1
3281, -0.3
3282, 0.1
3283, 0.0
3284, 0.1
3285, -0.2
3286, -0.1
3287, 0.5
3288, 0.0
3289, 0.0
3290, 0.2
3291, 0.0
3292, -0.1
3293, -0.4
3294, 0.2
3295, 0.1
3296, 0.2
3297, 0.4
3298, -0.1
3299, 0.0
3300, -0.5
3301, 0.4
3302, -0.3
3303, 0.1
3304, 0.0
3305, 0.0
3306, 0.2
3307, 0.4
3308, -0.1
3309, 0.1
3310, 0.0
3311, 0.0
3312, 0.1
3313, 0.2
3314, 0.0
3315, 0.0
3316, 0.0
3317, -0.2
3318, -0.3
3319, 0.4
3320, -0.1
3321, 0.2
3322, -0.2
3323, 0.1
3324, 0.3
3325, -0.1
3326, 0.2
3327, 0.1
3328, 0.0
3329, 0.1
3330, 0.0
3331, 0.0
3332, -0.5
3333, -0.3
3334, 0.0
3335, 0.2
3336, 0.0
3337, 0.0
3338, 0.2
3339, -0.3
3340, 0.2
3341, -0.1
3342, -0.1
3343, -0.1
3344, 0.4
3345, -0.1
3346, 0.0
3347, 0.3
3348, -0.2
3349, -0.7
3350, 0.0
3351, 0.0
3352, 0.4
3353, 0.0
3354, -0.3
3355, -0.3
3356, 0.2
3357, 0.1
3358, 0.3
3359, -0.1
3360, -0.6
3361, -0.1
3362, -0.3
3363, 0.2
3364, -0.3
3365, 0.2
3366, -0.2
3367, 0.1
3368, 0.0
3369, 0.1
3370, 0.2
3371, 0.1
3372, 0.1
3373, -0.2
3374, 0.2
3375, 0.0
3376, -0.4
3377, 0.4
3378, 0.0
3379, -0.2
3380, 0.2
3381, 0.2
3382, 0.1
3383, -0.1
3384, -0.2
3385, 0.1
3386, 0.2
3387, 0.0
3388, 0.1
3389, 0.1
3390, 0.3
3391, 0.3
3392, -0.1
3393, 0.1
3394, 0.2
3395, -0.1
3396, 0.0
3397, 0.4
3398, -0.4
3399, 0.1
3400, 0.1
3401, 0.0
3402, -0.3
3403, 0.3
3404, -0.2
3405, -0.2
3406, 0.4
3407, -0.3
3408, 0.3
3409, 0.1
3410, -0.2
3411, 0.0
3412, 0.0
3413, -0.4
3414, -0.2
3415, 0.4
3416, -0.1
3417, 0.1
3418, -0.2
3419, 0.1
3420, 0.1
3421, 0.0
3422, -0.1
3423, 0.2
3424, 0.3
3425, 0.0
3426, 0.2
3427, -0.2
3428, -0.1
3429, 0.3
3430, 0.0
3431, -0.1
3432, -0.1
3433, 0.1
3434, 0.0
3435, 0.3
3436, -0.1
3437, 0.3
3438, -0.2
3439, 0.0
3440, 0.2
3441, 0.2
3442, 0.2
3443, 0.4
3444, -0.1
3445, -0.1
3446, 0.1
3447, 0.0
3448, 0.0
3449, -0.4
3450, 0.2
3451, -0.5
3452, 0.0
3453, -0.3
3454, 0.1
3455, -0.2
3456, 0.0
3457, 0.1
3458, 0.3
3459, -0.4
3460, -0.2
3461, 0.2
3462, 0.4
3463, 0.1
3464, -0.3
3465, -0.1
3466, -0.3
3467, 0.0
3468, -0.2
3469, -0.2
3470, -0.3
3471, 0.1
3472, -0.1
3473, 0.0
3474, 0.0
3475, 0.2
3476, -0.3
3477, 0.1
3478, -0.2
3479, -0.4
3480, 0.1
3481, 0.3
3482, -0.2
3483, -0.1
3484, 0.1
3485, 0.3
3486, 0.1
3487, -0.3
3488, -0.3
3489, 0.3
3490, -0.5
3491, -0.2
3492, -0.2
3493, 0.1
3494, -0.4
3495, -0.2
3496, -0.3
3497, 0.2
3498, -0.1
3499, 0.2
3500, 0.3
3501, -0.6
3502, -0.2
3503, 0.3
3504, 0.0
3505, 0.1
3506, -0.3
3507, -0.3
3508, 0.1
3509, 0.2
3510, 0.0
3511, 0.1
3512, 0.2
3513, -0.5
3514, -0.1
3515, 0.2
3516, -0.2
3517, 0.1
3518, -0.4
3519, -0.1
3520, -0.2
3521, 0.2
3522, -0.4
3523, -0.1
3524, 0.0
3525, -0.1
3526, -0.3
3527, 0.1
3528, -0.2
3529, 0.1
3530, 0.2
3531, -0.3
3532, -0.3
3533, -0.1
3534, -0.4
3535, 0.1
3536, -0.3
3537, 0.0
3538, -0.1
3539, 0.0
3540, 0.3
3541, 0.0
3542, -0.6
3543, 0.2
3544, -0.2
3545, 0.1
3546, 0.1
3547, 0.1
3548, 0.2
3549, -0.3
3550, 0.0
3551, 0.2
3552, 0.0
3553, -0.1
3554, -0.2
3555, 0.2
3556, 0.1
3557, 0.0
3558, 0.1
3559, -0.2
3560, 0.2
3561, -0.1
3562, 0.2
3563, 0.3
3564, 0.3
3565, 0.0
3566, 0.1
3567, 0.1
3568, -0.3
3569, 0.0
3570, 0.0
3571, 0.0
3572, 0.2
3573, -0.1
3574, 0.2
3575, -0.1
3576, 0.0
3577, 0.1
3578, 0.1
3579, 0.0
3580, 0.1
3581, -0.1
3582, -0.1
3583, 0.3
3584, 0.2
3585, -0.1
3586, 0.2
3587, -0.1
3588, 0.4
3589, 0.2
3590, -0.1
3591, 0.0
3592, -0.2
3593, 0.0
3594, 0.1
3595, -0.1
3596, 0.2
3597, -0.1
3598, -0.5
3599, 0.0
3600, 0.1
3601, 0.4
3602, -0.3
3603, 0.3
3604, 0.0
3605, 0.0
3606, -0.2
3607, 0.2
3608, 0.1
3609, -0.2
3610, 0.2
3611, 0.0
3612, -0.1
3613, 0.4
3614, 0.0
3615, 0.1
3616, -0.1
3617, 0.1
3618, -0.1
3619, 0.2
3620, -0.1
3621, 0.0
3622, 0.0
3623, 0.2
3624, -0.6
3625, 0.3
3626, -0.1
3627, 0.1
3628, -0.3
3629, 0.1
3630, 0.1
3631, -0.4
3632, -0.3
3633, 0.1
3634, 0.0
3635, -0.1
3636, 0.0
3637, -0.1
3638, 0.0
3639, 0.4
3640, 0.1
3641, 0.3
3642, -0.2
3643, -0.2
3644, 0.2
3645, -0.3
3646, -0.4
3647, 0.1
3648, 0.1
3649, -0.1
3650, -0.2
3651, 0.3
3652, 0.1
3653, -0.1
3654, 0.3
3655, -0.2
3656, 0.0
3657, 0.1
3658, -0.2
3659, 0.1
3660, 0.1
3661, 0.0
3662, 0.0
3663, 0.0
3664, 0.1
3665, 0.1
3666, 0.0
3667, 0.0
3668, 0.1
3669, 0.0
3670, 0.1
3671, -0.2
3672, 0.0
3673, 0.1
3674, 0.1
3675, 0.0
3676, -0.4
3677, 0.0
3678, 0.3
3679, 0.1
3680, -0.2
3681, 0.1
3682, 0.1
3683, 0.3
3684, 0.2
3685, 0.1
3686, 0.3
3687, 0.3
3688, 0.2
3689, -0.3
3690, 0.2
3691, -0.3
3692, -0.1
3693, -0.5
3694, 0.1
3695, 0.2
3696, 0.3
3697, 0.0
3698, -0.2
3699, 0.0
3700, 0.0
3701, 0.1
3702, 0.1
3703, 0.5
3704, 0.2
3705, -0.2
3706, -0.1
3707, -0.1
3708, -0.1
3709, 0.0
3710, -0.2
3711, 0.4
3712, -0.3
3713, -0.2
3714, -0.2
3715, -0.2
3716, 0.4
3717, 0.3
3718, 0.3
3719, -0.1
3720, -0.3
3721, 0.2
3722, 0.1
3723, 0.0
3724, -0.4
3725, -0.1
3726, 0.2
3727, -0.1
3728, -0.1
3729, 0.3
3730, 0.3
3731, -0.1
3732, 0.3
3733, -0.1
3734, 0.1
3735, 0.1
3736, 0.1
3737, 0.3
3738, 0.1
3739, 0.0
3740, -0.2
3741, 0.0
3742, -0.2
3743, 0.1
3744, 0.2
3745, -0.1
3746, 0.3
3747, 0.3
3748, 0.1
3749, 0.0
3750, -0.1
3751, -0.2
3752, 0.2
3753, -0.2
3754, -0.2
3755, 0.1
3756, 0.0
3757, 0.2
3758, -0.2
3759, -0.2
3760, 0.2
3761, -0.2
3762, -0.1
3763, 0.3
3764, 0.0
3765, 0.0
3766, 0.2
3767, -0.3
3768, -0.2
3769, -0.3
3770, 0.0
3771, -0.2
3772, -0.3
3773, -0.1
3774, 0.0
3775, 0.1
3776, 0.3
3777, 0.1
3778, 0.1
3779, 0.2
3780, 0.0
3781, 0.0
3782, 0.0
3783, 0.0
3784, 0.2
3785, 0.1
3786, -0.3
3787, 0.0
3788, -0.1
3789, -0.2
3790, 0.2
3791, 0.0
3792, -0.2
3793, -0.3
3794, 0.0
3795, -0.1
3796, 0.2
3797, 0.1
3798, -0.2
3799, -0.1
3800, 0.0
3801, 0.0
3802, 0.1
3803, 0.2
3804, -0.1
3805, -0.2
3806, -0.5
3807, -0.2
3808, -0.1
3809, 0.1
3810, 0.0
3811, 0.0
3812, -0.4
3813, -0.4
3814, -0.1
3815, 0.1
3816, -0.1
3817, -0.2
3818, 0.2
3819, -0.3
3820, 0.4
3821, -0.1
3822, 0.0
3823, -0.4
3824, -0.3
3825, 0.4
3826, 0.1
3827, -0.2
3828, -0.3
3829, -0.1
3830, 0.1
3831, 0.3
3832, -0.4
3833, -0.1
3834, 0.1
3835, 0.0
3836, 0.1
3837, 0.3
3838, -0.8
3839, 0.3
3840, -0.2
3841, 0.2
3842, -0.1
3843, -0.3
3844, 0.1
3845, -0.4
3846, -0.2
3847, 0.0
3848, 0.5
3849, 0.3
3850, -0.1
3851, -0.3
3852, 0.3
3853, -0.2
3854, 0.1
3855, 0.2
3856, -0.3
3857, -0.1
3858, 0.2
3859, 0.3
3860, -0.1
3861, 0.1
3862, -0.3
3863, 0.1
3864, 0.0
3865, 0.0
3866, 0.1
3867, -0.3
3868, 0.0
3869, -0.2
3870, 0.2
3871, -0.1
3872, -0.4
3873, -0.1
3874, -0.3
3875, 0.2
3876, -0.5
3877, 0.0
3878, 0.1
3879, 0.2
3880, 0.2
3881, 0.5
3882, 0.1
3883, 0.2
3884, 0.1
3885, -0.3
3886, 0.0
3887, -0.2
3888, 0.2
3889, 0.1
3890, -0.2
3891, 0.3
3892, 0.1
3893, -0.2
3894, 0.0
3895, 0.0
3896, -0.1
3897, 0.3
3898, 0.2
3899, -0.1
3900, 0.4
3901, 0.2
3902, 0.0
3903, 0.3
3904, 0.1
3905, -0.1
3906, 0.3
3907, 0.0
3908, -0.1
3909, 0.1
3910, -0.1
3911, 0.0
3912, 0.2
3913, -0.3
3914, 0.1
3915, -0.1
3916, -0.1
3917, -0.2
3918, 0.3
3919, -0.2
3920, -0.1
3921, 0.2
3922, 0.0
3923, -0.2
3924, 0.2
3925, 0.2
3926, 0.0
3927, -0.1
3928, 0.3
3929, 0.2
3930, 0.3
3931, -0.5
3932, -0.4
3933, 0.0
3934, -0.2
3935, 0.1
3936, -0.5
3937, -0.2
3938, -0.2
3939, -0.4
3940, -0.4
3941, 0.3
3942, -0.2
3943, 0.0
3944, 0.0
3945, 0.1
3946, -0.1
3947, -0.1
3948, -0.5
3949, 0.2
3950, -0.2
3951, -0.1
3952, 0.2
3953, -0.2
3954, 0.1
3955, 0.1
3956, 0.0
3957, 0.2
3958, 0.1
3959, 0.2
3960, -0.5
3961, -0.1
3962, -0.1
3963, 0.0
3964, 0.2
3965, 0.2
3966, 0.2
3967, 0.2
3968, 0.1
3969, -0.2
3970, 0.0
3971, -0.2
3972, 0.1
3973, 0.2
3974, -0.1
3975, -0.3
3976, 0.0
3977, 0.0
3978, 0.1
3979, -0.1
3980, 0.1
3981, -0.6
3982, 0.2
3983, 0.0
3984, 0.0
3985, -0.1
3986, -0.2
3987, -0.4
3988, 0.0
3989, -0.1
3990, 0.1
3991, 0.1
3992, -0.2
3993, 0.0
3994, 0.1
3995, -0.1
3996, 0.1
3997, -0.1
3998, -0.3
3999, -0.1
