0, 0.0
1, 0.3
2, 0.3
3, 0.2
4, -0.1
5, 0.0
6, 0.0
7, -0.4
8, 0.0
9, -0.5
10, -0.1
11, -0.1
12, -0.1
13, -0.3
14, 0.0
15, 0.0
16, 0.0
17, 0.4
18, -0.2
19, 0.1
20, -0.4
21, 0.1
22, -0.2
23, 0.8
24, 0.1
25, -0.2
26, 0.2
27, 0.0
28, -0.2
29, 0.0
30, -0.2
31, 0.2
32, 0.0
33, 0.1
34, 0.0
35, 0.0
36, -0.2
37, 0.0
38, 0.0
39, 0.2
40, 0.1
41, 0.0
42, -0.3
43, 0.3
44, -0.4
45, 0.5
46, -0.1
47, 0.1
48, 0.3
49, 0.1
50, -0.2
51, 0.5
52, 0.0
53, 0.2
54, -0.3
55, 0.3
56, -0.2
57, 0.0
58, -0.3
59, -0.4
60, -0.3
61, 0.4
62, -0.3
63, 0.0
64, 0.2
65, -0.1
66, -0.3
67, 0.2
68, -0.3
69, -0.1
70, 0.4
71, 0.0
72, 0.1
73, 0.0
74, -0.2
75, 0.1
76, -0.2
77, 0.2
78, 0.0
79, 0.0
80, 0.1
81, -0.6
82, -0.3
83, 0.1
84, 0.2
85, 0.2
86, 0.2
87, -0.2
88, -0.4
89, -0.2
90, 0.3
91, -0.2
92, 0.2
93, 0.0
94, -0.1
95, -0.2
96, 0.1
97, -0.2
98, -0.1
99, 0.0
100, 0.2
101, 0.2
102, -0.1
103, 0.2
104, 0.0
105, -0.4
106, -0.4
107, 0.2
108, 0.2
109, -0.3
110, 0.0
111, 0.1
112, -0.1
113, -0.2
114, 0.1
115, 0.0
116, 0.2
117, 0.1
118, 0.0
119, -0.1
120, 0.1
121, 0.0
122, -0.3
123, -0.2
124, 0.1
125, -0.2
126, 0.0
127, 0.1
128, -0.2
129, 0.1
130, 0.2
131, 0.3
132, 0.1
133, 0.2
134, 0.0
135, -0.2
136, 0.1
137, 0.3
138, 0.2
139, -0.1
140, 0.1
141, 0.1
142, -0.3
143, -0.1
144, -0.2
145, 0.0
146, 0.3
147, -0.2
148, -0.2
149, -0.1
150, 0.0
151, 0.0
152, -0.1
153, 0.0
154, -0.1
155, -0.2
156, 0.3
157, 0.2
158, 0.4
159, 0.0
160, -0.2
161, 0.3
162, 0.0
163, 0.1
164, -0.3
165, -0.1
166, -0.3
167, 0.2
168, 0.0
169, 0.1
170, 0.3
171, -0.1
172, 0.3
173, 0.1
174, -0.3
175, -0.1
176, 0.0
177, -0.4
178, 0.2
179, 0.3
180, 0.1
181, 0.1
182, 0.3
183, 0.0
184, 0.1
185, -0.1
186, -0.3
187, 0.2
188, 0.2
189, 0.2
190, 0.1
191, 0.3
192, 0.0
193, 0.1
194, -0.4
195, 0.2
196, -0.1
197, 0.5
198, 0.0
199, 0.0
200, 0.1
201, -0.2
202, -0.2
203, -0.3
204, -0.4
205, -0.3
206, -0.4
207, 0.2
208, 0.1
209, -0.1
210, -0.8
211, 0.1
212, 0.0
213, -0.1
214, -0.1
215, -0.1
216, 0.1
217, 0.0
218, -0.6
219, 0.3
220, -0.2
221, 0.3
222, -0.2
223, -0.3
224, -0.7
225, -0.2
226, 0.2
227, 0.1
228, 0.4
229, 0.3
230, 0.1
231, -0.2
232, 0.0
233, 0.0
234, 0.3
235, 0.2
236, -0.2
237, 0.3
238, 0.0
239, -0.3
240, 0.1
241, -0.1
242, 0.3
243, -0.1
244, -0.2
245, -0.1
246, 0.0
247, -0.3
248, 0.0
249, 0.2
250, -0.1
251, 0.2
252, 0.1
253, 0.1
254, 0.1
255, 0.0
256, -0.1
257, 0.5
258, 0.1
259, -0.2
260, -0.3
261, -0.1
262, -0.1
263, -0.1
264, 0.0
265, 0.3
266, 0.0
267, 0.2
268, 0.2
269, -0.1
270, -0.1
271, -0.3
272, 0.3
273, -0.4
274, -0.1
275, -0.4
276, 0.0
277, 0.5
278, 0.4
279, 0.1
280, 0.2
281, 0.1
282, 0.0
283, -0.3
284, 0.2
285, -0.1
286, 0.0
287, 0.2
288, 0.2
289, 0.0
290, -0.2
291, -0.1
292, 0.1
293, -0.1
294, -0.2
295, 0.2
296, 0.4
297, -0.3
298, 0.0
299, 0.0
300, -0.1
301, 0.3
302, 0.1
303, 0.0
304, -0.1
305, 0.1
306, -0.3
307, 0.0
308, 0.3
309, 0.4
310, -0.1
311, -0.4
312, -0.1
313, -0.4
314, 0.1
315, -0.2
316, -0.1
317, 0.4
318, 0.2
319, -0.1
320, -0.2
321, 0.1
322, -0.6
323, -0.2
324, -0.1
325, -0.2
326, 0.2
327, 0.4
328, 0.0
329, -0.1
330, 0.3
331, -0.3
332, 0.3
333, -0.2
334, 0.0
335, -0.2
336, 0.0
337, 0.2
338, -0.1
339, -0.2
340, -0.2
341, 0.0
342, 0.4
343, 0.1
344, -0.2
345, 0.1
346, 0.1
347, -0.1
348, 0.5
349, -0.3
350, 0.0
351, 0.3
352, 0.2
353, 0.0
354, 0.4
355, 0.2
356, -0.3
357, -0.2
358, 0.1
359, -0.4
360, 0.2
361, 0.1
362, 0.2
363, -0.2
364, -0.1
365, -0.2
366, -0.1
367, -0.1
368, -0.3
369, 0.5
370, 0.1
371, -0.2
372, 0.3
373, -0.1
374, 0.4
375, 0.3
376, -0.6
377, -0.1
378, 0.0
379, 0.1
380, -0.5
381, -0.2
382, 0.3
383, 0.2
384, -0.3
385, -0.5
386, 0.0
387, 0.3
388, -0.2
389, 0.2
390, 0.0
391, 0.0
392, 0.4
393, 0.0
394, 0.3
395, -0.2
396, 0.0
397, 0.2
398, 0.1
399, 0.0
400, 0.1
401, -0.1
402, 0.2
403, 0.3
404, 0.2
405, 0.5
406, 0.0
407, 0.4
408, -0.2
409, 0.1
410, -0.1
411, -0.4
412, 0.3
413, -0.3
414, -0.1
415, 0.3
416, 0.0
417, 0.4
418, -0.2
419, -0.3
420, 0.2
421, -0.2
422, -0.1
423, 0.3
424, -0.1
425, 0.0
426, -0.1
427, 0.1
428, -0.3
429, -0.1
430, 0.1
431, -0.4
432, -0.1
433, 0.1
434, 0.2
435, 0.0
436, -0.2
437, 0.2
438, -0.3
439, -0.1
440, -0.1
441, 0.0
442, -0.1
443, 0.1
444, 0.3
445, 0.1
446, 0.1
447, 0.2
448, 0.0
449, 0.2
450, 0.1
451, -0.3
452, -0.1
453, -0.2
454, 0.0
455, -0.2
456, 0.0
457, 0.2
458, 0.0
459, -0.2
460, -0.3
461, 0.2
462, 0.1
463, 0.3
464, -0.1
465, 0.2
466, 0.0
467, -0.3
468, 0.0
469, -0.5
470, 0.1
471, 0.0
472, 0.1
473, 0.2
474, 0.1
475, -0.4
476, 0.0
477, 0.0
478, 0.0
479, 0.1
480, 0.1
481, -0.1
482, 0.1
483, -0.1
484, 0.4
485, -0.5
486, -0.2
487, 0.0
488, 0.2
489, 0.1
490, 0.3
491, -0.1
492, -0.2
493, 0.1
494, 0.4
495, -0.6
496, -0.2
497, 0.0
498, 0.2
499, -0.1
500, -0.2
501, 0.3
502, 0.2
503, 0.3
504, -0.3
505, -0.1
506, 0.0
507, 0.4
508, 0.3
509, 0.2
510, -0.2
511, 0.1
512, -0.3
513, 0.2
514, 0.2
515, 0.0
516, -0.2
517, 0.2
518, -0.2
519, -0.4
520, -0.3
521, -0.4
522, -0.1
523, -0.4
524, 0.0
525, 0.3
526, 0.1
527, -0.2
528, 0.2
529, -0.3
530, 0.2
531, 0.1
532, 0.1
533, 0.2
534, 0.1
535, 0.1
536, 0.4
537, -0.2
538, 0.3
539, 0.2
540, -0.2
541, 0.0
542, 0.0
543, 0.1
544, 0.3
545, -0.1
546, -0.2
547, 0.0
548, 0.2
549, 0.2
550, -0.2
551, 0.1
552, -0.1
553, 0.0
554, 0.0
555, 0.0
556, 0.4
557, 0.2
558, 0.0
559, 0.3
560, -0.1
561, -0.3
562, 0.1
563, -0.3
564, -0.1
565, 0.2
566, 0.3
567, 0.1
568, 0.2
569, 0.0
570, -0.4
571, 0.2
572, -0.2
573, -0.1
574, -0.3
575, 0.1
576, 0.3
577, -0.4
578, 0.2
579, -0.3
580, -0.2
581, -0.1
582, 0.1
583, 0.0
584, -0.3
585, -0.1
586, -0.1
587, 0.2
588, 0.0
589, -0.2
590, 0.0
591, 0.0
592, 0.1
593, 0.2
594, 0.1
595, -0.3
596, 0.2
597, 0.3
598, -0.1
599, -0.1
600, 0.2
601, -0.2
602, -0.1
603, 0.2
604, -0.3
605, 0.2
606, 0.5
607, 0.0
608, 0.3
609, 0.2
610, 0.0
611, -0.1
612, -0.2
613, -0.1
614, 0.2
615, 0.5
616, 0.5
617, 0.0
618, 0.3
619, -0.6
620, 0.4
621, 0.2
622, 0.0
623, -0.2
624, 0.1
625, 0.0
626, 0.1
627, 0.0
628, 0.3
629, -0.1
630, 0.1
631, 0.1
632, -0.1
633, -0.1
634, -0.2
635, 0.0
636, 0.0
637, 0.1
638, 0.3
639, -0.1
640, 0.1
641, 0.1
642, -0.2
643, -0.1
644, 0.1
645, -0.4
646, -0.3
647, -0.1
648, 0.0
649, -0.1
650, -0.3
651, 0.4
652, 0.4
653, 0.2
654, -0.3
655, -0.1
656, -0.3
657, -0.2
658, 0.1
659, -0.2
660, 0.3
661, 0.5
662, 0.4
663, -0.4
664, 0.0
665, -0.3
666, -0.1
667, 0.1
668, 0.1
669, 0.2
670, -0.2
671, 0.2
672, 0.1
673, 0.1
674, 0.3
675, 0.0
676, 0.0
677, 0.0
678, 0.1
679, -0.2
680, -0.3
681, 0.4
682, 0.1
683, -0.1
684, -0.3
685, 0.1
686, 0.1
687, 0.0
688, 0.0
689, 0.1
690, 0.2
691, 0.1
692, 0.0
693, 0.1
694, 0.1
695, -0.1
696, 0.3
697, 0.3
698, 0.0
699, -0.1
700, 0.2
701, -0.6
702, 0.1
703, 0.2
704, 0.0
705, 0.3
706, 0.0
707, 0.0
708, 0.0
709, 0.0
710, -0.2
711, 0.2
712, -0.3
713, 0.0
714, 0.2
715, 0.0
716, -0.1
717, -0.3
718, -0.1
719, 0.1
720, 0.1
721, -0.2
722, -0.5
723, 0.2
724, 0.2
725, 0.3
726, 0.2
727, 0.0
728, 0.1
729, 0.2
730, 0.1
731, 0.3
732, -0.1
733, 0.4
734, -0.4
735, 0.3
736, -0.3
737, 0.1
738, 0.2
739, 0.0
740, -0.3
741, 0.2
742, 0.3
743, 0.1
744, -0.2
745, 0.0
746, -0.6
747, -0.2
748, 0.2
749, -0.2
750, -0.2
751, 0.2
752, -0.4
753, 0.2
754, 0.2
755, 0.0
756, 0.0
757, 0.3
758, 0.0
759, 0.3
760, -0.1
761, -0.6
762, 0.2
763, -0.2
764, -0.2
765, 0.3
766, -0.2
767, 0.0
768, -0.2
769, -0.4
770, 0.2
771, 0.0
772, 0.2
773, 0.1
774, 0.0
775, -0.4
776, -0.2
777, 0.2
778, 0.2
779, -0.2
780, 0.0
781, 0.2
782, -0.2
783, -0.2
784, -0.3
785, -0.2
786, 0.2
787, 0.0
788, 0.2
789, -0.1
790, -0.1
791, -0.1
792, 0.1
793, -0.3
794, -0.1
795, 0.2
796, 0.0
797, -0.3
798, 0.4
799, -0.2
800, -0.2
801, 0.0
802, 0.2
803, 0.0
804, -0.4
805, 0.3
806, 0.3
807, 0.2
808, 0.2
809, 0.1
810, 0.2
811, -0.1
812, -0.1
813, 0.1
814, 0.5
815, 0.2
816, -0.2
817, 0.1
818, -0.3
819, -0.1
820, -0.1
821, 0.1
822, 0.2
823, -0.2
824, -0.2
825, 0.1
826, 0.2
827, 0.0
828, -0.2
829, 0.2
830, -0.1
831, -0.5
832, -0.1
833, -0.1
834, 0.2
835, 0.3
836, 0.2
837, -0.2
838, 0.1
839, 0.1
840, 0.1
841, -0.1
842, -0.3
843, -0.3
844, -0.1
845, -0.1
846, -0.1
847, 0.5
848, 0.5
849, 0.0
850, 0.4
851, -0.2
852, -0.2
853, 0.0
854, -0.2
855, 0.1
856, 0.1
857, 0.0
858, -0.2
859, 0.0
860, -0.1
861, -0.2
862, -0.3
863, 0.5
864, 0.2
865, 0.3
866, -0.2
867, -0.1
868, 0.4
869, 0.3
870, 0.3
871, 0.0
872, -0.3
873, 0.2
874, -0.1
875, 0.2
876, -0.2
877, 0.0
878, 0.1
879, 0.0
880, 0.3
881, -0.2
882, 0.3
883, 0.1
884, 0.1
885, 0.3
886, 0.0
887, -0.2
888, 0.3
889, 0.2
890, -0.1
891, -0.4
892, 0.2
893, 0.0
894, 0.1
895, 0.2
896, 0.3
897, -0.1
898, 0.0
899, 0.1
900, 0.1
901, 0.0
902, 0.0
903, 0.0
904, 0.1
905, -0.2
906, 0.5
907, 0.3
908, 0.3
909, 0.3
910, -0.2
911, -0.1
912, 0.3
913, -0.1
914, 0.0
915, 0.0
916, 0.2
917, 0.1
918, 0.1
919, -0.4
920, 0.0
921, 0.1
922, -0.2
923, 0.0
924, -0.1
925, 0.0
926, 0.1
927, 0.4
928, 0.1
929, 0.1
930, 0.1
931, 0.0
932, 0.0
933, 0.3
934, 0.2
935, 0.0
936, 0.0
937, 0.3
938, 0.3
939, -0.3
940, 0.0
941, 0.0
942, 0.1
943, 0.1
944, 0.1
945, 0.1
946, 0.3
947, 0.4
948, -0.1
949, 0.0
950, -0.3
951, -0.4
952, -0.1
953, 0.3
954, -0.1
955, 0.4
956, -0.2
957, -0.3
958, 0.1
959, -0.2
960, -0.2
961, -0.3
962, 0.0
963, 0.0
964, -0.1
965, 0.2
966, -0.3
967, -0.1
968, 0.0
969, -0.1
970, 0.1
971, 0.5
972, 0.3
973, 0.1
974, -0.4
975, 0.1
976, 0.1
977, -0.2
978, -0.2
979, 0.0
980, -0.1
981, -0.2
982, 0.0
983, 0.0
984, 0.3
985, 0.0
986, -0.1
987, -0.1
988, 0.4
989, -0.5
990, -0.1
991, 0.0
992, 0.0
993, -0.1
994, -0.3
995, -0.1
996, 0.0
997, 0.2
998, 0.0
999, 0.3
1000, 0.1
1001, -0.4
1002, 0.1
1003, 0.5
1004, 0.0
1005, -0.3
1006, 0.1
1007, 0.3
1008, -0.1
1009, -0.3
1010, -0.2
1011, -0.2
1012, -0.1
1013, -0.3
1014, -0.3
1015, 0.0
1016, -0.1
1017, 0.0
1018, 0.2
1019, 0.2
1020, 0.0
1021, -1.0
1022, -0.3
1023, -0.4
1024, 0.3
1025, -0.4
1026, -0.2
1027, -0.4
1028, -0.6
1029, -0.1
1030, 0.1
1031, 0.2
1032, 0.1
1033, -0.3
1034, -0.4
1035, 0.2
1036, 0.0
1037, -0.1
1038, -0.3
1039, 0.3
1040, 0.1
1041, -0.1
1042, -0.3
1043, -0.1
1044, 0.1
1045, -0.1
1046, 0.1
1047, -0.3
1048, -0.1
1049, -0.2
1050, 0.1
1051, 0.2
1052, 0.2
1053, -0.4
1054, 0.4
1055, -0.4
1056, 0.3
1057, 0.2
1058, -0.4
1059, -0.2
1060, -0.5
1061, 0.2
1062, -0.4
1063, -0.2
1064, 0.0
1065, -0.2
1066, 0.1
1067, -0.4
1068, 0.2
1069, 0.3
1070, 0.1
1071, -0.7
1072, -0.1
1073, 0.3
1074, 0.1
1075, 0.0
1076, 0.0
1077, -0.3
1078, 0.0
1079, 0.3
1080, 0.1
1081, -0.2
1082, -0.3
1083, 0.4
1084, -0.4
1085, 0.0
1086, -0.2
1087, 0.1
1088, 0.0
1089, -0.5
1090, -0.2
1091, 0.0
1092, 0.3
1093, -0.2
1094, -0.3
1095, -0.3
1096, 0.2
1097, 0.1
1098, -0.1
1099, 0.1
1100, 0.0
1101, 0.1
1102, -0.3
1103, -0.1
1104, 0.3
1105, 0.4
1106, -0.3
1107, 0.1
1108, 0.3
1109, -0.1
1110, 0.1
1111, 0.2
1112, -0.2
1113, 0.1
1114, 0.0
1115, 0.0
1116, -0.2
1117, -0.3
1118, 0.4
1119, -0.1
1120, 0.2
1121, 0.3
1122, 0.2
1123, 0.3
1124, 0.0
1125, -0.1
1126, 0.1
1127, 0.1
1128, 0.0
1129, -0.1
1130, -0.3
1131, -0.3
1132, 0.2
1133, -0.3
1134, -0.1
1135, 0.2
1136, 0.1
1137, 0.3
1138, -0.3
1139, -0.3
1140, -0.2
1141, 0.1
1142, 0.3
1143, -0.4
1144, 0.1
1145, 0.2
1146, 0.1
1147, 0.1
1148, 0.0
1149, 0.0
1150, 0.3
1151, -0.1
1152, 0.2
1153, 0.0
1154, -0.1
1155, 0.3
1156, 0.0
1157, 0.0
1158, 0.0
1159, 0.0
1160, 0.1
1161, 0.2
1162, -0.1
1163, 0.0
1164, -0.5
1165, 0.2
1166, 0.1
1167, 0.2
1168, -0.8
1169, 0.0
1170, -0.2
1171, -0.2
1172, -0.2
1173, -0.2
1174, 0.0
1175, 0.0
1176, -0.6
1177, -0.4
1178, 0.1
1179, -0.2
1180, 0.1
1181, 0.0
1182, 0.1
1183, 0.1
1184, 0.2
1185, 0.3
1186, 0.3
1187, 0.2
1188, 0.1
1189, -0.1
1190, 0.1
1191, 0.3
1192, 0.2
1193, -0.1
1194, -0.2
1195, 0.0
1196, 0.1
1197, 0.3
1198, 0.0
1199, -0.1
1200, 0.0
1201, -0.1
1202, -0.1
1203, 0.0
1204, 0.2
1205, 0.1
1206, 0.0
1207, 0.1
1208, -0.3
1209, -0.2
1210, 0.1
1211, -0.1
1212, -0.1
1213, 0.2
1214, 0.3
1215, 0.2
1216, 0.2
1217, 0.4
1218, 0.3
1219, -0.3
1220, 0.0
1221, 0.0
1222, 0.2
1223, -0.1
1224, 0.3
1225, 0.3
1226, 0.4
1227, -0.1
1228, 0.1
1229, 0.1
1230, 0.0
1231, 0.1
1232, -0.2
1233, -0.2
1234, 0.3
1235, 0.0
1236, -0.1
1237, 0.1
1238, 0.1
1239, 0.2
1240, 0.2
1241, 0.2
1242, 0.1
1243, -0.1
1244, -0.1
1245, 0.2
1246, 0.0
1247, -0.2
1248, 0.0
1249, 0.0
1250, 0.1
1251, -0.1
1252, 0.1
1253, -0.3
1254, -0.2
1255, -0.2
1256, 0.2
1257, 0.1
1258, 0.2
1259, 0.0
1260, 0.0
1261, -0.1
1262, 0.2
1263, 0.0
1264, -0.1
1265, 0.1
1266, -0.2
1267, -0.1
1268, 0.3
1269, 0.3
1270, 0.0
1271, 0.2
1272, 0.0
1273, -0.2
1274, 0.4
1275, -0.3
1276, 0.3
1277, 0.0
1278, -0.5
1279, 0.3
1280, 0.0
1281, -0.3
1282, -0.1
1283, -0.1
1284, -0.3
1285, -0.3
1286, -0.2
1287, 0.0
1288, -0.2
1289, -0.2
1290, 0.3
1291, -0.1
1292, -0.1
1293, 0.1
1294, -0.1
1295, 0.1
1296, 0.2
1297, 0.2
1298, 0.1
1299, 0.1
1300, 0.0
1301, 0.1
1302, -0.2
1303, 0.1
1304, -0.2
1305, 0.1
1306, -0.1
1307, 0.2
1308, -0.4
1309, 0.1
1310, 0.0
1311, -0.5
1312, 0.1
1313, -0.1
1314, 0.2
1315, 0.0
1316, 0.0
1317, 0.3
1318, 0.0
1319, -0.3
1320, -0.2
1321, 0.0
1322, 0.4
1323, -0.1
1324, 0.0
1325, 0.0
1326, -0.1
1327, 0.0
1328, -0.1
1329, 0.1
1330, 0.2
1331, 0.0
1332, 0.1
1333, -0.3
1334, 0.0
1335, 0.3
1336, 0.3
1337, 0.0
1338, 0.0
1339, 0.2
1340, 0.4
1341, -0.5
1342, -0.1
1343, 0.3
1344, 0.0
1345, -0.2
1346, -0.1
1347, 0.3
1348, -0.6
1349, -0.2
1350, 0.1
1351, 0.3
1352, 0.2
1353, 0.0
1354, 0.1
1355, -0.2
1356, 0.3
1357, 0.2
1358, -0.2
1359, 0.2
1360, 0.0
1361, 0.1
1362, -0.1
1363, 0.3
1364, 0.3
1365, 0.5
1366, 0.4
1367, 0.1
1368, -0.2
1369, 0.2
1370, 0.0
1371, 0.0
1372, -0.3
1373, 0.2
1374, 0.1
1375, -0.1
1376, 0.3
1377, -0.2
1378, 0.2
1379, -0.3
1380, -0.4
1381, 0.0
1382, 0.1
1383, -0.2
1384, -0.4
1385, -0.1
1386, -0.1
1387, 0.0
1388, 0.1
1389, 0.1
1390, -0.2
1391, 0.0
1392, 0.1
1393, 0.2
1394, 0.0
1395, 0.2
1396, 0.1
1397, -0.3
1398, -0.1
1399, 0.0
1400, 0.1
1401, 0.2
1402, 0.0
1403, 0.1
1404, -0.4
1405, -0.1
1406, 0.1
1407, -0.1
1408, 0.0
1409, 0.4
1410, 0.2
1411, 0.2
1412, -0.4
1413, -0.1
1414, 0.0
1415, 0.2
1416, -0.1
1417, -0.5
1418, -0.3
1419, 0.0
1420, 0.3
1421, 0.3
1422, 0.1
1423, 0.2
1424, 0.1
1425, -0.2
1426, -0.2
1427, -0.2
1428, -0.3
1429, -0.2
1430, -0.3
1431, -0.4
1432, -0.4
1433, -0.5
1434, 0.4
1435, 0.0
1436, -0.3
1437, 0.1
1438, 0.0
1439, 0.1
1440, -0.1
1441, 0.1
1442, 0.2
1443, -0.2
1444, -0.1
1445, 0.0
1446, -0.3
1447, 0.1
1448, 0.1
1449, -0.1
1450, -0.1
1451, 0.2
1452, -0.1
1453, 0.2
1454, 0.2
1455, -0.1
1456, -0.3
1457, 0.2
1458, 0.0
1459, 0.1
1460, 0.3
1461, -0.5
1462, -0.3
1463, 0.1
1464, 0.4
1465, 0.1
1466, 0.2
1467, 0.1
1468, 0.3
1469, -0.1
1470, -0.2
1471, 0.4
1472, 0.0
1473, 0.3
1474, 0.2
1475, 0.5
1476, -0.5
1477, -0.4
1478, 0.2
1479, 0.1
1480, -0.2
1481, 0.0
1482, 0.1
1483, 0.4
1484, 0.2
1485, 0.1
1486, 0.5
1487, 0.1
1488, 0.2
1489, 0.1
1490, -0.1
1491, 0.3
1492, 0.2
1493, 0.4
1494, -0.3
1495, 0.3
1496, -0.2
1497, -0.1
1498, 0.1
1499, 0.1
1500, -0.4
1501, 0.1
1502, -0.1
1503, 0.2
1504, 0.1
1505, -0.1
1506, 0.0
1507, 0.2
1508, 0.1
1509, 0.2
1510, -0.1
1511, 0.1
1512, 0.3
1513, -0.1
1514, 0.3
1515, -0.2
1516, -0.3
1517, 0.0
1518, 0.1
1519, 0.1
1520, -0.1
1521, -0.1
1522, 0.0
1523, 0.3
1524, -0.2
1525, 0.3
1526, 0.0
1527, -0.3
1528, -0.1
1529, -0.2
1530, -0.1
1531, -0.3
1532, 0.2
1533, -0.2
1534, -0.2
1535, -0.3
1536, -0.1
1537, 0.0
1538, 0.3
1539, 0.2
1540, -0.2
1541, 0.3
1542, 0.0
1543, 0.1
1544, 0.2
1545, -0.3
1546, 0.0
1547, 0.1
1548, -0.2
1549, -0.1
1550, -0.4
1551, 0.4
1552, 0.0
1553, 0.0
1554, 0.3
1555, -0.1
1556, 0.0
1557, -0.4
1558, 0.1
1559, 0.0
1560, 0.2
1561, -0.4
1562, -0.2
1563, -0.5
1564, 0.1
1565, -0.1
1566, 0.0
1567, 0.1
1568, -0.2
1569, -0.3
1570, -0.1
1571, 0.0
1572, 0.0
1573, 0.2
1574, 0.3
1575, -0.1
1576, -0.3
1577, 0.1
1578, -0.6
1579, -0.1
1580, 0.1
1581, 0.0
1582, 0.0
1583, -0.3
1584, -0.1
1585, 0.0
1586, -0.1
1587, 0.1
1588, 0.2
1589, 0.1
1590, 0.1
1591, -0.2
1592, 0.4
1593, 0.1
1594, 0.3
1595, 0.0
1596, 0.1
1597, 0.0
1598, -0.3
1599, 0.5
1600, 0.2
1601, 0.2
1602, -0.2
1603, -0.2
1604, 0.2
1605, -0.3
1606, 0.3
1607, 0.2
1608, 0.2
1609, 0.3
1610, -0.1
1611, 0.2
1612, 0.2
1613, 0.4
1614, 0.2
1615, 0.0
1616, 0.3
1617, 0.1
1618, 0.1
1619, 0.0
1620, 0.3
1621, 0.2
1622, -0.1
1623, -0.1
1624, 0.4
1625, -0.1
1626, 0.0
1627, -0.1
1628, -0.4
1629, 0.2
1630, -0.2
1631, 0.0
1632, -0.1
1633, 0.4
1634, -0.1
1635, -0.4
1636, 0.2
1637, -0.3
1638, 0.1
1639, 0.1
1640, 0.1
1641, 0.0
1642, 0.3
1643, 0.1
1644, -0.1
1645, 0.1
1646, 0.1
1647, 0.0
1648, -0.2
1649, -0.1
1650, 0.1
1651, -0.2
1652, -0.3
1653, 0.1
1654, 0.0
1655, -0.1
1656, -0.1
1657, -0.2
1658, 0.0
1659, 0.2
1660, 0.2
1661, 0.5
1662, 0.5
1663, 0.4
1664, -0.2
1665, 0.2
1666, -0.4
1667, -0.2
1668, -0.2
1669, 0.2
1670, -0.1
1671, 0.0
1672, 0.0
1673, 0.0
1674, -0.2
1675, 0.2
1676, 0.2
1677, 0.4
1678, 0.1
1679, -0.2
1680, -0.1
1681, -0.1
1682, 0.2
1683, 0.1
1684, -0.1
1685, 0.0
1686, 0.3
1687, 0.1
1688, 0.3
1689, 0.0
1690, 0.2
1691, -0.2
1692, -0.2
1693, -0.2
1694, 0.0
1695, -0.2
1696, 0.2
1697, -0.1
1698, -0.1
1699, 0.3
1700, -0.3
1701, -0.2
1702, -0.1
1703, -0.2
1704, -0.2
1705, 0.3
1706, 0.1
1707, -0.2
1708, 0.3
1709, 0.1
1710, 0.1
1711, -0.2
1712, 0.1
1713, 0.0
1714, -0.3
1715, -0.2
1716, -0.3
1717, 0.3
1718, -0.1
1719, 0.0
1720, 0.3
1721, 0.1
1722, 0.3
1723, 0.1
1724, 0.3
1725, 0.1
1726, -0.4
1727, 0.2
1728, 0.4
1729, -0.2
1730, 0.4
1731, -0.2
1732, -0.2
1733, 0.0
1734, -0.1
1735, 0.0
1736, -0.4
1737, 0.0
1738, 0.0
1739, 0.0
1740, 0.3
1741, -0.1
1742, -0.4
1743, -0.4
1744, -0.4
1745, 0.0
1746, -0.4
1747, 0.0
1748, 0.0
1749, 0.0
1750, 0.3
1751, 0.1
1752, 0.2
1753, 0.0
1754, -0.3
1755, 0.2
1756, 0.3
1757, 0.4
1758, 0.4
1759, 0.1
1760, -0.4
1761, 0.0
1762, -0.2
1763, 0.2
1764, -0.2
1765, 0.2
1766, 0.2
1767, 0.1
1768, -0.2
1769, 0.4
1770, 0.5
1771, -0.2
1772, 0.4
1773, -0.1
1774, 0.1
1775, 0.1
1776, -0.2
1777, 0.1
1778, 0.3
1779, 0.0
1780, 0.2
1781, -0.2
1782, -0.2
1783, -0.2
1784, 0.3
1785, 0.2
1786, 0.1
1787, -0.3
1788, -0.4
1789, -0.2
1790, 0.0
1791, 0.0
1792, 0.1
1793, -0.1
1794, 0.3
1795, 0.1
1796, -0.5
1797, 0.4
1798, 0.2
1799, 0.1
1800, 0.1
1801, -0.6
1802, -0.1
1803, -0.3
1804, -0.1
1805, 0.1
1806, -0.3
1807, -0.4
1808, -0.1
1809, 0.3
1810, -0.1
1811, -0.2
1812, 0.0
1813, 0.0
1814, -0.2
1815, -0.1
1816, 0.2
1817, 0.1
1818, 0.1
1819, -0.4
1820, 0.4
1821, 0.0
1822, 0.2
1823, 0.0
1824, 0.1
1825, 0.3
1826, -0.1
1827, -0.1
1828, 0.2
1829, 0.1
1830, 0.1
1831, -0.1
1832, 0.1
1833, 0.1
1834, -0.1
1835, 0.0
1836, -0.3
1837, -0.4
1838, -0.4
1839, 0.3
1840, 0.0
1841, 0.1
1842, -0.3
1843, 0.0
1844, 0.1
1845, 0.2
1846, 0.2
1847, 0.3
1848, 0.0
1849, 0.1
1850, 0.2
1851, 0.3
1852, 0.0
1853, -0.3
1854, 0.1
1855, -0.3
1856, 0.1
1857, 0.1
1858, -0.2
1859, 0.3
1860, -0.4
1861, 0.1
1862, 0.2
1863, 0.2
1864, -0.1
1865, 0.0
1866, -0.6
1867, -0.1
1868, 0.1
1869, 0.4
1870, 0.0
1871, -0.6
1872, 0.3
1873, 0.4
1874, -0.3
1875, 0.0
1876, -0.6
1877, -0.3
1878, -0.1
1879, -0.3
1880, 0.1
1881, -0.2
1882, 0.2
1883, 0.1
1884, 0.1
1885, -0.5
1886, 0.4
1887, 0.1
1888, 0.2
1889, 0.0
1890, -0.3
1891, -0.2
1892, 0.0
1893, 0.3
1894, -0.3
1895, -0.1
1896, 0.4
1897, 0.2
1898, -0.2
1899, -0.5
1900, -0.2
1901, 0.1
1902, -0.4
1903, 0.5
1904, 0.1
1905, 0.5
1906, -0.2
1907, 0.1
1908, 0.1
1909, 0.1
1910, 0.1
1911, 0.1
1912, -0.5
1913, -0.2
1914, -0.2
1915, -0.1
1916, -0.2
1917, -0.1
1918, 0.1
1919, -0.1
1920, 0.1
1921, 0.2
1922, -0.2
1923, -0.2
1924, 0.2
1925, -0.1
1926, 0.3
1927, -0.3
1928, -0.4
1929, 0.1
1930, -0.3
1931, 0.3
1932, 0.4
1933, -0.4
1934, 0.4
1935, 0.0
1936, 0.1
1937, 0.2
1938, -0.2
1939, 0.0
1940, -0.1
1941, -0.1
1942, -0.4
1943, -0.3
1944, -0.2
1945, 0.1
1946, 0.0
1947, 0.1
1948, 0.0
1949, 0.2
1950, -0.3
1951, -0.1
1952, -0.3
1953, -0.1
1954, 0.2
1955, -0.3
1956, 0.2
1957, -0.7
1958, 0.2
1959, 0.1
1960, -0.2
1961, 0.0
1962, -0.2
1963, -0.2
1964, 0.3
1965, 0.0
1966, -0.1
1967, 0.1
1968, 0.3
1969, 0.0
1970, -0.1
1971, 0.1
1972, 0.2
1973, 0.1
1974, -0.1
1975, 0.3
1976, 0.2
1977, 0.0
1978, -0.3
1979, 0.1
1980, -0.4
1981, -0.3
1982, -0.2
1983, 0.1
1984, 0.1
1985, 0.0
1986, 0.0
1987, -0.3
1988, -0.4
1989, 0.1
1990, 0.5
1991, 0.0
1992, 0.0
1993, -0.1
1994, -0.1
1995, -0.2
1996, -0.1
1997, 0.0
1998, 0.1
1999, 0.2
2000, 0.3
2001, 0.0
2002, 0.0
2003, 0.3
2004, -0.3
2005, -0.3
2006, -0.1
2007, -0.4
2008, -0.5
2009, -0.5
2010, -0.4
2011, 0.3
2012, -0.2
2013, -0.1
2014, 0.2
2015, -0.3
2016, -0.1
2017, 0.0
2018, -0.7
2019, 0.0
2020, -0.3
2021, -0.4
2022, -0.1
2023, -0.1
2024, 0.4
2025, -0.3
2026, 0.3
2027, 0.1
2028, 0.4
2029, -0.3
2030, 0.3
2031, 0.2
2032, -0.5
2033, -0.4
2034, 0.0
2035, 0.1
2036, -0.4
2037, 0.0
2038, 0.0
2039, -0.1
2040, -0.1
2041, 0.3
2042, 0.2
2043, 0.1
2044, -0.1
2045, -0.1
2046, 0.2
2047, -0.2
2048, 0.0
2049, -0.4
2050, -0.3
2051, 0.0
2052, -0.1
2053, 0.1
2054, 0.1
2055, 0.1
2056, -0.3
2057, 0.4
2058, -0.6
2059, -0.5
2060, -0.5
2061, -0.2
2062, 0.2
2063, -0.4
2064, 0.1
2065, -0.1
2066, -0.6
2067, 0.2
2068, -0.2
2069, 0.2
2070, 0.0
2071, -0.3
2072, 0.1
2073, 0.2
2074, -0.2
2075, 0.1
2076, 0.2
2077, -0.1
2078, -0.2
2079, 0.1
2080, 0.1
2081, 0.4
2082, 0.2
2083, 0.3
2084, 0.0
2085, -0.2
2086, 0.4
2087, -0.4
2088, 0.0
2089, 0.5
2090, -0.3
2091, 0.0
2092, 0.4
2093, 0.2
2094, 0.2
2095, -0.3
2096, 0.2
2097, 0.1
2098, 0.1
2099, 0.1
2100, 0.0
2101, -0.1
2102, 0.2
2103, -0.1
2104, 0.2
2105, -0.3
2106, -0.1
2107, -0.1
2108, 0.4
2109, -0.3
2110, 0.3
2111, -0.6
2112, 0.3
2113, -0.1
2114, 0.3
2115, 0.0
2116, -0.1
2117, -0.2
2118, -0.1
2119, -0.4
2120, 0.2
2121, -0.1
2122, -0.2
2123, 0.4
2124, 0.2
2125, 0.0
2126, -0.1
2127, 0.0
2128, 0.1
2129, 0.2
2130, 0.0
2131, 0.2
2132, 0.2
2133, -0.3
2134, 0.0
2135, -0.8
2136, 0.1
2137, 0.1
2138, 0.3
2139, 0.3
2140, 0.4
2141, -0.2
2142, -0.2
2143, 0.0
2144, 0.4
2145, 0.3
2146, 0.1
2147, 0.0
2148, 0.1
2149, 0.0
2150, 0.2
2151, 0.0
2152, -0.1
2153, 0.0
2154, 0.2
2155, 0.1
2156, 0.0
2157, -0.1
2158, 0.0
2159, 0.1
2160, -0.2
2161, -0.5
2162, 0.1
2163, 0.1
2164, 0.1
2165, 0.0
2166, -0.2
2167, -0.1
2168, -0.4
2169, -0.4
2170, -0.1
2171, 0.0
2172, -0.4
2173, 0.0
2174, -0.2
2175, -0.1
2176, -0.8
2177, 0.2
2178, 0.1
2179, -0.1
2180, 0.4
2181, 0.1
2182, 0.0
2183, 0.0
2184, 0.1
2185, 0.4
2186, 0.2
2187, 0.0
2188, -0.1
2189, 0.3
2190, -0.2
2191, -0.3
2192, 0.4
2193, 0.3
2194, -0.1
2195, 0.2
2196, -0.1
2197, 0.1
2198, 0.0
2199, -0.1
2200, -0.2
2201, 0.2
2202, 0.3
2203, -0.3
2204, -0.4
2205, 0.1
2206, 0.1
2207, 0.0
2208, -0.2
2209, 0.0
2210, -0.6
2211, -0.1
2212, -0.4
2213, 0.5
2214, 0.0
2215, 0.1
2216, 0.0
2217, 0.1
2218, 0.0
2219, 0.4
2220, -0.2
2221, -0.1
2222, -0.1
2223, -0.5
2224, -0.4
2225, -0.1
2226, 0.2
2227, -0.3
2228, -0.8
2229, -0.3
2230, 0.1
2231, 0.1
2232, -0.2
2233, 0.0
2234, 0.0
2235, 0.2
2236, -0.2
2237, 0.3
2238, 0.1
2239, 0.1
2240, 0.3
2241, 0.0
2242, -0.1
2243, -0.1
2244, -0.1
2245, -0.2
2246, 0.3
2247, -0.1
2248, -0.3
2249, -0.2
2250, 0.3
2251, -0.2
2252, 0.1
2253, -0.2
2254, -0.1
2255, -0.4
2256, 0.1
2257, 0.1
2258, -0.2
2259, 0.1
2260, 0.2
2261, 0.0
2262, -0.4
2263, -0.2
2264, -0.2
2265, -0.3
2266, 0.4
2267, 0.1
2268, -0.8
2269, -0.3
2270, -0.1
2271, -0.2
2272, 0.2
2273, -0.2
2274, 0.0
2275, -0.1
2276, -0.2
2277, 0.2
2278, -0.5
2279, 0.2
2280, 0.2
2281, -0.2
2282, 0.0
2283, -0.1
2284, -0.1
2285, -0.2
2286, -0.2
2287, 0.1
2288, 0.4
2289, 0.3
2290, 0.2
2291, -0.5
2292, -0.5
2293, -0.1
2294, 0.2
2295, 0.1
2296, -0.2
2297, 0.2
2298, 0.4
2299, 0.4
2300, -0.3
2301, 0.1
2302, 0.0
2303, -0.2
2304, 0.2
2305, 0.0
2306, 0.0
2307, 0.4
2308, 0.2
2309, 0.2
2310, -0.4
2311, 0.4
2312, 0.2
2313, -0.1
2314, 0.0
2315, -0.2
2316, -0.3
2317, 0.2
2318, 0.0
2319, -0.4
2320, 0.0
2321, -0.3
2322, 0.1
2323, -0.4
2324, 0.1
2325, -0.1
2326, -0.1
2327, 0.1
2328, 0.0
2329, 0.2
2330, -0.1
2331, -0.1
2332, -0.2
2333, 0.1
2334, 0.0
2335, -0.2
2336, -0.1
2337, 0.1
2338, -0.1
2339, 0.0
2340, -0.1
2341, -0.2
2342, 0.1
2343, 0.0
2344, -0.1
2345, 0.0
2346, -0.2
2347, -0.1
2348, -0.3
2349, -0.4
2350, -0.1
2351, 0.1
2352, -0.1
2353, -0.3
2354, -0.1
2355, 0.2
2356, -0.1
2357, 0.3
2358, -0.3
2359, -0.3
2360, 0.0
2361, -0.1
2362, -0.2
2363, 0.1
2364, -0.6
2365, -0.6
2366, -0.1
2367, 0.3
2368, -0.2
2369, -0.3
2370, 0.0
2371, -0.3
2372, 0.2
2373, 0.0
2374, 0.2
2375, 0.4
2376, 0.0
2377, 0.1
2378, -0.2
2379, 0.0
2380, -0.1
2381, -0.2
2382, 0.3
2383, 0.0
2384, -0.4
2385, 0.0
2386, -0.3
2387, 0.0
2388, 0.3
2389, 0.0
2390, 0.0
2391, -0.3
2392, 0.1
2393, 0.3
2394, 0.0
2395, 0.2
2396, -0.1
2397, 0.4
2398, 0.3
2399, 0.0
2400, -0.1
2401, -0.3
2402, 0.0
2403, -0.3
2404, -0.3
2405, 0.3
2406, -0.2
2407, -0.1
2408, -0.1
2409, -0.1
2410, 0.1
2411, -0.1
2412, 0.1
2413, -0.4
2414, 0.4
2415, 0.0
2416, 0.0
2417, -0.1
2418, 0.1
2419, -0.2
2420, 0.0
2421, -0.1
2422, 0.2
2423, 0.3
2424, 0.4
2425, -0.1
2426, 0.2
2427, 0.1
2428, 0.0
2429, 0.3
2430, -0.2
2431, 0.2
2432, -0.3
2433, 0.2
2434, -0.1
2435, 0.2
2436, -0.3
2437, 0.1
2438, 0.0
2439, -0.3
2440, -0.3
2441, 0.1
2442, -0.1
2443, -0.1
2444, 0.5
2445, 0.3
2446, -0.1
2447, 0.2
2448, 0.1
2449, 0.0
2450, 0.0
2451, 0.3
2452, 0.1
2453, 0.2
2454, 0.0
2455, 0.1
2456, 0.1
2457, 0.2
2458, 0.1
2459, -0.3
2460, 0.2
2461, -0.6
2462, 0.1
2463, -0.3
2464, -0.4
2465, -0.2
2466, -0.1
2467, -0.1
2468, 0.1
2469, -0.4
2470, 0.1
2471, 0.1
2472, 0.1
2473, 0.0
2474, 0.1
2475, 0.1
2476, 0.5
2477, -0.2
2478, -0.1
2479, -0.2
2480, 0.3
2481, 0.0
2482, -0.4
2483, 0.4
2484, 0.2
2485, 0.1
2486, 0.4
2487, -0.1
2488, 0.2
2489, 0.1
2490, 0.2
2491, 0.0
2492, 0.3
2493, 0.0
2494, -0.1
2495, 0.1
2496, 0.1
2497, -0.1
2498, 0.0
2499, 0.1
2500, 0.3
2501, -0.3
2502, 0.1
2503, 0.0
2504, 0.0
2505, 0.3
2506, 0.3
2507, -0.4
2508, 0.2
2509, -0.5
2510, 0.1
2511, -0.5
2512, -0.2
2513, -0.2
2514, -0.1
2515, 0.0
2516, 0.2
2517, -0.1
2518, -0.3
2519, -0.1
2520, 0.1
2521, -0.5
2522, -0.2
2523, 0.0
2524, 0.1
2525, 0.1
2526, -0.2
2527, -0.3
2528, 0.1
2529, 0.3
2530, -0.3
2531, 0.1
2532, 0.2
2533, 0.0
2534, 0.1
2535, 0.1
2536, -0.4
2537, -0.6
2538, -0.3
2539, 0.1
2540, 0.3
2541, 0.1
2542, -0.4
2543, 0.1
2544, -0.4
2545, 0.4
2546, 0.2
2547, 0.0
2548, 0.2
2549, -0.7
2550, -0.2
2551, -0.2
2552, -0.1
2553, 0.0
2554, 0.4
2555, 0.3
2556, 0.0
2557, 0.1
2558, -0.2
2559, 0.1
2560, -0.1
2561, 0.1
2562, -0.1
2563, 0.4
2564, 0.0
2565, 0.2
2566, -0.6
2567, 0.3
2568, 0.3
2569, 0.4
2570, 0.1
2571, 0.1
2572, 0.1
2573, -0.4
2574, -0.3
2575, 0.1
2576, -0.1
2577, 0.2
2578, 0.3
2579, 0.1
2580, 0.2
2581, 0.1
2582, -0.1
2583, 0.0
2584, 0.1
2585, -0.4
2586, -0.2
2587, 0.1
2588, -0.1
2589, -0.3
2590, 0.1
2591, -0.2
2592, -0.2
2593, -0.5
2594, 0.3
2595, 0.2
2596, -0.1
2597, -0.2
2598, -0.3
2599, 0.4
2600, 0.2
2601, -0.4
2602, 0.4
2603, 0.3
2604, -0.2
2605, -0.2
2606, 0.2
2607, 0.0
2608, 0.2
2609, 0.0
2610, -0.3
2611, 0.1
2612, 0.0
2613, 0.2
2614, 0.0
2615, -0.1
2616, 0.0
2617, 0.1
2618, -0.1
2619, 0.0
2620, -0.4
2621, 0.2
2622, 0.0
2623, 0.3
2624, 0.3
2625, 0.0
2626, -0.2
2627, 0.2
2628, 0.0
2629, -0.3
2630, 0.0
2631, -0.4
2632, 0.5
2633, 0.2
2634, 0.2
2635, 0.2
2636, 0.2
2637, 0.1
2638, -0.2
2639, 0.2
2640, 0.0
2641, -0.3
2642, -0.2
2643, -0.1
2644, 0.3
2645, -0.1
2646, 0.1
2647, 0.2
2648, -0.3
2649, 0.5
2650, 0.1
2651, -0.2
2652, -0.2
2653, -0.2
2654, -0.1
2655, -0.1
2656, 0.3
2657, 0.1
2658, 0.3
2659, 0.0
2660, 0.3
2661, 0.0
2662, 0.0
2663, 0.2
2664, 0.0
2665, -0.2
2666, -0.3
2667, 0.1
2668, 0.2
2669, 0.1
2670, -0.3
2671, -0.3
2672, 0.1
2673, -0.1
2674, -0.2
2675, 0.1
2676, -0.1
2677, 0.1
2678, 0.2
2679, 0.0
2680, 0.1
2681, 0.0
2682, 0.3
2683, -0.1
2684, 0.1
2685, 0.2
2686, 0.1
2687, -0.1
2688, -0.1
2689, 0.0
2690, 0.1
2691, -0.1
2692, -0.1
2693, 0.0
2694, 0.0
2695, -0.1
2696, -0.4
2697, -0.2
2698, 0.5
2699, 0.2
2700, 0.0
2701, -0.1
2702, -0.1
2703, 0.1
2704, -0.3
2705, 0.1
2706, -0.4
2707, 0.0
2708, -0.1
2709, -0.1
2710, -0.1
2711, 0.3
2712, 0.1
2713, -0.2
2714, 0.1
2715, 0.3
2716, 0.0
2717, -0.3
2718, 0.0
2719, 0.1
2720, -0.1
2721, -0.1
2722, 0.1
2723, 0.1
2724, 0.1
2725, 0.2
2726, -0.1
2727, 0.4
2728, 0.0
2729, 0.0
2730, -0.3
2731, 0.3
2732, 0.0
2733, -0.1
2734, 0.3
2735, 0.0
2736, 0.3
2737, 0.3
2738, 0.0
2739, 0.2
2740, -0.2
2741, -0.2
2742, 0.2
2743, -0.1
2744, 0.3
2745, 0.0
2746, 0.4
2747, 0.0
2748, 0.1
2749, -0.2
2750, 0.1
2751, 0.0
2752, -0.3
2753, -0.6
2754, 0.1
2755, -0.1
2756, 0.0
2757, 0.3
2758, 0.4
2759, 0.1
2760, -0.1
2761, 0.3
2762, 0.3
2763, -0.2
2764, 0.2
2765, -0.4
2766, -0.5
2767, 0.0
2768, -0.5
2769, -0.2
2770, 0.0
2771, 0.4
2772, -0.4
2773, -0.1
2774, -0.1
2775, -0.3
2776, 0.3
2777, -0.1
2778, 0.0
2779, -0.2
2780, 0.2
2781, 0.0
2782, -0.1
2783, 0.0
2784, 0.4
2785, 0.1
2786, -0.1
2787, -0.1
2788, 0.3
2789, -0.2
2790, 0.2
2791, -0.2
2792, -0.1
2793, 0.3
2794, 0.1
2795, 0.1
2796, 0.0
2797, 0.1
2798, 0.0
2799, 0.0
2800, -0.1
2801, -0.1
2802, -0.1
2803, 0.2
2804, -0.3
2805, -0.1
2806, -0.1
2807, -0.1
2808, 0.1
2809, 0.3
2810, -0.3
2811, 0.2
2812, -0.3
2813, 0.3
2814, -0.4
2815, -0.4
2816, -0.3
2817, -0.1
2818, 0.0
2819, 0.0
2820, 0.1
2821, 0.1
2822, -0.2
2823, -0.3
2824, 0.2
2825, -0.2
2826, 0.3
2827, 0.2
2828, 0.3
2829, 0.0
2830, -0.1
2831, 0.1
2832, -0.1
2833, 0.0
2834, -0.3
2835, -0.2
2836, 0.1
2837, 0.2
2838, -0.4
2839, 0.1
2840, 0.2
2841, -0.1
2842, -0.2
2843, 0.0
2844, 0.3
2845, 0.1
2846, -0.1
2847, 0.1
2848, 0.0
2849, -0.1
2850, -0.1
2851, 0.1
2852, -0.2
2853, 0.0
2854, -0.5
2855, -0.2
2856, 0.1
2857, 0.1
2858, 0.1
2859, 0.0
2860, 0.1
2861, -0.6
2862, -0.1
2863, 0.1
2864, -0.2
2865, -0.2
2866, 0.2
2867, 0.2
2868, -0.2
2869, -0.2
2870, -0.4
2871, 0.0
2872, -0.1
2873, 0.0
2874, -0.1
2875, -0.2
2876, 0.4
2877, 0.0
2878, -0.1
2879, 0.0
2880, -0.1
2881, 0.0
2882, -0.3
2883, -0.3
2884, 0.3
2885, 0.3
2886, 0.1
2887, 0.4
2888, -0.2
2889, -0.3
2890, 0.2
2891, -0.1
2892, -0.1
2893, -0.1
2894, 0.1
2895, 0.1
2896, -0.2
2897, -0.1
2898, -0.1
2899, 0.3
2900, 0.3
2901, 0.2
2902, 0.0
2903, 0.3
2904, -0.2
2905, -0.1
2906, -0.4
2907, -0.2
2908, -0.2
2909, 0.1
2910, 0.0
2911, -0.3
2912, 0.2
2913, 0.2
2914, -0.3
2915, 0.1
2916, 0.1
2917, 0.2
2918, 0.2
2919, -0.1
2920, 0.1
2921, 0.3
2922, 0.0
2923, 0.4
2924, -0.6
2925, -0.2
2926, -0.2
2927, 0.3
2928, 0.3
2929, -0.2
2930, -0.6
2931, 0.2
2932, -0.3
2933, -0.1
2934, 0.1
2935, 0.0
2936, -0.3
2937, 0.3
2938, 0.1
2939, 0.0
2940, 0.1
2941, 0.3
2942, 0.2
2943, 0.0
2944, -0.1
2945, -0.1
2946, 0.0
2947, -0.1
2948, 0.2
2949, 0.1
2950, 0.0
2951, 0.3
2952, 0.3
2953, -0.3
2954, 0.3
2955, 0.5
2956, 0.2
2957, -0.1
2958, -0.1
2959, 0.3
2960, 0.1
2961, 0.1
2962, -0.2
2963, 0.3
2964, 0.1
2965, -0.1
2966, 0.1
2967, 0.1
2968, -0.4
2969, 0.1
2970, 0.0
2971, 0.3
2972, 0.0
2973, -0.3
2974, 0.1
2975, -0.4
2976, -0.2
2977, 0.0
2978, 0.0
2979, 0.0
2980, -0.2
2981, 0.3
2982, -0.1
2983, -0.2
2984, 0.3
2985, -0.2
2986, -0.2
2987, 0.2
2988, 0.2
2989, -0.5
2990, 0.0
2991, 0.1
2992, 0.2
2993, -0.2
2994, 0.0
2995, 0.1
2996, 0.2
2997, 0.1
2998, 0.1
2999, 0.4
3000, 0.0
3001, -0.3
3002, -0.2
3003, 0.4
3004, -0.3
3005, 0.2
3006, 0.0
3007, 0.3
3008, -0.3
3009, -0.1
3010, 0.1
3011, 0.1
3012, 0.0
3013, 0.1
3014, 0.2
3015, -0.1
3016, 0.4
3017, -0.1
3018, 0.2
3019, -0.3
3020, 0.4
3021, -0.4
3022, -0.1
3023, 0.5
3024, 0.1
3025, 0.1
3026, -0.2
3027, 0.1
3028, -0.3
3029, 0.1
3030, -0.1
3031, -0.2
3032, 0.1
3033, 0.0
3034, -0.1
3035, -0.1
3036, 0.5
3037, 0.2
3038, 0.3
3039, 0.1
3040, -0.1
3041, -0.1
3042, 0.0
3043, -0.1
3044, 0.0
3045, 0.0
3046, 0.0
3047, 0.3
3048, -0.2
3049, 0.0
3050, 0.3
3051, 0.5
3052, -0.2
3053, -0.1
3054, -0.3
3055, 0.2
3056, -0.1
3057, 0.4
3058, 0.1
3059, -0.4
3060, -0.1
3061, 0.2
3062, 0.3
3063, 0.1
3064, 0.0
3065, -0.4
3066, 0.4
3067, 0.2
3068, 0.0
3069, 0.3
3070, -0.1
3071, 0.3
3072, 0.2
3073, 0.1
3074, 0.4
3075, 0.0
3076, -0.2
3077, -0.3
3078, 0.3
3079, 0.2
3080, -0.3
3081, 0.0
3082, 0.0
3083, 0.0
3084, 0.1
3085, 0.4
3086, 0.1
3087, 0.0
3088, 0.3
3089, -0.1
3090, 0.1
3091, 0.0
3092, -0.2
3093, 0.0
3094, -0.4
3095, 0.2
3096, 0.0
3097, 0.1
3098, 0.0
3099, -0.1
3100, -0.1
3101, 0.0
3102, -0.2
3103, 0.0
3104, 0.2
3105, 0.1
3106, -0.4
3107, -0.4
3108, -0.3
3109, 0.2
3110, -0.2
3111, -0.6
3112, -0.5
3113, 0.5
3114, 0.4
3115, 0.4
3116, -0.2
3117, 0.0
3118, 0.4
3119, 0.0
3120, -0.1
3121, -0.1
3122, -0.2
3123, -0.1
3124, -0.1
3125, 0.3
3126, 0.0
3127, 0.2
3128, 0.0
3129, -0.5
3130, 0.1
3131, 0.0
3132, 0.2
3133, 0.1
3134, 0.1
3135, 0.2
3136, -0.3
3137, 0.2
3138, -0.1
3139, 0.0
3140, 0.0
3141, 0.0
3142, 0.0
3143, 0.1
3144, 0.1
3145, 0.1
3146, 0.0
3147, 0.1
3148, 0.3
3149, -0.2
3150, 0.1
3151, 0.1
3152, 0.0
3153, 0.0
3154, 0.1
3155, 0.3
3156, 0.2
3157, -0.3
3158, 0.0
3159, -0.1
3160, 0.3
3161, 0.1
3162, -0.4
3163, 0.2
3164, 0.0
3165, 0.1
3166, 0.0
3167, 0.3
3168, 0.2
3169, -0.1
3170, 0.2
3171, 0.4
3172, -0.3
3173, 0.2
3174, 0.1
3175, 0.3
3176, 0.1
3177, -0.1
3178, 0.3
3179, 0.1
3180, -0.1
3181, -0.2
3182, 0.2
3183, 0.4
3184, -0.2
3185, -0.1
3186, 0.1
3187, 0.4
3188, -0.1
3189, 0.4
3190, -0.6
3191, -0.2
3192, -0.2
3193, -0.1
3194, 0.1
3195, -0.2
3196, 0.3
3197, 0.0
3198, 0.0
3199, 0.3
3200, 0.2
3201, 0.0
3202, -0.1
3203, 0.3
3204, 0.1
3205, 0.3
3206, -0.2
3207, -0.1
3208, 0.5
3209, -0.1
3210, 0.1
3211, 0.1
3212, 0.5
3213, -0.3
3214, -0.1
3215, -0.2
3216, 0.1
3217, 0.4
3218, 0.1
3219, -0.2
3220, -0.1
3221, 0.2
3222, 0.4
3223, 0.4
3224, -0.1
3225, 0.1
3226, -0.1
3227, -0.1
3228, 0.2
3229, -0.1
3230, 0.1
3231, 0.1
3232, -0.3
3233, 0.2
3234, -0.1
3235, 0.0
3236, 0.0
3237, 0.2
3238, 0.3
3239, 0.1
3240, 0.3
3241, 0.5
3242, 0.2
3243, 0.1
3244, -0.1
3245, 0.2
3246, 0.1
3247, 0.0
3248, 0.1
3249, 0.1
3250, -0.1
3251, -0.4
3252, -0.2
3253, -0.2
3254, 0.0
3255, 0.3
3256, 0.2
3257, 0.2
3258, 0.1
3259, 0.3
3260, 0.1
3261, 0.3
3262, 0.0
3263, -0.1
3264, 0.0
3265, 0.2
3266, 0.1
3267, -0.2
3268, -0.2
3269, -0.2
3270, 0.0
3271, 0.3
3272, -0.1
3273, 0.1
3274, -0.2
3275, 0.3
3276, 0.0
3277, 0.0
3278, -0.1
3279, -0.2
3280, 0.3
3281, 0.0
3282, 0.0
3283, -0.1
3284, 0.0
3285, 0.4
3286, 0.3
3287, 0.1
3288, 0.2
3289, -0.1
3290, 0.3
3291, -0.3
3292, -0.1
3293, -0.1
3294, 0.0
3295, -0.2
3296, 0.2
3297, 0.3
3298, 0.2
3299, 0.1
3300, 0.0
3301, 0.2
3302, 0.1
3303, -0.1
3304, 0.1
3305, -0.7
3306, -0.1
3307, 0.2
3308, 0.0
3309, -0.5
3310, 0.1
3311, 0.2
3312, -0.3
3313, 0.3
3314, -0.3
3315, -0.2
3316, 0.3
3317, -0.6
3318, 0.1
3319, 0.4
3320, -0.4
3321, 0.2
3322, 0.1
3323, 0.2
3324, -0.1
3325, 0.2
3326, 0.3
3327, 0.2
3328, 0.0
3329, 0.0
3330, 0.3
3331, -0.1
3332, -0.1
3333, 0.2
3334, -0.3
3335, -0.1
3336, 0.2
3337, -0.2
3338, 0.2
3339, 0.2
3340, -0.2
3341, 0.1
3342, 0.4
3343, -0.2
3344, -0.2
3345, -0.2
3346, -0.1
3347, 0.1
3348, 0.1
3349, 0.1
3350, 0.1
3351, -0.6
3352, 0.0
3353, 0.1
3354, -0.1
3355, 0.3
3356, 0.1
3357, -0.2
3358, -0.1
3359, -0.2
3360, -0.1
3361, 0.1
3362, 0.4
3363, -0.1
3364, 0.0
3365, 0.2
3366, -0.1
3367, 0.2
3368, 0.1
3369, 0.3
3370, -0.2
3371, 0.1
3372, 0.0
3373, 0.0
3374, 0.0
3375, 0.3
3376, -0.2
3377, 0.0
3378, 0.1
3379, -0.1
3380, 0.2
3381, -0.1
3382, 0.2
3383, -0.2
3384, 0.0
3385, 0.2
3386, 0.0
3387, 0.1
3388, 0.2
3389, 0.1
3390, -0.2
3391, 0.0
3392, -0.1
3393, -0.3
3394, -0.2
3395, -0.3
3396, -0.2
3397, 0.0
3398, -0.2
3399, 0.0
3400, 0.0
3401, 0.1
3402, 0.1
3403, 0.2
3404, -0.1
3405, 0.1
3406, 0.2
3407, 0.1
3408, 0.0
3409, 0.2
3410, 0.1
3411, -0.4
3412, 0.1
3413, -0.2
3414, -0.1
3415, -0.1
3416, -0.3
3417, 0.0
3418, 0.4
3419, 0.1
3420, 0.3
3421, 0.2
3422, 0.0
3423, -0.4
3424, -0.3
3425, 0.2
3426, 0.1
3427, -0.1
3428, 0.0
3429, 0.0
3430, 0.3
3431, 0.3
3432, 0.2
3433, -0.2
3434, -0.1
3435, 0.1
3436, -0.3
3437, 0.0
3438, 0.0
3439, -0.1
3440, -0.2
3441, 0.2
3442, 0.1
3443, 0.2
3444, 0.0
3445, 0.4
3446, 0.3
3447, 0.2
3448, -0.1
3449, -0.2
3450, -0.1
3451, 0.0
3452, -0.2
3453, -0.3
3454, 0.1
3455, 0.2
3456, 0.3
3457, 0.0
3458, -0.4
3459, 0.2
3460, -0.5
3461, 0.2
3462, -0.2
3463, -0.2
3464, 0.0
3465, 0.1
3466, 0.0
3467, 0.3
3468, -0.2
3469, 0.0
3470, -0.1
3471, 0.0
3472, -0.2
3473, -0.1
3474, 0.0
3475, 0.1
3476, 0.0
3477, -0.1
3478, -0.1
3479, -0.1
3480, 0.1
3481, -0.3
3482, -0.3
3483, 0.1
3484, -0.2
3485, 0.4
3486, -0.2
3487, 0.1
3488, -0.1
3489, -0.3
3490, 0.2
3491, 0.1
3492, 0.1
3493, -0.2
3494, 0.1
3495, 0.4
3496, -0.2
3497, 0.0
3498, -0.2
3499, 0.3
3500, 0.1
3501, 0.1
3502, 0.4
3503, 0.2
3504, -0.3
3505, -0.1
3506, -0.3
3507, 0.3
3508, 0.1
3509, -0.3
3510, 0.3
3511, -0.2
3512, 0.3
3513, -0.4
3514, -0.5
3515, 0.1
3516, 0.3
3517, 0.2
3518, 0.1
3519, 0.2
3520, 0.1
3521, 0.1
3522, -0.2
3523, 0.0
3524, 0.2
3525, 0.0
3526, -0.4
3527, -0.2
3528, 0.1
3529, -0.2
3530, -0.1
3531, 0.0
3532, 0.2
3533, -0.6
3534, -0.3
3535, 0.0
3536, -0.2
3537, -0.2
3538, 0.4
3539, 0.3
3540, 0.1
3541, 0.1
3542, 0.0
3543, 0.2
3544, -0.3
3545, 0.1
3546, 0.0
3547, 0.2
3548, -0.3
3549, 0.0
3550, 0.2
3551, 0.2
3552, 0.2
3553, -0.2
3554, 0.2
3555, -0.1
3556, 0.5
3557, 0.5
3558, -0.3
3559, 0.3
3560, -0.2
3561, -0.3
3562, 0.1
3563, -0.4
3564, 0.0
3565, -0.2
3566, -0.4
3567, -0.1
3568, -0.3
3569, 0.0
3570, 0.1
3571, -0.5
3572, 0.0
3573, 0.2
3574, -0.2
3575, 0.3
3576, -0.1
3577, -0.2
3578, -0.4
3579, 0.0
3580, 0.3
3581, 0.3
3582, -0.2
3583, 0.2
3584, -0.3
3585, -0.2
3586, -0.2
3587, 0.3
3588, -0.3
3589, 0.2
3590, 0.3
3591, -0.1
3592, 0.3
3593, -0.3
3594, 0.2
3595, 0.1
3596, 0.0
3597, -0.2
3598, 0.3
3599, -0.2
3600, 0.0
3601, 0.2
3602, 0.0
3603, 0.0
3604, -0.3
3605, 0.2
3606, 0.2
3607, 0.2
3608, -0.2
3609, -0.6
3610, 0.2
3611, -0.5
3612, 0.0
3613, -0.1
3614, 0.0
3615, -0.1
3616, -0.4
3617, 0.0
3618, 0.0
3619, 0.1
3620, 0.4
3621, 0.3
3622, -0.2
3623, 0.2
3624, 0.1
3625, -0.2
3626, 0.2
3627, 0.3
3628, 0.0
3629, 0.1
3630, 0.1
3631, 0.0
3632, 0.1
3633, 0.4
3634, -0.6
3635, 0.2
3636, 0.1
3637, -0.3
3638, 0.2
3639, 0.0
3640, 0.0
3641, 0.2
3642, 0.0
3643, 0.4
3644, 0.0
3645, 0.0
3646, 0.1
3647, 0.1
3648, 0.0
3649, 0.0
3650, 0.0
3651, -0.2
3652, -0.3
3653, -0.1
3654, 0.1
3655, 0.3
3656, 0.4
3657, -0.1
3658, -0.3
3659, 0.3
3660, 0.3
3661, 0.1
3662, -0.2
3663, 0.0
3664, 0.0
3665, 0.1
3666, -0.1
3667, -0.1
3668, 0.2
3669, 0.3
3670, 0.0
3671, 0.4
3672, 0.3
3673, 0.0
3674, -0.1
3675, 0.0
3676, 0.3
3677, 0.0
3678, 0.4
3679, 0.4
3680, -0.4
3681, -0.1
3682, -0.3
3683, -0.1
3684, 0.0
3685, -0.2
3686, -0.2
3687, -0.3
3688, -0.1
3689, 0.1
3690, -0.4
3691, -0.4
3692, -0.3
3693, 0.5
3694, 0.4
3695, 0.3
3696, -0.7
3697, -0.3
3698, -0.2
3699, -0.3
3700, -0.3
3701, 0.2
3702, 0.3
3703, 0.1
3704, -0.3
3705, 0.0
3706, 0.1
3707, -0.3
3708, 0.1
3709, 0.1
3710, 0.0
3711, 0.2
3712, -0.4
3713, -0.2
3714, -0.1
3715, 0.0
3716, -0.2
3717, -0.2
3718, 0.2
3719, 0.0
3720, 0.2
3721, 0.2
3722, 0.1
3723, -0.2
3724, 0.2
3725, 0.5
3726, 0.2
3727, 0.0
3728, -0.3
3729, 0.3
3730, 0.2
3731, 0.0
3732, 0.4
3733, 0.0
3734, 0.0
3735, -0.1
3736, -0.1
3737, -0.3
3738, -0.1
3739, 0.3
3740, 0.2
3741, -0.1
3742, -0.7
3743, 0.3
3744, -0.5
3745, 0.2
3746, -0.1
3747, 0.0
3748, -0.3
3749, 0.0
3750, -0.1
3751, 0.0
3752, 0.0
3753, -0.2
3754, -0.1
3755, -0.1
3756, 0.2
3757, 0.2
3758, -0.1
3759, -0.1
3760, 0.0
3761, 0.4
3762, -0.1
3763, 0.1
3764, 0.0
3765, -0.1
3766, 0.5
3767, -0.4
3768, -0.3
3769, 0.1
3770, 0.2
3771, -0.2
3772, -0.3
3773, 0.1
3774, 0.4
3775, 0.3
3776, 0.1
3777, 0.3
3778, 0.3
3779, -0.3
3780, -0.3
3781, 0.0
3782, 0.4
3783, -0.2
3784, 0.0
3785, -0.5
3786, 0.4
3787, -0.3
3788, -0.3
3789, 0.0
3790, -0.3
3791, -0.2
3792, 0.0
3793, 0.2
3794, -0.3
3795, -0.1
3796, -0.1
3797, -0.1
3798, 0.1
3799, 0.2
3800, 0.0
3801, -0.4
3802, 0.3
3803, -0.2
3804, -0.1
3805, -0.1
3806, 0.1
3807, -0.4
3808, -0.1
3809, 0.2
3810, -0.1
3811, 0.0
3812, -0.1
3813, 0.2
3814, 0.2
3815, -0.3
3816, 0.1
3817, 0.0
3818, -0.1
3819, 0.0
3820, -0.3
3821, 0.1
3822, 0.1
3823, -0.1
3824, -0.5
3825, 0.0
3826, -0.2
3827, 0.2
3828, 0.1
3829, -0.1
3830, -0.2
3831, 0.4
3832, -0.3
3833, 0.0
3834, -0.4
3835, -0.1
3836, -0.1
3837, 0.1
3838, -0.2
3839, 0.0
3840, -0.2
3841, -0.1
3842, 0.1
3843, 0.3
3844, -0.1
3845, 0.1
3846, 0.0
3847, 0.3
3848, 0.1
3849, 0.0
3850, 0.1
3851, -0.2
3852, 0.0
3853, 0.1
3854, -0.4
3855, 0.2
3856, 0.2
3857, 0.1
3858, -0.4
3859, -0.1
3860, 0.2
3861, 0.0
3862, 0.4
3863, 0.3
3864, -0.3
3865, -0.3
3866, 0.1
3867, -0.2
3868, 0.2
3869, 0.0
3870, -0.4
3871, 0.1
3872, 0.0
3873, 0.1
3874, 0.4
3875, -0.2
3876, -0.5
3877, -0.1
3878, 0.0
3879, 0.1
3880, 0.1
3881, 0.2
3882, 0.1
3883, -0.3
3884, -0.1
3885, -0.1
3886, 0.1
3887, 0.2
3888, -0.1
3889, 0.1
3890, 0.0
3891, 0.0
3892, 0.1
3893, 0.2
3894, -0.2
3895, 0.2
3896, 0.0
3897, -0.1
3898, -0.1
3899, 0.0
3900, -0.1
3901, 0.3
3902, -0.1
3903, 0.4
3904, -0.2
3905, 0.1
3906, -0.3
3907, -0.1
3908, 0.0
3909, 0.2
3910, 0.0
3911, 0.3
3912, -0.1
3913, 0.0
3914, -0.1
3915, -0.2
3916, -0.3
3917, -0.3
3918, 0.3
3919, 0.1
3920, -0.4
3921, 0.3
3922, -0.2
3923, -0.2
3924, 0.2
3925, 0.1
3926, 0.3
3927, 0.3
3928, 0.1
3929, -0.5
3930, 0.0
3931, 0.0
3932, 0.0
3933, 0.0
3934, -0.1
3935, 0.1
3936, 0.3
3937, 0.2
3938, -0.3
3939, 0.5
3940, 0.2
3941, -0.1
3942, -0.1
3943, 0.1
3944, 0.1
3945, 0.1
3946, 0.2
3947, 0.2
3948, 0.1
3949, 0.3
3950, 0.1
3951, 0.1
3952, 0.2
3953, 0.1
3954, -0.2
3955, -0.4
3956, 0.1
3957, 0.2
3958, 0.0
3959, 0.1
3960, 0.2
3961, 0.2
3962, 0.1
3963, 0.2
3964, 0.0
3965, 0.3
3966, 0.0
3967, -0.3
3968, -0.1
3969, 0.1
3970, 0.1
3971, 0.0
3972, -0.5
3973, -0.4
3974, -0.1
3975, 0.1
3976, 0.1
3977, 0.1
3978, -0.1
3979, 0.2
3980, 0.2
3981, 0.3
3982, 0.0
3983, 0.0
3984, -0.1
3985, -0.1
3986, -0.4
3987, 0.4
3988, 0.0
3989, 0.3
3990, 0.5
3991, 0.0
3992, 0.0
3993, 0.3
3994, 0.1
3995, 0.0
3996, 0.2
3997, -0.1
3998, -0.1
3999, -0.2
