0, 0.0
1, 0.2
2, 0.3
3, 0.6
4, -0.3
5, 0.0
6, 0.1
7, -0.1
8, 0.1
9, 0.2
10, -0.1
11, 0.1
12, 0.3
13, 0.3
14, -0.1
15, -0.1
16, -0.3
17, -0.1
18, -0.1
19, 0.1
20, 0.3
21, -0.2
22, -0.4
23, -0.5
24, -0.1
25, 0.1
26, 0.2
27, 0.3
28, -0.1
29, -0.4
30, 0.3
31, -0.3
32, -0.4
33, -0.3
34, 0.0
35, 0.4
36, -0.1
37, -0.2
38, 0.2
39, 0.2
40, 0.1
41, 0.2
42, -0.3
43, 0.2
44, -0.3
45, -0.1
46, 0.0
47, -0.3
48, 0.1
49, -0.2
50, -0.6
51, 0.1
52, -0.1
53, 0.1
54, -0.3
55, -0.3
56, 0.1
57, -0.2
58, 0.0
59, 0.1
60, 0.3
61, -0.1
62, 0.2
63, 0.5
64, 0.6
65, -0.2
66, 0.1
67, 0.0
68, 0.3
69, 0.1
70, -0.4
71, 0.0
72, 0.0
73, 0.3
74, 0.1
75, -0.2
76, 0.2
77, -0.2
78, 0.4
79, -0.4
80, -0.1
81, -0.5
82, 0.2
83, 0.2
84, 0.1
85, -0.1
86, 0.0
87, 0.3
88, -0.1
89, 0.4
90, -0.1
91, 0.3
92, 0.2
93, -0.1
94, 0.1
95, -0.2
96, -0.2
97, 0.2
98, 0.0
99, -0.2
100, 0.4
101, -0.1
102, 0.2
103, -0.1
104, 0.2
105, 0.2
106, 0.3
107, 0.4
108, -0.2
109, 0.2
110, -0.3
111, 0.1
112, 0.1
113, -0.5
114, 0.1
115, 0.1
116, -0.6
117, -0.1
118, 0.0
119, -0.1
120, 0.1
121, 0.0
122, 0.0
123, 0.2
124, -0.4
125, 0.3
126, 0.3
127, -0.6
128, 0.0
129, -0.3
130, 0.1
131, 0.0
132, 0.3
133, 0.3
134, 0.0
135, -0.1
136, 0.0
137, -0.1
138, 0.0
139, -0.2
140, -0.1
141, 0.1
142, 0.0
143, 0.1
144, 0.1
145, -0.6
146, 0.0
147, 0.1
148, 0.1
149, 0.2
150, -0.1
151, -0.3
152, 0.0
153, -0.1
154, 0.1
155, 0.1
156, -0.1
157, 0.5
158, 0.2
159, -0.1
160, 0.1
161, -0.3
162, -0.4
163, -0.4
164, 0.1
165, -0.2
166, 0.0
167, 0.2
168, -0.1
169, 0.1
170, 0.0
171, 0.0
172, 0.3
173, -0.1
174, -0.2
175, -0.1
176, -0.3
177, -0.1
178, -0.1
179, 0.4
180, 0.2
181, -0.2
182, -0.1
183, -0.3
184, -0.1
185, 0.3
186, -0.2
187, 0.1
188, 0.2
189, 0.1
190, 0.3
191, 0.4
192, -0.3
193, -0.2
194, -0.2
195, 0.1
196, -0.2
197, 0.1
198, -0.2
199, -0.5
200, -0.3
201, -0.2
202, 0.1
203, 0.0
204, -0.2
205, -0.2
206, -0.1
207, -0.3
208, 0.1
209, 0.2
210, 0.1
211, -0.3
212, -0.1
213, 0.3
214, 0.3
215, 0.0
216, 0.0
217, 0.4
218, 0.0
219, 0.1
220, -0.3
221, 0.3
222, 0.0
223, 0.2
224, -0.3
225, 0.2
226, -0.2
227, 0.0
228, 0.1
229, -0.5
230, 0.2
231, -0.3
232, -0.1
233, -0.3
234, -0.3
235, -0.1
236, -0.3
237, -0.6
238, 0.3
239, -0.3
240, 0.2
241, 0.1
242, 0.2
243, -0.1
244, -0.2
245, 0.2
246, 0.3
247, -0.4
248, 0.0
249, 0.2
250, 0.2
251, 0.1
252, 0.2
253, -0.2
254, 0.1
255, -0.4
256, 0.4
257, -0.2
258, -0.3
259, 0.3
260, 0.0
261, 0.5
262, 0.0
263, 0.0
264, -0.4
265, -0.4
266, -0.4
267, 0.0
268, 0.0
269, -0.5
270, 0.3
271, 0.0
272, 0.1
273, 0.1
274, -0.6
275, -0.2
276, -0.3
277, 0.0
278, 0.2
279, -0.1
280, 0.0
281, 0.0
282, -0.1
283, -0.2
284, 0.4
285, 0.1
286, 0.1
287, 0.3
288, -0.1
289, 0.3
290, -0.2
291, -0.1
292, -0.3
293, 0.0
294, -0.1
295, -0.1
296, 0.2
297, -0.2
298, -0.2
299, -0.2
300, -0.2
301, 0.3
302, -0.2
303, -0.1
304, -0.3
305, 0.0
306, 0.2
307, -0.2
308, 0.2
309, -0.3
310, -0.4
311, 0.3
312, 0.0
313, 0.1
314, 0.1
315, 0.3
316, -0.1
317, -0.3
318, -0.2
319, 0.2
320, -0.3
321, -0.2
322, 0.2
323, 0.0
324, -0.2
325, 0.2
326, 0.0
327, -0.1
328, -0.1
329, 0.3
330, 0.1
331, -0.3
332, -0.1
333, 0.1
334, -0.1
335, 0.2
336, 0.2
337, 0.2
338, 0.1
339, -0.1
340, 0.3
341, -0.5
342, -0.1
343, -0.1
344, 0.0
345, 0.1
346, 0.0
347, 0.0
348, 0.4
349, 0.3
350, -0.2
351, -0.1
352, -0.2
353, 0.1
354, 0.3
355, -0.1
356, -0.2
357, 0.1
358, -0.2
359, -0.3
360, -0.2
361, 0.2
362, 0.0
363, -0.1
364, 0.0
365, 0.5
366, -0.5
367, -0.1
368, -0.1
369, 0.2
370, 0.3
371, 0.2
372, -0.2
373, -0.1
374, 0.4
375, 0.1
376, -0.1
377, 0.0
378, -0.2
379, 0.0
380, 0.3
381, 0.1
382, -0.1
383, 0.3
384, 0.3
385, 0.0
386, 0.1
387, 0.1
388, 0.1
389, 0.1
390, 0.0
391, 0.0
392, 0.0
393, -0.2
394, 0.1
395, 0.3
396, 0.1
397, 0.3
398, 0.2
399, -0.2
400, 0.0
401, -0.2
402, 0.0
403, 0.1
404, 0.3
405, -0.3
406, 0.0
407, -0.3
408, 0.4
409, 0.2
410, 0.3
411, -0.4
412, -0.4
413, 0.0
414, 0.0
415, -0.1
416, 0.0
417, -0.5
418, 0.0
419, 0.1
420, -0.1
421, 0.0
422, -0.1
423, 0.0
424, -0.4
425, 0.2
426, 0.0
427, -0.2
428, 0.2
429, 0.0
430, 0.2
431, 0.0
432, -0.2
433, 0.3
434, 0.1
435, 0.1
436, 0.0
437, 0.0
438, 0.0
439, 0.1
440, -0.1
441, 0.1
442, -0.1
443, 0.0
444, -0.2
445, 0.1
446, 0.1
447, 0.4
448, 0.3
449, 0.2
450, 0.3
451, 0.2
452, 0.4
453, 0.2
454, 0.0
455, -0.2
456, 0.1
457, 0.2
458, -0.3
459, 0.0
460, 0.3
461, -0.5
462, 0.0
463, -0.1
464, 0.4
465, -0.1
466, -0.2
467, 0.2
468, 0.0
469, 0.0
470, -0.2
471, 0.0
472, 0.2
473, 0.2
474, -0.5
475, 0.4
476, -0.1
477, -0.2
478, 0.1
479, 0.0
480, 0.0
481, -0.2
482, 0.1
483, 0.1
484, -0.1
485, -0.4
486, 0.2
487, 0.2
488, 0.2
489, 0.4
490, -0.4
491, 0.0
492, -0.1
493, -0.4
494, 0.1
495, 0.1
496, 0.3
497, 0.0
498, -0.4
499, 0.0
500, 0.1
501, -0.1
502, 0.4
503, -0.2
504, 0.1
505, 0.1
506, 0.0
507, 0.2
508, 0.1
509, 0.2
510, -0.1
511, 0.0
512, 0.2
513, 0.1
514, -0.2
515, 0.2
516, 0.3
517, 0.0
518, 0.1
519, 0.0
520, -0.1
521, -0.2
522, -0.1
523, -0.1
524, -0.2
525, 0.1
526, -0.3
527, -0.3
528, -0.2
529, -0.2
530, -0.3
531, 0.1
532, -0.2
533, -0.3
534, 0.5
535, 0.1
536, -0.3
537, 0.3
538, 0.2
539, -0.1
540, -0.5
541, -0.1
542, -0.2
543, 0.3
544, 0.1
545, 0.0
546, -0.1
547, 0.1
548, -0.4
549, 0.4
550, 0.1
551, -0.2
552, -0.2
553, 0.1
554, -0.1
555, -0.4
556, 0.2
557, 0.5
558, 0.2
559, -0.1
560, -0.2
561, 0.2
562, 0.0
563, 0.0
564, 0.2
565, -0.5
566, -0.2
567, 0.1
568, -0.3
569, 0.3
570, 0.1
571, -0.5
572, 0.2
573, 0.5
574, -0.2
575, 0.0
576, -0.4
577, 0.1
578, 0.1
579, -0.1
580, 0.3
581, 0.2
582, 0.2
583, 0.0
584, 0.3
585, 0.0
586, 0.1
587, 0.2
588, -0.1
589, 0.4
590, 0.0
591, -0.2
592, 0.3
593, -0.3
594, -0.3
595, 0.1
596, 0.0
597, 0.1
598, 0.2
599, -0.1
600, -0.2
601, -0.1
602, -0.2
603, 0.2
604, 0.4
605, -0.4
606, 0.0
607, 0.1
608, 0.4
609, 0.1
610, 0.0
611, 0.2
612, -0.1
613, 0.1
614, 0.3
615, -0.2
616, -0.5
617, 0.3
618, -0.1
619, 0.1
620, -0.2
621, 0.0
622, -0.1
623, 0.0
624, 0.1
625, -0.1
626, 0.3
627, -0.1
628, 0.0
629, -0.1
630, 0.0
631, 0.0
632, 0.2
633, 0.0
634, 0.1
635, -0.1
636, -0.2
637, 0.3
638, 0.1
639, -0.3
640, 0.1
641, -0.2
642, 0.1
643, 0.1
644, -0.3
645, 0.1
646, -0.2
647, -0.3
648, 0.1
649, 0.0
650, -0.4
651, 0.1
652, -0.2
653, -0.1
654, 0.1
655, -0.1
656, -0.2
657, 0.1
658, 0.3
659, -0.2
660, 0.1
661, -0.2
662, -0.1
663, 0.0
664, -0.1
665, 0.0
666, 0.0
667, 0.1
668, 0.0
669, 0.3
670, 0.4
671, 0.0
672, 0.2
673, 0.1
674, -0.1
675, 0.0
676, 0.1
677, 0.0
678, 0.1
679, -0.4
680, 0.2
681, -0.3
682, 0.2
683, 0.0
684, 0.2
685, 0.0
686, -0.1
687, -0.4
688, 0.4
689, 0.1
690, 0.1
691, -0.1
692, 0.0
693, 0.0
694, -0.1
695, 0.0
696, -0.2
697, 0.0
698, 0.2
699, -0.1
700, 0.1
701, 0.0
702, 0.1
703, -0.5
704, -0.1
705, 0.3
706, -0.2
707, -0.1
708, -0.1
709, -0.1
710, 0.0
711, 0.0
712, 0.0
713, 0.4
714, -0.1
715, -0.1
716, 0.3
717, -0.1
718, 0.0
719, 0.0
720, 0.0
721, 0.1
722, 0.0
723, 0.1
724, 0.3
725, 0.2
726, 0.1
727, 0.1
728, 0.2
729, 0.1
730, -0.2
731, 0.0
732, -0.1
733, -0.3
734, -0.4
735, -0.2
736, 0.1
737, 0.0
738, 0.2
739, 0.1
740, 0.3
741, -0.2
742, -0.4
743, 0.5
744, 0.0
745, -0.3
746, -0.1
747, -0.1
748, -0.4
749, 0.2
750, 0.0
751, 0.1
752, -0.4
753, 0.3
754, 0.0
755, 0.4
756, 0.1
757, 0.2
758, 0.1
759, -0.4
760, -0.1
761, 0.4
762, 0.1
763, -0.1
764, -0.2
765, 0.2
766, 0.1
767, -0.1
768, 0.0
769, 0.0
770, -0.1
771, 0.3
772, 0.2
773, 0.1
774, 0.0
775, 0.0
776, 0.2
777, 0.0
778, -0.3
779, -0.1
780, -0.1
781, -0.1
782, 0.0
783, -0.2
784, 0.3
785, 0.1
786, -0.2
787, 0.0
788, -0.3
789, 0.2
790, 0.0
791, 0.1
792, 0.3
793, 0.0
794, 0.2
795, -0.3
796, 0.2
797, 0.2
798, 0.2
799, 0.2
800, -0.1
801, -0.2
802, -0.1
803, 0.3
804, 0.0
805, -0.1
806, -0.1
807, 0.2
808, 0.3
809, 0.2
810, -0.2
811, 0.2
812, 0.4
813, -0.1
814, 0.1
815, -0.2
816, 0.0
817, 0.2
818, 0.0
819, -0.1
820, -0.2
821, -0.2
822, -0.1
823, -0.3
824, -0.1
825, 0.2
826, -0.1
827, 0.0
828, 0.1
829, -0.2
830, 0.4
831, -0.3
832, 0.0
833, 0.3
834, 0.2
835, -0.1
836, -0.1
837, 0.2
838, 0.0
839, 0.2
840, -0.2
841, -0.2
842, 0.0
843, 0.3
844, 0.0
845, 0.1
846, 0.1
847, 0.2
848, -0.2
849, 0.1
850, -0.1
851, 0.1
852, -0.2
853, 0.3
854, 0.1
855, 0.2
856, 0.2
857, -0.1
858, -0.2
859, 0.1
860, 0.2
861, 0.0
862, 0.2
863, -0.3
864, 0.0
865, 0.2
866, 0.1
867, 0.2
868, 0.3
869, -0.5
870, -0.1
871, 0.2
872, 0.1
873, 0.0
874, -0.1
875, 0.0
876, -0.2
877, 0.2
878, 0.1
879, 0.0
880, -0.2
881, 0.3
882, 0.0
883, 0.0
884, 0.0
885, 0.1
886, 0.0
887, 0.1
888, 0.0
889, -0.2
890, 0.2
891, 0.2
892, -0.1
893, 0.1
894, -0.2
895, 0.0
896, 0.0
897, -0.1
898, -0.1
899, 0.0
900, -0.4
901, 0.0
902, -0.2
903, 0.4
904, -0.1
905, -0.1
906, 0.0
907, 0.1
908, 0.1
909, -0.1
910, 0.4
911, -0.2
912, 0.0
913, -0.3
914, -0.3
915, -0.1
916, 0.0
917, 0.2
918, 0.2
919, -0.2
920, -0.2
921, 0.1
922, 0.1
923, -0.3
924, -0.1
925, 0.0
926, 0.0
927, 0.2
928, 0.2
929, 0.0
930, 0.0
931, -0.1
932, 0.1
933, -0.2
934, 0.1
935, 0.2
936, -0.3
937, 0.2
938, 0.0
939, 0.2
940, 0.3
941, -0.1
942, -0.1
943, -0.3
944, -0.1
945, -0.1
946, 0.0
947, 0.1
948, 0.0
949, 0.4
950, -0.1
951, -0.1
952, 0.1
953, 0.0
954, 0.0
955, 0.4
956, 0.2
957, 0.0
958, 0.0
959, -0.2
960, 0.3
961, -0.3
962, 0.1
963, 0.0
964, 0.2
965, 0.3
966, 0.1
967, 0.2
968, -0.2
969, 0.0
970, -0.1
971, -0.1
972, -0.1
973, -0.1
974, -0.2
975, -0.1
976, 0.3
977, -0.1
978, -0.1
979, -0.1
980, 0.0
981, 0.1
982, 0.2
983, 0.0
984, 0.0
985, 0.1
986, 0.0
987, 0.1
988, -0.4
989, 0.0
990, -0.1
991, -0.3
992, 0.2
993, 0.2
994, 0.2
995, -0.2
996, 0.2
997, -0.1
998, -0.3
999, 0.0
1000, -0.4
1001, 0.2
1002, 0.0
1003, 0.1
1004, -0.4
1005, -0.1
1006, 0.2
1007, -0.1
1008, -0.3
1009, 0.0
1010, 0.3
1011, 0.2
1012, 0.0
1013, -0.8
1014, 0.1
1015, 0.4
1016, 0.3
1017, 0.0
1018, 0.1
1019, 0.2
1020, 0.3
1021, -0.3
1022, -0.3
1023, 0.3
1024, -0.3
1025, -0.2
1026, -0.2
1027, 0.2
1028, -0.1
1029, 0.0
1030, 0.1
1031, 0.0
1032, 0.2
1033, -0.2
1034, 0.1
1035, 0.3
1036, 0.2
1037, 0.1
1038, 0.2
1039, 0.2
1040, 0.2
1041, 0.1
1042, 0.1
1043, -0.3
1044, 0.1
1045, 0.1
1046, 0.0
1047, -0.4
1048, 0.0
1049, -0.3
1050, 0.0
1051, 0.2
1052, 0.1
1053, -0.1
1054, 0.1
1055, -0.2
1056, -0.1
1057, -0.2
1058, -0.6
1059, -0.4
1060, 0.2
1061, 0.2
1062, -0.1
1063, -0.1
1064, -0.4
1065, 0.0
1066, -0.1
1067, 0.3
1068, 0.2
1069, -0.1
1070, 0.0
1071, -0.2
1072, 0.1
1073, -0.2
1074, 0.3
1075, 0.0
1076, -0.3
1077, 0.0
1078, 0.0
1079, 0.1
1080, -0.1
1081, 0.1
1082, -0.2
1083, 0.3
1084, 0.3
1085, 0.1
1086, 0.0
1087, -0.3
1088, 0.4
1089, -0.3
1090, -0.2
1091, 0.2
1092, -0.1
1093, -0.2
1094, -0.2
1095, -0.3
1096, 0.1
1097, -0.5
1098, 0.0
1099, 0.3
1100, 0.0
1101, 0.0
1102, -0.2
1103, 0.1
1104, 0.0
1105, 0.1
1106, -0.2
1107, 0.0
1108, -0.2
1109, 0.1
1110, 0.3
1111, 0.4
1112, 0.0
1113, -0.2
1114, 0.2
1115, 0.3
1116, 0.1
1117, 0.2
1118, -0.3
1119, 0.1
1120, -0.2
1121, -0.2
1122, -0.5
1123, 0.0
1124, 0.1
1125, -0.2
1126, 0.1
1127, -0.1
1128, 0.3
1129, -0.2
1130, -0.1
1131, -0.1
1132, 0.0
1133, 0.3
1134, 0.1
1135, -0.1
1136, -0.1
1137, 0.1
1138, 0.2
1139, 0.2
1140, 0.3
1141, 0.2
1142, 0.1
1143, 0.0
1144, 0.2
1145, 0.1
1146, 0.1
1147, -0.6
1148, -0.4
1149, 0.2
1150, 0.0
1151, -0.3
1152, -0.1
1153, -0.4
1154, -0.1
1155, 0.0
1156, 0.1
1157, -0.1
1158, 0.2
1159, 0.0
1160, 0.1
1161, -0.1
1162, -0.5
1163, -0.4
1164, 0.2
1165, 0.2
1166, -0.4
1167, 0.0
1168, -0.1
1169, -0.1
1170, 0.0
1171, -0.1
1172, -0.1
1173, 0.1
1174, -0.1
1175, 0.1
1176, -0.1
1177, 0.0
1178, 0.4
1179, 0.2
1180, -0.3
1181, 0.2
1182, 0.3
1183, 0.1
1184, 0.1
1185, 0.1
1186, -0.4
1187, 0.5
1188, -0.2
1189, -0.2
1190, 0.3
1191, -0.2
1192, -0.1
1193, -0.1
1194, 0.1
1195, -0.2
1196, -0.5
1197, -0.1
1198, 0.1
1199, 0.2
1200, 0.3
1201, -0.2
1202, -0.2
1203, -0.2
1204, -0.4
1205, -0.3
1206, 0.4
1207, -0.1
1208, 0.1
1209, -0.4
1210, 0.0
1211, 0.3
1212, 0.1
1213, 0.2
1214, 0.2
1215, -0.1
1216, -0.2
1217, -0.3
1218, 0.3
1219, 0.2
1220, -0.4
1221, -0.2
1222, 0.2
1223, 0.2
1224, 0.3
1225, 0.1
1226, -0.3
1227, 0.2
1228, 0.3
1229, 0.5
1230, -0.3
1231, 0.2
1232, 0.1
1233, 0.1
1234, 0.1
1235, -0.1
1236, 0.2
1237, 0.1
1238, -0.4
1239, 0.0
1240, 0.3
1241, -0.2
1242, 0.1
1243, -0.2
1244, 0.2
1245, -0.2
1246, -0.2
1247, 0.4
1248, 0.1
1249, 0.2
1250, -0.3
1251, -0.1
1252, 0.1
1253, 0.1
1254, -0.2
1255, 0.1
1256, -0.2
1257, 0.1
1258, -0.3
1259, 0.0
1260, 0.2
1261, -0.3
1262, 0.0
1263, 0.3
1264, 0.3
1265, 0.2
1266, 0.3
1267, 0.3
1268, 0.1
1269, 0.1
1270, 0.0
1271, 0.1
1272, 0.1
1273, 0.5
1274, -0.1
1275, 0.3
1276, 0.1
1277, 0.1
1278, 0.0
1279, 0.2
1280, 0.2
1281, 0.3
1282, 0.1
1283, -0.4
1284, 0.0
1285, -0.2
1286, 0.3
1287, -0.3
1288, -0.3
1289, 0.0
1290, 0.0
1291, 0.2
1292, -0.2
1293, -0.1
1294, 0.0
1295, 0.0
1296, 0.2
1297, -0.2
1298, 0.2
1299, 0.2
1300, 0.2
1301, 0.4
1302, -0.4
1303, -0.4
1304, 0.0
1305, -0.1
1306, -0.1
1307, -0.1
1308, 0.1
1309, -0.1
1310, -0.4
1311, -0.1
1312, 0.2
1313, -0.3
1314, 0.1
1315, -0.1
1316, -0.5
1317, 0.4
1318, -0.4
1319, 0.0
1320, 0.2
1321, -0.1
1322, 0.0
1323, 0.2
1324, 0.0
1325, -0.4
1326, -0.1
1327, 0.0
1328, 0.1
1329, 0.1
1330, -0.5
1331, 0.0
1332, -0.2
1333, 0.4
1334, 0.2
1335, 0.1
1336, 0.0
1337, 0.1
1338, 0.0
1339, 0.1
1340, 0.1
1341, 0.0
1342, 0.1
1343, -0.2
1344, 0.0
1345, -0.1
1346, 0.1
1347, 0.5
1348, -0.2
1349, -0.1
1350, -0.4
1351, 0.1
1352, -0.2
1353, -0.4
1354, 0.0
1355, -0.1
1356, -0.2
1357, -0.3
1358, -0.1
1359, -0.1
1360, 0.1
1361, 0.1
1362, -0.2
1363, -0.6
1364, 0.1
1365, 0.0
1366, -0.2
1367, 0.0
1368, 0.3
1369, 0.0
1370, 0.0
1371, 0.3
1372, 0.2
1373, 0.1
1374, 0.2
1375, 0.0
1376, 0.2
1377, -0.4
1378, -0.4
1379, -0.5
1380, 0.3
1381, -0.3
1382, 0.0
1383, 0.4
1384, 0.0
1385, 0.1
1386, -0.3
1387, 0.0
1388, 0.2
1389, -0.3
1390, 0.2
1391, 0.0
1392, 0.0
1393, 0.1
1394, 0.1
1395, -0.3
1396, 0.1
1397, 0.2
1398, -0.1
1399, -0.3
1400, 0.0
1401, 0.0
1402, -0.2
1403, -0.2
1404, -0.1
1405, -0.1
1406, -0.1
1407, 0.2
1408, -0.1
1409, -0.2
1410, 0.3
1411, -0.1
1412, -0.2
1413, 0.3
1414, -0.1
1415, 0.0
1416, -0.5
1417, 0.0
1418, -0.6
1419, -0.1
1420, -0.2
1421, 0.2
1422, -0.4
1423, -0.2
1424, 0.0
1425, -0.4
1426, 0.0
1427, -0.4
1428, 0.3
1429, 0.1
1430, 0.2
1431, -0.2
1432, -0.4
1433, 0.1
1434, -0.1
1435, 0.2
1436, 0.0
1437, -0.2
1438, -0.2
1439, -0.1
1440, -0.1
1441, 0.0
1442, -0.3
1443, 0.2
1444, 0.5
1445, -0.1
1446, 0.5
1447, -0.1
1448, 0.0
1449, -0.2
1450, 0.3
1451, -0.2
1452, -0.3
1453, -0.1
1454, 0.0
1455, -0.3
1456, -0.2
1457, -0.2
1458, 0.1
1459, 0.2
1460, -0.1
1461, 0.2
1462, 0.4
1463, 0.4
1464, 0.3
1465, 0.0
1466, -0.3
1467, 0.2
1468, 0.2
1469, 0.0
1470, 0.1
1471, -0.4
1472, 0.1
1473, 0.0
1474, 0.4
1475, -0.1
1476, 0.4
1477, 0.3
1478, -0.1
1479, -0.2
1480, 0.0
1481, -0.1
1482, 0.0
1483, -0.2
1484, -0.2
1485, -0.1
1486, 0.0
1487, -0.5
1488, 0.0
1489, 0.0
1490, -0.1
1491, -0.1
1492, -0.1
1493, 0.2
1494, -0.1
1495, -0.1
1496, -0.1
1497, -0.2
1498, -0.4
1499, 0.4
1500, 0.3
1501, -0.2
1502, -0.3
1503, 0.4
1504, -0.1
1505, -0.1
1506, 0.0
1507, 0.0
1508, -0.1
1509, 0.0
1510, -0.1
1511, 0.1
1512, 0.3
1513, 0.1
1514, 0.3
1515, 0.3
1516, 0.2
1517, 0.4
1518, -0.2
1519, 0.2
1520, 0.0
1521, -0.1
1522, 0.1
1523, -0.5
1524, 0.2
1525, -0.1
1526, -0.2
1527, 0.2
1528, 0.1
1529, 0.1
1530, 0.0
1531, 0.2
1532, 0.1
1533, -0.1
1534, 0.3
1535, 0.2
1536, 0.4
1537, -0.3
1538, -0.2
1539, -0.2
1540, -0.2
1541, 0.1
1542, 0.3
1543, 0.0
1544, -0.2
1545, -0.5
1546, -0.1
1547, 0.3
1548, 0.0
1549, 0.2
1550, -0.3
1551, -0.4
1552, -0.5
1553, 0.0
1554, 0.2
1555, -0.3
1556, -0.1
1557, -0.1
1558, 0.2
1559, 0.3
1560, 0.3
1561, -0.1
1562, 0.1
1563, -0.5
1564, -0.1
1565, 0.1
1566, 0.0
1567, 0.0
1568, 0.1
1569, -0.2
1570, -0.2
1571, 0.0
1572, -0.2
1573, 0.0
1574, 0.1
1575, 0.3
1576, -0.1
1577, 0.0
1578, -0.1
1579, -0.1
1580, -0.2
1581, 0.0
1582, -0.1
1583, 0.0
1584, 0.0
1585, 0.2
1586, -0.1
1587, -0.1
1588, 0.0
1589, -0.2
1590, -0.1
1591, 0.0
1592, -0.1
1593, -0.2
1594, -0.4
1595, -0.1
1596, -0.1
1597, 0.0
1598, 0.4
1599, 0.0
1600, 0.2
1601, -0.1
1602, 0.4
1603, 0.2
1604, 0.0
1605, 0.0
1606, 0.0
1607, 0.0
1608, -0.1
1609, 0.2
1610, -0.1
1611, -0.3
1612, 0.0
1613, 0.0
1614, 0.0
1615, -0.1
1616, 0.2
1617, 0.2
1618, -0.3
1619, -0.5
1620, -0.6
1621, -0.1
1622, -0.2
1623, -0.5
1624, 0.3
1625, 0.0
1626, 0.4
1627, 0.3
1628, 0.3
1629, -0.4
1630, -0.1
1631, 0.1
1632, -0.1
1633, -0.4
1634, -0.2
1635, 0.2
1636, 0.3
1637, -0.1
1638, 0.0
1639, -0.1
1640, 0.1
1641, 0.0
1642, 0.0
1643, -0.1
1644, 0.5
1645, 0.0
1646, -0.1
1647, -0.2
1648, -0.2
1649, 0.1
1650, -0.2
1651, 0.0
1652, 0.5
1653, 0.1
1654, 0.1
1655, 0.2
1656, 0.0
1657, 0.0
1658, 0.0
1659, -0.2
1660, -0.1
1661, 0.2
1662, -0.2
1663, 0.2
1664, 0.1
1665, -0.3
1666, 0.0
1667, 0.0
1668, -0.1
1669, 0.2
1670, -0.4
1671, 0.1
1672, 0.2
1673, -0.2
1674, 0.0
1675, 0.5
1676, 0.3
1677, 0.3
1678, 0.0
1679, 0.0
1680, 0.0
1681, -0.2
1682, 0.0
1683, 0.7
1684, 0.1
1685, 0.2
1686, 0.0
1687, 0.1
1688, 0.1
1689, 0.0
1690, -0.2
1691, -0.3
1692, -0.1
1693, 0.0
1694, 0.1
1695, 0.1
1696, 0.0
1697, 0.0
1698, 0.1
1699, -0.2
1700, 0.2
1701, 0.2
1702, -0.1
1703, -0.3
1704, 0.0
1705, -0.2
1706, -0.1
1707, 0.3
1708, 0.1
1709, 0.1
1710, 0.2
1711, 0.0
1712, 0.0
1713, -0.1
1714, 0.1
1715, -0.1
1716, -0.2
1717, 0.1
1718, 0.2
1719, -0.3
1720, 0.0
1721, 0.2
1722, -0.2
1723, 0.2
1724, 0.0
1725, 0.3
1726, 0.2
1727, -0.2
1728, -0.2
1729, -0.1
1730, 0.1
1731, 0.4
1732, -0.3
1733, 0.1
1734, -0.4
1735, -0.2
1736, 0.0
1737, -0.5
1738, 0.4
1739, -0.2
1740, -0.2
1741, 0.1
1742, -0.1
1743, -0.1
1744, -0.2
1745, -0.1
1746, 0.0
1747, 0.0
1748, -0.6
1749, 0.2
1750, -0.1
1751, 0.5
1752, -0.3
1753, -0.5
1754, 0.3
1755, 0.2
1756, 0.0
1757, 0.0
1758, 0.0
1759, -0.1
1760, 0.0
1761, -0.4
1762, 0.0
1763, 0.0
1764, 0.3
1765, -0.6
1766, 0.1
1767, 0.1
1768, 0.1
1769, 0.3
1770, 0.0
1771, 0.2
1772, -0.1
1773, -0.2
1774, 0.2
1775, 0.2
1776, -0.3
1777, 0.1
1778, -0.1
1779, -0.4
1780, -0.2
1781, 0.1
1782, 0.1
1783, -0.1
1784, -0.2
1785, 0.0
1786, 0.2
1787, -0.2
1788, 0.2
1789, 0.0
1790, -0.1
1791, 0.0
1792, -0.1
1793, -0.1
1794, 0.1
1795, 0.0
1796, -0.5
1797, -0.3
1798, 0.2
1799, 0.2
1800, 0.1
1801, -0.1
1802, 0.1
1803, 0.4
1804, -0.3
1805, 0.1
1806, 0.0
1807, 0.1
1808, 0.2
1809, 0.4
1810, 0.1
1811, 0.0
1812, 0.3
1813, 0.1
1814, 0.1
1815, 0.1
1816, 0.0
1817, 0.0
1818, 0.3
1819, 0.0
1820, 0.0
1821, -0.2
1822, -0.2
1823, -0.6
1824, 0.1
1825, 0.4
1826, -0.6
1827, 0.1
1828, 0.1
1829, 0.3
1830, -0.3
1831, -0.1
1832, 0.0
1833, -0.7
1834, -0.3
1835, 0.0
1836, -0.2
1837, -0.1
1838, -0.1
1839, 0.1
1840, -0.4
1841, 0.0
1842, -0.2
1843, -0.2
1844, 0.1
1845, 0.3
1846, 0.1
1847, 0.0
1848, 0.2
1849, 0.3
1850, -0.1
1851, -0.4
1852, -0.1
1853, 0.3
1854, -0.3
1855, 0.2
1856, -0.1
1857, 0.3
1858, -0.5
1859, -0.3
1860, 0.4
1861, -0.4
1862, 0.3
1863, 0.1
1864, -0.1
1865, -0.2
1866, -0.2
1867, -0.1
1868, 0.1
1869, -0.3
1870, 0.1
1871, -0.2
1872, 0.1
1873, 0.4
1874, 0.3
1875, 0.3
1876, 0.1
1877, 0.0
1878, -0.2
1879, 0.4
1880, -0.2
1881, 0.0
1882, 0.3
1883, 0.1
1884, -0.1
1885, 0.1
1886, 0.4
1887, -0.4
1888, 0.2
1889, -0.1
1890, 0.2
1891, 0.1
1892, -0.1
1893, 0.1
1894, -0.3
1895, -0.2
1896, 0.1
1897, 0.0
1898, 0.0
1899, -0.1
1900, 0.0
1901, 0.0
1902, -0.3
1903, -0.3
1904, 0.0
1905, 0.2
1906, 0.4
1907, 0.2
1908, 0.3
1909, 0.1
1910, -0.2
1911, 0.2
1912, 0.3
1913, -0.2
1914, 0.1
1915, 0.1
1916, -0.3
1917, 0.0
1918, -0.2
1919, -0.3
1920, 0.3
1921, -0.3
1922, 0.0
1923, -0.2
1924, 0.0
1925, -0.3
1926, 0.0
1927, -0.1
1928, 0.0
1929, 0.0
1930, 0.0
1931, 0.1
1932, 0.3
1933, -0.1
1934, 0.1
1935, 0.0
1936, 0.2
1937, -0.1
1938, 0.0
1939, 0.0
1940, 0.1
1941, -0.2
1942, -0.3
1943, 0.1
1944, 0.0
1945, 0.0
1946, -0.1
1947, 0.0
1948, 0.5
1949, 0.2
1950, 0.0
1951, 0.0
1952, 0.1
1953, -0.3
1954, -0.2
1955, 0.0
1956, 0.0
1957, 0.3
1958, 0.4
1959, 0.0
1960, 0.1
1961, -0.2
1962, 0.2
1963, 0.1
1964, 0.1
1965, -0.2
1966, -0.1
1967, -0.1
1968, 0.3
1969, -0.1
1970, 0.2
1971, -0.4
1972, 0.0
1973, -0.1
1974, -0.3
1975, 0.0
1976, 0.2
1977, -0.1
1978, 0.1
1979, 0.0
1980, -0.2
1981, 0.0
1982, -0.2
1983, -0.1
1984, -0.1
1985, -0.2
1986, -0.4
1987, 0.0
1988, 0.0
1989, 0.5
1990, 0.2
1991, 0.0
1992, -0.1
1993, -0.3
1994, -0.4
1995, -0.7
1996, -0.1
1997, -0.1
1998, 0.2
1999, -0.2
2000, 0.0
2001, -0.1
2002, -0.2
2003, 0.0
2004, 0.2
2005, 0.2
2006, -0.5
2007, 0.1
2008, 0.2
2009, -0.1
2010, 0.4
2011, -0.2
2012, 0.4
2013, -0.3
2014, 0.0
2015, -0.1
2016, 0.0
2017, -0.3
2018, 0.0
2019, 0.2
2020, 0.4
2021, 0.1
2022, -0.3
2023, 0.3
2024, 0.0
2025, -0.1
2026, -0.1
2027, -0.2
2028, 0.1
2029, 0.1
2030, 0.1
2031, 0.2
2032, 0.2
2033, 0.0
2034, 0.3
2035, -0.1
2036, 0.3
2037, 0.0
2038, 0.2
2039, -0.3
2040, 0.0
2041, 0.0
2042, -0.3
2043, 0.4
2044, -0.1
2045, -0.1
2046, 0.0
2047, 0.2
2048, 0.0
2049, -0.6
2050, -0.2
2051, 0.1
2052, 0.0
2053, 0.2
2054, 0.3
2055, -0.3
2056, 0.2
2057, -0.2
2058, 0.5
2059, 0.1
2060, 0.1
2061, -0.1
2062, 0.2
2063, 0.1
2064, 0.1
2065, 0.1
2066, 0.0
2067, -0.2
2068, -0.1
2069, 0.1
2070, 0.1
2071, 0.4
2072, -0.7
2073, 0.1
2074, 0.2
2075, 0.4
2076, -0.4
2077, 0.0
2078, 0.3
2079, -0.6
2080, 0.1
2081, -0.2
2082, -0.3
2083, 0.0
2084, 0.3
2085, -0.5
2086, 0.1
2087, 0.2
2088, 0.1
2089, 0.2
2090, -0.1
2091, -0.3
2092, 0.0
2093, -0.4
2094, -0.2
2095, 0.1
2096, 0.2
2097, -0.1
2098, 0.1
2099, 0.2
2100, -0.1
2101, -0.1
2102, 0.3
2103, -0.3
2104, 0.1
2105, 0.0
2106, 0.0
2107, 0.2
2108, -0.2
2109, 0.2
2110, 0.2
2111, -0.3
2112, 0.2
2113, 0.1
2114, 0.0
2115, 0.1
2116, 0.1
2117, -0.3
2118, -0.4
2119, 0.1
2120, 0.3
2121, -0.2
2122, -0.1
2123, 0.0
2124, 0.2
2125, -0.2
2126, -0.1
2127, -0.1
2128, 0.3
2129, -0.3
2130, -0.4
2131, 0.1
2132, 0.5
2133, -0.1
2134, -0.3
2135, 0.0
2136, 0.0
2137, 0.2
2138, -0.6
2139, 0.1
2140, -0.6
2141, 0.1
2142, -0.1
2143, 0.0
2144, 0.0
2145, 0.1
2146, 0.3
2147, -0.2
2148, -0.2
2149, 0.2
2150, 0.1
2151, 0.0
2152, 0.0
2153, -0.3
2154, -0.1
2155, -0.4
2156, 0.0
2157, 0.2
2158, 0.0
2159, -0.3
2160, -0.4
2161, -0.4
2162, 0.1
2163, -0.4
2164, -0.1
2165, -0.2
2166, 0.0
2167, -0.2
2168, -0.1
2169, -0.3
2170, 0.3
2171, -0.6
2172, -0.1
2173, 0.0
2174, 0.2
2175, 0.3
2176, 0.0
2177, 0.0
2178, 0.1
2179, 0.2
2180, -0.3
2181, 0.3
2182, -0.3
2183, 0.0
2184, -0.1
2185, -0.4
2186, 0.2
2187, 0.1
2188, 0.3
2189, 0.1
2190, 0.0
2191, 0.2
2192, 0.1
2193, 0.2
2194, 0.1
2195, 0.1
2196, 0.1
2197, -0.3
2198, 0.3
2199, -0.5
2200, -0.3
2201, -0.1
2202, -0.1
2203, 0.1
2204, -0.3
2205, -0.1
2206, 0.1
2207, 0.0
2208, -0.2
2209, 0.1
2210, 0.2
2211, 0.0
2212, -0.3
2213, 0.3
2214, 0.0
2215, 0.2
2216, 0.3
2217, 0.0
2218, 0.0
2219, 0.3
2220, 0.2
2221, 0.2
2222, 0.0
2223, 0.1
2224, 0.0
2225, 0.3
2226, 0.0
2227, 0.0
2228, -0.3
2229, -0.1
2230, -0.2
2231, 0.0
2232, 0.0
2233, 0.1
2234, 0.4
2235, 0.0
2236, 0.1
2237, 0.2
2238, 0.0
2239, -0.2
2240, 0.3
2241, 0.1
2242, -0.2
2243, 0.1
2244, 0.0
2245, 0.3
2246, -0.1
2247, 0.3
2248, 0.3
2249, 0.2
2250, -0.2
2251, 0.0
2252, 0.0
2253, 0.4
2254, -0.4
2255, 0.3
2256, 0.0
2257, -0.3
2258, 0.0
2259, 0.2
2260, 0.1
2261, 0.4
2262, 0.4
2263, -0.1
2264, -0.4
2265, 0.4
2266, -0.2
2267, 0.1
2268, 0.4
2269, 0.3
2270, -0.2
2271, 0.3
2272, 0.3
2273, 0.0
2274, 0.0
2275, 0.1
2276, -0.1
2277, 0.1
2278, -0.2
2279, -0.1
2280, -0.1
2281, -0.1
2282, 0.0
2283, -0.2
2284, 0.2
2285, 0.0
2286, -0.1
2287, 0.0
2288, -0.2
2289, 0.0
2290, -0.2
2291, 0.3
2292, 0.4
2293, 0.0
2294, 0.1
2295, 0.0
2296, -0.3
2297, 0.0
2298, -0.5
2299, 0.2
2300, -0.3
2301, 0.1
2302, -0.2
2303, -0.3
2304, 0.2
2305, -0.1
2306, 0.0
2307, 0.3
2308, 0.2
2309, 0.0
2310, -0.1
2311, 0.1
2312, -0.3
2313, -0.2
2314, 0.3
2315, -0.3
2316, -0.2
2317, 0.0
2318, 0.3
2319, 0.0
2320, 0.0
2321, -0.2
2322, 0.3
2323, 0.1
2324, 0.3
2325, 0.0
2326, -0.2
2327, 0.2
2328, 0.2
2329, 0.0
2330, 0.3
2331, 0.1
2332, -0.4
2333, 0.0
2334, -0.1
2335, -0.2
2336, 0.1
2337, -0.3
2338, 0.0
2339, 0.3
2340, -0.1
2341, -0.1
2342, 0.2
2343, 0.1
2344, 0.2
2345, 0.1
2346, 0.2
2347, 0.0
2348, 0.3
2349, 0.4
2350, -0.4
2351, 0.5
2352, 0.2
2353, -0.1
2354, 0.1
2355, -0.2
2356, 0.1
2357, 0.2
2358, -0.2
2359, 0.1
2360, -0.1
2361, -0.3
2362, -0.2
2363, -0.3
2364, 0.1
2365, 0.0
2366, -0.3
2367, 0.1
2368, -0.2
2369, 0.0
2370, -0.2
2371, 0.2
2372, 0.5
2373, -0.3
2374, 0.2
2375, -0.4
2376, -0.3
2377, -0.2
2378, -0.3
2379, 0.0
2380, -0.1
2381, 0.0
2382, -0.1
2383, 0.1
2384, 0.0
2385, -0.4
2386, -0.4
2387, 0.0
2388, 0.1
2389, -0.2
2390, 0.2
2391, 0.2
2392, -0.1
2393, 0.0
2394, 0.2
2395, -0.2
2396, 0.1
2397, -0.3
2398, -0.3
2399, 0.0
2400, 0.0
2401, -0.1
2402, 0.1
2403, 0.0
2404, 0.1
2405, -0.4
2406, -0.4
2407, 0.2
2408, 0.2
2409, -0.3
2410, 0.0
2411, 0.0
2412, -0.2
2413, -0.2
2414, 0.4
2415, 0.0
2416, 0.2
2417, -0.3
2418, 0.4
2419, 0.4
2420, 0.1
2421, 0.1
2422, 0.0
2423, -0.1
2424, -0.1
2425, -0.5
2426, 0.4
2427, 0.1
2428, 0.3
2429, 0.3
2430, -0.3
2431, 0.1
2432, 0.0
2433, -0.1
2434, -0.2
2435, 0.0
2436, 0.3
2437, -0.1
2438, 0.3
2439, 0.0
2440, 0.0
2441, -0.1
2442, -0.5
2443, 0.3
2444, -0.1
2445, 0.4
2446, 0.1
2447, -0.3
2448, 0.0
2449, -0.3
2450, -0.2
2451, -0.2
2452, -0.2
2453, 0.2
2454, 0.0
2455, 0.1
2456, 0.0
2457, 0.3
2458, -0.2
2459, 0.3
2460, -0.1
2461, -0.1
2462, 0.2
2463, -0.2
2464, 0.1
2465, 0.3
2466, 0.2
2467, 0.2
2468, 0.4
2469, 0.0
2470, -0.3
2471, -0.2
2472, -0.2
2473, -0.2
2474, -0.2
2475, -0.3
2476, 0.2
2477, -0.1
2478, 0.2
2479, 0.2
2480, -0.2
2481, 0.0
2482, 0.1
2483, 0.1
2484, 0.0
2485, 0.0
2486, 0.0
2487, 0.2
2488, 0.2
2489, 0.0
2490, -0.3
2491, 0.1
2492, 0.1
2493, 0.2
2494, -0.1
2495, 0.3
2496, 0.1
2497, 0.3
2498, 0.3
2499, -0.1
2500, -0.3
2501, 0.0
2502, -0.1
2503, 0.1
2504, 0.0
2505, 0.2
2506, -0.1
2507, -0.2
2508, 0.0
2509, -0.1
2510, 0.3
2511, 0.2
2512, 0.5
2513, -0.2
2514, 0.0
2515, 0.1
2516, -0.1
2517, 0.0
2518, -0.4
2519, -0.1
2520, 0.0
2521, 0.3
2522, -0.1
2523, -0.4
2524, -0.2
2525, 0.2
2526, -0.3
2527, -0.4
2528, 0.0
2529, -0.1
2530, -0.2
2531, -0.5
2532, 0.0
2533, 0.3
2534, 0.1
2535, 0.0
2536, -0.1
2537, -0.5
2538, 0.2
2539, -0.2
2540, 0.0
2541, -0.1
2542, 0.0
2543, 0.2
2544, 0.3
2545, -0.3
2546, 0.2
2547, -0.3
2548, 0.0
2549, -0.3
2550, -0.1
2551, 0.3
2552, 0.0
2553, 0.1
2554, -0.3
2555, -0.1
2556, 0.3
2557, 0.1
2558, 0.2
2559, 0.0
2560, -0.3
2561, 0.3
2562, -0.3
2563, -0.1
2564, 0.1
2565, 0.0
2566, -0.3
2567, 0.4
2568, -0.2
2569, -0.6
2570, -0.2
2571, -0.2
2572, 0.0
2573, -0.1
2574, -0.2
2575, 0.1
2576, 0.1
2577, -0.2
2578, 0.1
2579, -0.1
2580, -0.2
2581, -0.1
2582, 0.1
2583, 0.1
2584, 0.2
2585, -0.2
2586, 0.2
2587, -0.2
2588, -0.3
2589, 0.2
2590, 0.0
2591, -0.4
2592, 0.0
2593, -0.4
2594, 0.0
2595, 0.2
2596, -0.1
2597, 0.3
2598, -0.2
2599, 0.0
2600, 0.4
2601, -0.3
2602, 0.2
2603, 0.2
2604, 0.4
2605, 0.0
2606, 0.2
2607, -0.1
2608, 0.0
2609, 0.2
2610, 0.0
2611, 0.2
2612, 0.4
2613, 0.3
2614, 0.1
2615, 0.3
2616, 0.4
2617, -0.1
2618, 0.0
2619, 0.0
2620, -0.3
2621, -0.4
2622, 0.3
2623, -0.2
2624, 0.3
2625, 0.2
2626, 0.1
2627, 0.0
2628, 0.3
2629, 0.1
2630, 0.2
2631, -0.2
2632, -0.1
2633, 0.5
2634, -0.2
2635, 0.0
2636, -0.3
2637, 0.5
2638, 0.5
2639, 0.2
2640, -0.1
2641, 0.4
2642, -0.2
2643, 0.0
2644, 0.0
2645, -0.2
2646, -0.4
2647, 0.0
2648, 0.1
2649, 0.0
2650, 0.2
2651, -0.1
2652, -0.1
2653, -0.2
2654, 0.0
2655, 0.0
2656, 0.0
2657, 0.3
2658, -0.3
2659, 0.2
2660, 0.0
2661, 0.3
2662, -0.2
2663, 0.0
2664, 0.0
2665, -0.3
2666, -0.2
2667, -0.2
2668, 0.0
2669, -0.2
2670, -0.1
2671, -0.1
2672, -0.2
2673, -0.1
2674, -0.1
2675, -0.2
2676, 0.2
2677, -0.2
2678, 0.1
2679, -0.1
2680, 0.4
2681, 0.3
2682, 0.2
2683, -0.3
2684, -0.1
2685, -0.2
2686, -0.2
2687, 0.3
2688, 0.1
2689, -0.4
2690, -0.2
2691, -0.4
2692, -0.6
2693, 0.0
2694, -0.1
2695, -0.1
2696, 0.1
2697, 0.2
2698, 0.0
2699, -0.3
2700, 0.0
2701, 0.1
2702, -0.1
2703, -0.5
2704, 0.3
2705, 0.3
2706, 0.3
2707, 0.0
2708, -0.1
2709, 0.2
2710, -0.1
2711, 0.1
2712, 0.1
2713, 0.0
2714, -0.2
2715, -0.5
2716, 0.1
2717, -0.2
2718, -0.1
2719, -0.1
2720, 0.2
2721, 0.0
2722, 0.0
2723, 0.3
2724, -0.1
2725, -0.4
2726, 0.1
2727, -0.1
2728, -0.5
2729, 0.2
2730, -0.3
2731, 0.0
2732, -0.1
2733, 0.1
2734, -0.1
2735, 0.1
2736, -0.2
2737, -0.1
2738, 0.0
2739, 0.1
2740, -0.2
2741, -0.2
2742, 0.4
2743, -0.4
2744, 0.3
2745, -0.3
2746, 0.1
2747, 0.2
2748, 0.0
2749, 0.1
2750, -0.1
2751, 0.1
2752, -0.2
2753, 0.4
2754, 0.1
2755, 0.2
2756, 0.2
2757, -0.3
2758, -0.1
2759, -0.1
2760, -0.3
2761, -0.3
2762, -0.1
2763, 0.1
2764, 0.1
2765, -0.3
2766, 0.1
2767, -0.3
2768, -0.2
2769, 0.1
2770, 0.1
2771, -0.4
2772, 0.0
2773, 0.2
2774, 0.1
2775, -0.5
2776, 0.0
2777, -0.5
2778, 0.5
2779, 0.5
2780, 0.0
2781, -0.2
2782, -0.1
2783, -0.1
2784, 0.0
2785, -0.1
2786, 0.3
2787, -0.1
2788, -0.1
2789, 0.3
2790, 0.0
2791, 0.0
2792, -0.2
2793, 0.0
2794, 0.2
2795, 0.2
2796, 0.0
2797, 0.0
2798, -0.1
2799, -0.2
2800, -0.2
2801, -0.2
2802, -0.2
2803, -0.2
2804, -0.1
2805, 0.2
2806, -0.2
2807, -0.1
2808, 0.5
2809, 0.2
2810, -0.2
2811, 0.2
2812, -0.2
2813, 0.2
2814, -0.4
2815, 0.2
2816, -0.3
2817, -0.1
2818, 0.1
2819, -0.2
2820, 0.0
2821, 0.0
2822, -0.2
2823, 0.3
2824, -0.3
2825, -0.4
2826, 0.2
2827, 0.5
2828, 0.1
2829, 0.1
2830, 0.1
2831, 0.3
2832, -0.3
2833, -0.2
2834, -0.3
2835, 0.2
2836, -0.1
2837, 0.1
2838, 0.4
2839, 0.3
2840, 0.0
2841, 0.0
2842, 0.3
2843, -0.2
2844, 0.0
2845, -0.2
2846, 0.4
2847, -0.4
2848, 0.0
2849, -0.1
2850, 0.2
2851, -0.3
2852, -0.5
2853, -0.5
2854, 0.3
2855, -0.1
2856, 0.3
2857, -0.1
2858, 0.2
2859, -0.2
2860, 0.1
2861, -0.5
2862, 0.4
2863, -0.2
2864, 0.0
2865, -0.1
2866, 0.3
2867, 0.1
2868, 0.2
2869, 0.1
2870, 0.3
2871, 0.3
2872, 0.3
2873, -0.1
2874, 0.1
2875, 0.4
2876, -0.2
2877, 0.0
2878, 0.0
2879, 0.2
2880, 0.5
2881, 0.0
2882, 0.2
2883, 0.0
2884, 0.2
2885, -0.6
2886, 0.4
2887, 0.2
2888, 0.0
2889, -0.3
2890, 0.0
2891, 0.1
2892, -0.2
2893, 0.2
2894, 0.3
2895, 0.5
2896, -0.1
2897, -0.2
2898, -0.2
2899, 0.0
2900, 0.2
2901, 0.2
2902, 0.1
2903, 0.1
2904, -0.2
2905, -0.1
2906, 0.2
2907, -0.2
2908, -0.4
2909, 0.2
2910, 0.0
2911, 0.1
2912, -0.3
2913, 0.4
2914, 0.2
2915, -0.1
2916, 0.3
2917, 0.0
2918, -0.1
2919, 0.4
2920, -0.5
2921, -0.2
2922, 0.3
2923, -0.1
2924, 0.4
2925, -0.4
2926, 0.0
2927, -0.2
2928, -0.1
2929, 0.2
2930, 0.2
2931, 0.1
2932, 0.0
2933, -0.3
2934, 0.3
2935, 0.1
2936, -0.1
2937, -0.1
2938, -0.1
2939, 0.3
2940, 0.1
2941, 0.0
2942, 0.1
2943, 0.1
2944, 0.0
2945, 0.0
2946, 0.1
2947, -0.3
2948, 0.3
2949, 0.3
2950, 0.0
2951, -0.2
2952, 0.0
2953, 0.1
2954, -0.1
2955, 0.1
2956, 0.0
2957, -0.6
2958, -0.2
2959, 0.0
2960, -0.4
2961, 0.2
2962, 0.4
2963, 0.2
2964, 0.1
2965, 0.3
2966, -0.2
2967, 0.0
2968, 0.0
2969, -0.1
2970, -0.1
2971, -0.1
2972, -0.2
2973, 0.2
2974, -0.1
2975, -0.2
2976, 0.3
2977, 0.5
2978, -0.1
2979, 0.4
2980, 0.2
2981, -0.1
2982, -0.1
2983, -0.1
2984, 0.1
2985, 0.1
2986, -0.2
2987, 0.1
2988, -0.2
2989, -0.3
2990, -0.2
2991, -0.3
2992, 0.0
2993, 0.4
2994, 0.2
2995, 0.3
2996, 0.0
2997, -0.1
2998, 0.0
2999, 0.0
3000, -0.3
3001, -0.2
3002, -0.2
3003, 0.1
3004, 0.1
3005, -0.1
3006, -0.3
3007, 0.3
3008, 0.0
3009, 0.1
3010, 0.0
3011, -0.5
3012, 0.2
3013, 0.1
3014, 0.1
3015, 0.3
3016, -0.1
3017, 0.3
3018, 0.0
3019, 0.0
3020, -0.1
3021, 0.1
3022, -0.1
3023, -0.1
3024, -0.3
3025, 0.0
3026, 0.0
3027, -0.1
3028, 0.0
3029, 0.2
3030, -0.1
3031, -0.1
3032, 0.1
3033, 0.0
3034, 0.0
3035, -0.1
3036, -0.2
3037, -0.1
3038, 0.5
3039, 0.2
3040, -0.3
3041, 0.1
3042, 0.3
3043, -0.6
3044, -0.4
3045, 0.2
3046, 0.0
3047, -0.6
3048, -0.3
3049, 0.3
3050, 0.2
3051, -0.1
3052, 0.0
3053, 0.3
3054, 0.3
3055, 0.2
3056, 0.3
3057, -0.2
3058, -0.1
3059, -0.2
3060, -0.1
3061, 0.1
3062, -0.3
3063, 0.1
3064, 0.3
3065, 0.1
3066, 0.2
3067, -0.1
3068, 0.3
3069, 0.3
3070, -0.1
3071, 0.1
3072, -0.1
3073, 0.0
3074, -0.1
3075, -0.1
3076, -0.2
3077, 0.2
3078, 0.0
3079, 0.0
3080, -0.2
3081, -0.3
3082, 0.4
3083, 0.4
3084, 0.1
3085, 0.5
3086, -0.1
3087, -0.4
3088, -0.1
3089, 0.2
3090, 0.3
3091, 0.4
3092, 0.1
3093, -0.1
3094, 0.0
3095, 0.1
3096, 0.3
3097, -0.2
3098, 0.0
3099, 0.0
3100, 0.1
3101, 0.4
3102, -0.2
3103, -0.2
3104, 0.3
3105, 0.3
3106, -0.4
3107, -0.1
3108, 0.1
3109, -0.3
3110, 0.2
3111, 0.0
3112, 0.1
3113, 0.0
3114, 0.4
3115, 0.1
3116, 0.2
3117, 0.1
3118, -0.1
3119, 0.1
3120, -0.1
3121, 0.1
3122, 0.1
3123, 0.1
3124, -0.3
3125, -0.1
3126, 0.0
3127, -0.2
3128, 0.0
3129, 0.2
3130, 0.0
3131, -0.3
3132, 0.0
3133, 0.0
3134, 0.0
3135, 0.4
3136, 0.0
3137, 0.2
3138, -0.1
3139, -0.4
3140, 0.2
3141, 0.1
3142, -0.1
3143, 0.1
3144, 0.0
3145, -0.1
3146, -0.2
3147, 0.0
3148, 0.1
3149, 0.1
3150, 0.4
3151, 0.1
3152, -0.2
3153, 0.0
3154, 0.2
3155, 0.0
3156, 0.3
3157, 0.1
3158, 0.3
3159, 0.1
3160, 0.0
3161, -0.1
3162, -0.2
3163, 0.0
3164, -0.2
3165, -0.1
3166, 0.1
3167, -0.5
3168, 0.1
3169, 0.3
3170, 0.2
3171, -0.1
3172, 0.1
3173, -0.3
3174, 0.4
3175, -0.1
3176, 0.4
3177, -0.1
3178, 0.2
3179, 0.0
3180, 0.3
3181, -0.3
3182, 0.1
3183, 0.3
3184, -0.2
3185, -0.1
3186, -0.4
3187, -0.3
3188, -0.1
3189, 0.1
3190, -0.3
3191, -0.1
3192, 0.3
3193, -0.4
3194, -0.1
3195, 0.1
3196, -0.3
3197, 0.2
3198, 0.2
3199, 0.2
3200, -0.1
3201, -0.3
3202, -0.5
3203, -0.1
3204, 0.3
3205, -0.3
3206, -0.1
3207, -0.1
3208, 0.2
3209, -0.1
3210, 0.1
3211, 0.2
3212, 0.0
3213, 0.0
3214, 0.0
3215, 0.3
3216, 0.2
3217, 0.1
3218, 0.2
3219, -0.1
3220, -0.1
3221, -0.4
3222, -0.1
3223, 0.0
3224, 0.0
3225, 0.2
3226, 0.1
3227, 0.1
3228, 0.1
3229, -0.1
3230, 0.2
3231, 0.3
3232, 0.0
3233, -0.1
3234, -0.1
3235, 0.1
3236, 0.5
3237, 0.2
3238, -0.3
3239, 0.3
3240, 0.0
3241, 0.0
3242, 0.0
3243, 0.1
3244, 0.2
3245, 0.1
3246, 0.1
3247, -0.2
3248, 0.3
3249, 0.2
3250, -0.2
3251, 0.4
3252, 0.0
3253, 0.3
3254, 0.1
3255, -0.1
3256, 0.3
3257, -0.3
3258, -0.3
3259, 0.1
3260, 0.0
3261, 0.1
3262, 0.0
3263, -0.2
3264, -0.1
3265, -0.8
3266, -0.2
3267, -0.1
3268, -0.1
3269, 0.2
3270, 0.3
3271, 0.3
3272, -0.3
3273, -0.2
3274, -0.1
3275, -0.2
3276, 0.0
3277, 0.3
3278, 0.5
3279, 0.3
3280, 0.1
3281, 0.0
3282, 0.1
3283, 0.0
3284, -0.1
3285, 0.5
3286, 0.0
3287, 0.2
3288, -0.4
3289, 0.3
3290, -0.2
3291, -0.1
3292, 0.0
3293, 0.0
3294, -0.4
3295, 0.0
3296, 0.1
3297, 0.1
3298, 0.3
3299, 0.3
3300, 0.0
3301, -0.1
3302, -0.1
3303, -0.3
3304, 0.0
3305, -0.3
3306, -0.2
3307, -0.1
3308, 0.0
3309, -0.2
3310, -0.4
3311, -0.1
3312, 0.3
3313, 0.4
3314, -0.1
3315, 0.4
3316, 0.0
3317, -0.2
3318, 0.0
3319, 0.0
3320, 0.4
3321, -0.1
3322, 0.1
3323, 0.0
3324, 0.3
3325, 0.0
3326, 0.4
3327, 0.4
3328, -0.3
3329, -0.4
3330, 0.1
3331, 0.5
3332, -0.1
3333, -0.4
3334, -0.3
3335, 0.1
3336, -0.2
3337, 0.1
3338, 0.1
3339, 0.1
3340, 0.0
3341, 0.5
3342, 0.0
3343, 0.1
3344, 0.1
3345, -0.1
3346, -0.1
3347, -0.3
3348, 0.1
3349, -0.6
3350, -0.3
3351, 0.1
3352, 0.3
3353, 0.1
3354, 0.2
3355, 0.3
3356, -0.5
3357, 0.2
3358, -0.2
3359, -0.1
3360, -0.2
3361, 0.1
3362, 0.5
3363, 0.0
3364, 0.2
3365, 0.1
3366, -0.2
3367, 0.1
3368, -0.1
3369, -0.3
3370, 0.0
3371, 0.1
3372, 0.4
3373, 0.2
3374, -0.1
3375, 0.1
3376, 0.2
3377, 0.5
3378, 0.1
3379, 0.0
3380, -0.1
3381, 0.0
3382, 0.2
3383, 0.3
3384, 0.3
3385, 0.3
3386, -0.3
3387, -0.3
3388, 0.1
3389, 0.0
3390, -0.2
3391, 0.1
3392, -0.1
3393, -0.1
3394, -0.2
3395, 0.3
3396, -0.1
3397, 0.0
3398, 0.0
3399, -0.2
3400, 0.0
3401, 0.3
3402, 0.0
3403, -0.1
3404, 0.1
3405, 0.3
3406, -0.3
3407, 0.1
3408, -0.2
3409, 0.0
3410, -0.1
3411, -0.2
3412, 0.0
3413, 0.0
3414, 0.4
3415, -0.2
3416, -0.1
3417, 0.4
3418, -0.1
3419, 0.0
3420, -0.3
3421, 0.0
3422, 0.2
3423, -0.5
3424, -0.1
3425, 0.0
3426, 0.1
3427, -0.1
3428, 0.0
3429, 0.1
3430, -0.3
3431, 0.0
3432, 0.4
3433, -0.3
3434, -0.1
3435, 0.3
3436, -0.1
3437, 0.0
3438, 0.1
3439, -0.1
3440, -0.1
3441, -0.2
3442, 0.2
3443, -0.1
3444, 0.0
3445, 0.2
3446, -0.4
3447, -0.1
3448, -0.3
3449, 0.1
3450, 0.2
3451, 0.4
3452, 0.1
3453, 0.4
3454, 0.0
3455, 0.1
3456, 0.1
3457, 0.1
3458, -0.1
3459, 0.1
3460, -0.3
3461, -0.2
3462, -0.1
3463, -0.2
3464, 0.0
3465, -0.1
3466, 0.4
3467, -0.2
3468, 0.2
3469, 0.2
3470, 0.1
3471, -0.3
3472, 0.1
3473, 0.0
3474, 0.1
3475, 0.3
3476, -0.1
3477, 0.2
3478, 0.1
3479, 0.1
3480, 0.0
3481, 0.3
3482, 0.3
3483, 0.3
3484, 0.1
3485, -0.1
3486, -0.2
3487, 0.1
3488, -0.1
3489, 0.0
3490, -0.2
3491, -0.1
3492, 0.3
3493, 0.2
3494, 0.1
3495, 0.2
3496, 0.0
3497, 0.3
3498, -0.3
3499, -0.3
3500, -0.3
3501, 0.0
3502, -0.1
3503, -0.1
3504, 0.0
3505, 0.1
3506, 0.2
3507, 0.0
3508, 0.0
3509, 0.0
3510, 0.4
3511, -0.2
3512, -0.1
3513, 0.3
3514, 0.1
3515, -0.2
3516, 0.1
3517, 0.3
3518, -0.1
3519, 0.3
3520, 0.5
3521, 0.0
3522, 0.0
3523, -0.1
3524, 0.1
3525, -0.1
3526, 0.0
3527, -0.1
3528, 0.5
3529, 0.1
3530, 0.0
3531, 0.2
3532, -0.3
3533, -0.1
3534, 0.1
3535, 0.2
3536, 0.0
3537, -0.2
3538, -0.1
3539, 0.0
3540, 0.3
3541, 0.1
3542, -0.2
3543, -0.3
3544, 0.2
3545, 0.0
3546, 0.1
3547, 0.0
3548, 0.2
3549, 0.3
3550, 0.2
3551, 0.3
3552, 0.2
3553, 0.3
3554, -0.4
3555, 0.1
3556, -0.1
3557, -0.3
3558, 0.2
3559, 0.0
3560, -0.3
3561, 0.2
3562, 0.0
3563, 0.4
3564, 0.3
3565, 0.0
3566, -0.3
3567, -0.3
3568, -0.2
3569, 0.2
3570, -0.5
3571, 0.3
3572, 0.3
3573, 0.0
3574, -0.3
3575, 0.2
3576, -0.1
3577, 0.1
3578, 0.2
3579, 0.4
3580, 0.5
3581, -0.4
3582, 0.1
3583, -0.1
3584, -0.1
3585, 0.1
3586, 0.1
3587, 0.1
3588, 0.3
3589, 0.3
3590, -0.2
3591, -0.2
3592, 0.0
3593, -0.1
3594, -0.3
3595, -0.3
3596, -0.1
3597, -0.1
3598, -0.2
3599, -0.1
3600, -0.1
3601, 0.0
3602, -0.3
3603, -0.4
3604, -0.3
3605, 0.3
3606, 0.2
3607, 0.2
3608, 0.1
3609, 0.0
3610, -0.1
3611, 0.1
3612, 0.0
3613, 0.0
3614, 0.2
3615, -0.1
3616, -0.1
3617, -0.2
3618, 0.0
3619, 0.2
3620, -0.2
3621, -0.3
3622, -0.3
3623, 0.0
3624, -0.1
3625, -0.4
3626, 0.1
3627, 0.0
3628, -0.7
3629, 0.1
3630, -0.3
3631, 0.1
3632, -0.2
3633, 0.2
3634, 0.0
3635, -0.3
3636, -0.1
3637, 0.3
3638, 0.1
3639, -0.1
3640, 0.1
3641, 0.0
3642, -0.4
3643, -0.1
3644, -0.5
3645, -0.2
3646, -0.1
3647, 0.1
3648, -0.1
3649, 0.0
3650, -0.1
3651, 0.0
3652, 0.2
3653, -0.3
3654, 0.0
3655, -0.1
3656, -0.2
3657, 0.1
3658, -0.1
3659, 0.0
3660, -0.1
3661, 0.1
3662, -0.1
3663, 0.1
3664, 0.2
3665, 0.2
3666, 0.3
3667, 0.2
3668, -0.2
3669, -0.4
3670, -0.1
3671, -0.1
3672, -0.2
3673, -0.2
3674, 0.2
3675, 0.2
3676, -0.2
3677, -0.3
3678, 0.3
3679, -0.1
3680, 0.1
3681, -0.1
3682, 0.2
3683, -0.2
3684, -0.2
3685, 0.1
3686, 0.2
3687, 0.3
3688, -0.1
3689, 0.0
3690, 0.2
3691, 0.0
3692, 0.2
3693, 0.1
3694, 0.0
3695, 0.1
3696, 0.2
3697, 0.3
3698, -0.9
3699, 0.2
3700, -0.1
3701, -0.4
3702, -0.2
3703, 0.1
3704, 0.3
3705, 0.0
3706, 0.0
3707, 0.0
3708, 0.0
3709, -0.5
3710, -0.2
3711, 0.0
3712, 0.1
3713, -0.5
3714, 0.0
3715, 0.0
3716, 0.1
3717, 0.1
3718, 0.2
3719, 0.1
3720, 0.0
3721, -0.1
3722, 0.3
3723, 0.3
3724, -0.1
3725, 0.0
3726, -0.3
3727, -0.5
3728, -0.1
3729, 0.2
3730, -0.3
3731, 0.2
3732, 0.3
3733, 0.1
3734, -0.4
3735, 0.0
3736, -0.2
3737, -0.1
3738, 0.4
3739, -0.4
3740, -0.1
3741, 0.0
3742, 0.1
3743, -0.3
3744, -0.1
3745, 0.2
3746, -0.1
3747, 0.5
3748, 0.2
3749, 0.4
3750, 0.2
3751, 0.1
3752, 0.1
3753, 0.0
3754, -0.2
3755, 0.3
3756, 0.3
3757, 0.2
3758, 0.3
3759, 0.0
3760, 0.0
3761, -0.4
3762, 0.4
3763, -0.3
3764, -0.2
3765, -0.6
3766, 0.1
3767, 0.3
3768, 0.1
3769, -0.3
3770, 0.3
3771, -0.3
3772, 0.1
3773, 0.2
3774, -0.2
3775, 0.1
3776, -0.3
3777, -0.3
3778, -0.1
3779, -0.1
3780, -0.1
3781, 0.4
3782, 0.1
3783, 0.2
3784, -0.5
3785, 0.1
3786, 0.2
3787, -0.2
3788, 0.1
3789, 0.1
3790, 0.0
3791, 0.2
3792, 0.3
3793, -0.1
3794, -0.4
3795, -0.1
3796, -0.1
3797, -0.1
3798, -0.1
3799, -0.3
3800, 0.3
3801, -0.2
3802, -0.1
3803, 0.1
3804, -0.5
3805, -0.1
3806, 0.3
3807, 0.1
3808, 0.1
3809, -0.5
3810, 0.3
3811, 0.0
3812, 0.4
3813, 0.1
3814, -0.2
3815, -0.1
3816, 0.3
3817, 0.4
3818, 0.0
3819, 0.0
3820, -0.3
3821, 0.0
3822, -0.1
3823, -0.1
3824, -0.4
3825, -0.1
3826, 0.1
3827, 0.2
3828, -0.2
3829, -0.1
3830, 0.1
3831, -0.2
3832, 0.2
3833, -0.1
3834, 0.1
3835, 0.1
3836, -0.5
3837, 0.1
3838, 0.0
3839, -0.4
3840, 0.4
3841, -0.2
3842, 0.1
3843, -0.2
3844, -0.1
3845, 0.1
3846, 0.4
3847, 0.2
3848, -0.2
3849, 0.0
3850, 0.3
3851, 0.2
3852, -0.2
3853, 0.0
3854, 0.1
3855, -0.3
3856, -0.3
3857, -0.3
3858, -0.3
3859, -0.1
3860, 0.1
3861, -0.6
3862, 0.3
3863, 0.0
3864, 0.4
3865, 0.2
3866, -0.4
3867, 0.1
3868, -0.3
3869, 0.3
3870, 0.3
3871, 0.3
3872, 0.1
3873, 0.2
3874, 0.0
3875, -0.4
3876, -0.1
3877, 0.2
3878, 0.0
3879, 0.4
3880, -0.3
3881, 0.2
3882, 0.0
3883, -0.6
3884, -0.1
3885, 0.3
3886, 0.0
3887, -0.5
3888, -0.2
3889, 0.1
3890, 0.2
3891, 0.0
3892, 0.5
3893, 0.2
3894, 0.2
3895, 0.1
3896, 0.3
3897, 0.3
3898, 0.0
3899, -0.4
3900, 0.1
3901, 0.1
3902, 0.2
3903, -0.5
3904, -0.1
3905, 0.3
3906, 0.2
3907, 0.1
3908, 0.2
3909, 0.1
3910, -0.4
3911, -0.1
3912, 0.3
3913, 0.2
3914, 0.0
3915, -0.2
3916, 0.2
3917, -0.1
3918, 0.0
3919, 0.1
3920, 0.0
3921, 0.4
3922, 0.1
3923, -0.2
3924, 0.1
3925, 0.3
3926, 0.1
3927, 0.1
3928, 0.1
3929, 0.1
3930, -0.1
3931, 0.0
3932, -0.1
3933, 0.1
3934, 0.0
3935, -0.1
3936, -0.2
3937, 0.2
3938, -0.4
3939, 0.2
3940, 0.0
3941, -0.1
3942, 0.3
3943, -0.3
3944, 0.2
3945, -0.4
3946, 0.1
3947, 0.2
3948, 0.0
3949, 0.3
3950, 0.2
3951, 0.5
3952, -0.2
3953, -0.1
3954, -0.3
3955, -0.2
3956, 0.4
3957, -0.2
3958, 0.2
3959, 0.1
3960, 0.1
3961, -0.1
3962, -0.3
3963, 0.2
3964, -0.1
3965, -0.2
3966, 0.1
3967, 0.0
3968, 0.5
3969, -0.3
3970, 0.2
3971, -0.5
3972, 0.4
3973, 0.0
3974, 0.2
3975, 0.2
3976, 0.1
3977, 0.3
3978, 0.3
3979, 0.2
3980, -0.3
3981, -0.2
3982, 0.1
3983, 0.0
3984, -0.1
3985, 0.3
3986, 0.2
3987, 0.2
3988, -0.1
3989, 0.0
3990, 0.3
3991, -0.1
3992, 0.5
3993, -0.2
3994, -0.2
3995, 0.1
3996, 0.4
3997, 0.0
3998, -0.1
3999, 0.1
