0, 0.5
1, -0.2
2, 0.0
3, -0.2
4, 0.1
5, 0.2
6, 0.4
7, 0.2
8, 0.2
9, 0.0
10, -0.4
11, -0.3
12, 0.0
13, 0.3
14, 0.2
15, 0.0
16, -0.1
17, -0.2
18, 0.1
19, 0.2
20, 0.3
21, -0.1
22, -0.3
23, 0.0
24, 0.1
25, -0.2
26, -0.3
27, 0.4
28, 0.4
29, -0.1
30, 0.2
31, 0.0
32, -0.2
33, 0.0
34, 0.0
35, -0.1
36, -0.1
37, 0.0
38, 0.1
39, 0.3
40, 0.3
41, 0.2
42, 0.3
43, 0.5
44, 0.0
45, 0.1
46, -0.1
47, -0.2
48, 0.3
49, 0.0
50, 0.0
51, -0.5
52, 0.1
53, -0.2
54, 0.3
55, 0.0
56, 0.0
57, 0.2
58, 0.2
59, 0.0
60, 0.0
61, 0.0
62, 0.1
63, 0.1
64, -0.1
65, 0.0
66, 0.1
67, -0.2
68, 0.1
69, -0.2
70, -0.1
71, 0.1
72, -0.2
73, 0.4
74, -0.2
75, -0.2
76, 0.1
77, 0.3
78, 0.0
79, 0.5
80, 0.2
81, 0.2
82, -0.1
83, 0.1
84, 0.1
85, -0.3
86, 0.0
87, 0.0
88, 0.4
89, 0.0
90, -0.4
91, -0.2
92, -0.1
93, 0.3
94, 0.2
95, -0.1
96, 0.4
97, -0.1
98, 0.3
99, 0.1
100, -0.2
101, -0.2
102, 0.2
103, 0.1
104, 0.1
105, 0.0
106, 0.1
107, -0.1
108, -0.2
109, 0.0
110, 0.0
111, -0.3
112, 0.3
113, -0.1
114, -0.2
115, 0.1
116, 0.0
117, 0.0
118, 0.0
119, -0.1
120, -0.2
121, -0.1
122, 0.3
123, -0.2
124, 0.1
125, -0.5
126, -0.2
127, 0.5
128, 0.1
129, 0.1
130, -0.3
131, 0.2
132, 0.2
133, 0.0
134, 0.1
135, 0.0
136, 0.0
137, 0.1
138, 0.2
139, 0.0
140, -0.3
141, -0.4
142, -0.1
143, 0.1
144, 0.1
145, 0.3
146, 0.0
147, 0.1
148, 0.0
149, -0.1
150, -0.1
151, -0.2
152, 0.2
153, 0.0
154, 0.0
155, 0.2
156, -0.5
157, 0.2
158, -0.1
159, 0.3
160, -0.3
161, -0.2
162, -0.1
163, 0.2
164, 0.1
165, 0.0
166, 0.3
167, -0.6
168, 0.1
169, -0.3
170, 0.2
171, -0.3
172, 0.1
173, -0.1
174, -0.3
175, -0.3
176, 0.2
177, -0.3
178, 0.5
179, 0.2
180, 0.4
181, 0.0
182, 0.1
183, 0.0
184, 0.4
185, 0.1
186, 0.1
187, -0.1
188, -0.6
189, -0.1
190, 0.2
191, 0.0
192, -0.4
193, 0.2
194, -0.3
195, -0.2
196, 0.1
197, 0.1
198, 0.1
199, 0.0
200, 0.1
201, 0.2
202, 0.2
203, -0.5
204, 0.0
205, -0.3
206, 0.0
207, 0.1
208, -0.1
209, -0.1
210, -0.2
211, -0.2
212, 0.3
213, 0.2
214, 0.1
215, 0.2
216, -0.2
217, 0.1
218, -0.5
219, 0.1
220, 0.0
221, 0.3
222, 0.5
223, -0.2
224, 0.0
225, -0.2
226, 0.0
227, 0.0
228, 0.3
229, 0.4
230, 0.2
231, -0.3
232, 0.0
233, 0.0
234, 0.0
235, -0.2
236, -0.2
237, -0.3
238, 0.1
239, -0.3
240, 0.3
241, -0.2
242, 0.5
243, 0.1
244, 0.1
245, 0.3
246, -0.4
247, 0.4
248, -0.3
249, 0.0
250, -0.3
251, -0.2
252, 0.1
253, 0.2
254, 0.4
255, 0.1
256, -0.1
257, -0.5
258, -0.1
259, -0.3
260, 0.0
261, -0.7
262, -0.3
263, 0.1
264, -0.4
265, -0.7
266, 0.0
267, -0.1
268, -0.1
269, 0.1
270, -0.3
271, 0.1
272, 0.2
273, 0.1
274, 0.3
275, 0.1
276, -0.2
277, 0.3
278, 0.2
279, 0.1
280, 0.0
281, -0.4
282, 0.1
283, 0.1
284, 0.1
285, 0.2
286, 0.0
287, 0.0
288, 0.0
289, -0.1
290, -0.1
291, 0.2
292, 0.1
293, 0.0
294, -0.2
295, 0.0
296, 0.3
297, -0.2
298, 0.2
299, -0.5
300, 0.2
301, -0.3
302, 0.2
303, 0.1
304, -0.2
305, 0.1
306, -0.1
307, 0.2
308, 0.1
309, 0.3
310, -0.3
311, -0.1
312, 0.2
313, 0.0
314, 0.3
315, 0.1
316, 0.2
317, -0.2
318, 0.3
319, 0.3
320, 0.1
321, 0.0
322, -0.2
323, 0.5
324, 0.1
325, -0.1
326, 0.1
327, 0.5
328, 0.4
329, -0.3
330, 0.0
331, -0.1
332, 0.1
333, -0.2
334, 0.0
335, -0.2
336, 0.3
337, -0.4
338, -0.1
339, -0.2
340, -0.3
341, 0.0
342, -0.1
343, 0.1
344, -0.1
345, 0.3
346, 0.2
347, 0.0
348, 0.2
349, 0.4
350, 0.2
351, 0.0
352, -0.1
353, -0.2
354, -0.1
355, -0.2
356, 0.2
357, 0.2
358, 0.0
359, -0.5
360, -0.1
361, -0.1
362, 0.2
363, 0.1
364, 0.3
365, 0.0
366, -0.2
367, -0.2
368, 0.0
369, 0.2
370, 0.2
371, -0.3
372, -0.3
373, 0.0
374, -0.2
375, 0.3
376, 0.0
377, 0.2
378, -0.2
379, 0.0
380, 0.0
381, -0.4
382, 0.2
383, 0.0
384, -0.1
385, 0.3
386, 0.3
387, 0.1
388, 0.3
389, -0.2
390, 0.3
391, -0.3
392, -0.2
393, 0.0
394, -0.2
395, 0.3
396, -0.3
397, 0.3
398, 0.0
399, 0.0
400, -0.2
401, -0.1
402, -0.2
403, -0.2
404, 0.5
405, 0.2
406, -0.3
407, -0.4
408, 0.3
409, 0.0
410, 0.2
411, -0.5
412, -0.5
413, 0.1
414, 0.0
415, 0.0
416, 0.3
417, 0.2
418, -0.1
419, 0.1
420, -0.1
421, -0.1
422, -0.3
423, -0.3
424, -0.4
425, 0.1
426, -0.2
427, -0.1
428, -0.1
429, 0.0
430, -0.1
431, 0.0
432, -0.1
433, 0.1
434, 0.0
435, -0.2
436, -0.7
437, 0.1
438, 0.0
439, -0.2
440, 0.0
441, -0.1
442, 0.0
443, 0.2
444, 0.0
445, 0.4
446, 0.0
447, 0.3
448, -0.1
449, -0.1
450, 0.1
451, -0.3
452, 0.0
453, -0.3
454, 0.0
455, -0.2
456, 0.3
457, -0.2
458, 0.1
459, 0.0
460, -0.1
461, -0.1
462, 0.2
463, 0.0
464, -0.3
465, 0.3
466, 0.2
467, -0.3
468, -0.2
469, 0.3
470, -0.3
471, 0.1
472, 0.5
473, -0.1
474, -0.4
475, 0.0
476, 0.2
477, -0.5
478, 0.1
479, 0.0
480, 0.5
481, 0.2
482, 0.3
483, 0.4
484, -0.1
485, 0.0
486, -0.2
487, -0.2
488, 0.0
489, -0.2
490, 0.1
491, 0.2
492, 0.4
493, -0.2
494, 0.3
495, 0.4
496, 0.1
497, 0.1
498, -0.3
499, -0.3
500, -0.3
501, -0.2
502, 0.3
503, 0.0
504, 0.1
505, 0.2
506, -0.3
507, -0.3
508, -0.2
509, 0.0
510, 0.4
511, 0.0
512, 0.1
513, 0.3
514, 0.0
515, 0.3
516, 0.4
517, -0.2
518, 0.2
519, 0.0
520, 0.0
521, 0.1
522, 0.1
523, -0.1
524, 0.2
525, -0.3
526, -0.2
527, 0.1
528, -0.4
529, 0.2
530, 0.0
531, -0.1
532, 0.0
533, 0.1
534, -0.4
535, -0.2
536, -0.4
537, 0.0
538, 0.0
539, -0.1
540, -0.4
541, -0.2
542, 0.0
543, -0.1
544, 0.2
545, -0.2
546, 0.2
547, -0.1
548, 0.2
549, -0.4
550, -0.2
551, 0.0
552, -0.2
553, -0.2
554, 0.2
555, -0.2
556, -0.1
557, -0.1
558, 0.1
559, 0.0
560, 0.3
561, 0.2
562, -0.1
563, 0.2
564, 0.0
565, 0.4
566, -0.2
567, -0.1
568, -0.1
569, -0.1
570, 0.0
571, -0.5
572, -0.1
573, 0.3
574, 0.4
575, -0.1
576, 0.4
577, 0.2
578, -0.3
579, 0.1
580, 0.1
581, -0.1
582, 0.2
583, -0.2
584, 0.2
585, -0.5
586, -0.3
587, -0.3
588, 0.2
589, 0.0
590, -0.5
591, 0.5
592, 0.3
593, -0.2
594, 0.0
595, 0.2
596, 0.0
597, -0.4
598, 0.4
599, 0.1
600, -0.4
601, 0.0
602, 0.2
603, 0.0
604, 0.0
605, 0.1
606, -0.4
607, -0.3
608, 0.0
609, 0.2
610, 0.2
611, 0.2
612, 0.0
613, 0.0
614, -0.2
615, 0.1
616, -0.3
617, -0.1
618, -0.2
619, 0.2
620, 0.1
621, -0.1
622, -0.2
623, -0.4
624, 0.0
625, 0.2
626, 0.2
627, 0.3
628, -0.2
629, -0.1
630, -0.2
631, -0.3
632, -0.1
633, -0.3
634, 0.0
635, 0.4
636, 0.2
637, -0.2
638, -0.5
639, 0.1
640, -0.3
641, 0.2
642, 0.5
643, 0.4
644, 0.2
645, -0.1
646, 0.0
647, 0.2
648, -0.2
649, -0.2
650, 0.1
651, -0.2
652, 0.1
653, 0.0
654, 0.0
655, 0.0
656, -0.1
657, -0.2
658, 0.4
659, -0.1
660, -0.1
661, -0.2
662, 0.2
663, -0.3
664, 0.2
665, -0.1
666, 0.3
667, -0.1
668, 0.1
669, 0.1
670, -0.4
671, 0.0
672, -0.3
673, -0.3
674, 0.3
675, 0.0
676, 0.2
677, 0.0
678, 0.1
679, 0.1
680, 0.2
681, 0.0
682, 0.2
683, 0.2
684, -0.1
685, 0.1
686, 0.1
687, 0.2
688, -0.1
689, -0.1
690, 0.2
691, -0.1
692, 0.0
693, -0.2
694, -0.1
695, 0.0
696, -0.1
697, 0.0
698, -0.1
699, 0.3
700, -0.6
701, -0.1
702, 0.0
703, -0.7
704, -0.1
705, -0.1
706, -0.1
707, 0.1
708, 0.1
709, 0.2
710, -0.4
711, -0.2
712, 0.1
713, 0.3
714, -0.2
715, -0.2
716, 0.1
717, 0.3
718, 0.2
719, 0.1
720, 0.3
721, 0.1
722, -0.1
723, 0.1
724, 0.1
725, 0.1
726, -0.1
727, 0.0
728, 0.2
729, 0.0
730, 0.1
731, 0.3
732, 0.0
733, 0.1
734, 0.3
735, -0.3
736, -0.2
737, 0.2
738, 0.1
739, 0.0
740, 0.0
741, 0.0
742, -0.1
743, 0.3
744, 0.0
745, 0.3
746, -0.1
747, 0.2
748, 0.1
749, -0.1
750, 0.0
751, -0.1
752, -0.3
753, 0.2
754, -0.3
755, 0.1
756, -0.1
757, 0.0
758, 0.2
759, -0.3
760, 0.0
761, 0.0
762, 0.3
763, -0.2
764, -0.3
765, -0.2
766, 0.0
767, 0.0
768, -0.2
769, 0.1
770, 0.2
771, 0.1
772, 0.3
773, 0.1
774, -0.2
775, -0.3
776, 0.2
777, 0.0
778, 0.2
779, 0.2
780, -0.1
781, 0.3
782, 0.2
783, 0.1
784, -0.3
785, -0.1
786, -0.2
787, 0.2
788, -0.1
789, -0.1
790, -0.1
791, 0.4
792, 0.0
793, 0.2
794, 0.3
795, 0.0
796, 0.1
797, 0.0
798, -0.1
799, -0.5
800, 0.0
801, 0.0
802, -0.1
803, 0.1
804, 0.0
805, 0.1
806, -0.3
807, 0.0
808, -0.2
809, 0.1
810, -0.2
811, -0.5
812, 0.1
813, 0.0
814, 0.1
815, 0.1
816, 0.1
817, 0.2
818, -0.2
819, -0.4
820, -0.3
821, 0.0
822, -0.2
823, 0.1
824, 0.2
825, -0.5
826, -0.1
827, -0.1
828, 0.3
829, -0.1
830, 0.1
831, -0.1
832, 0.1
833, 0.2
834, 0.5
835, 0.3
836, 0.1
837, 0.4
838, -0.2
839, 0.2
840, 0.2
841, 0.2
842, 0.0
843, 0.2
844, 0.2
845, 0.1
846, 0.2
847, -0.3
848, 0.3
849, 0.3
850, 0.0
851, 0.1
852, -0.1
853, -0.2
854, 0.3
855, 0.1
856, -0.3
857, 0.1
858, -0.1
859, 0.0
860, -0.1
861, 0.0
862, 0.2
863, 0.2
864, 0.4
865, -0.2
866, 0.3
867, 0.0
868, -0.2
869, -0.3
870, -0.1
871, 0.3
872, 0.2
873, 0.0
874, -0.1
875, -0.3
876, -0.1
877, 0.0
878, 0.0
879, 0.2
880, 0.1
881, -0.3
882, -0.1
883, 0.2
884, 0.2
885, 0.2
886, 0.0
887, 0.5
888, -0.4
889, 0.0
890, 0.0
891, -0.1
892, -0.1
893, -0.3
894, 0.3
895, -0.1
896, -0.3
897, 0.0
898, 0.1
899, 0.0
900, 0.1
901, -0.2
902, 0.0
903, 0.3
904, 0.0
905, 0.3
906, 0.0
907, 0.1
908, 0.4
909, -0.1
910, 0.0
911, -0.1
912, -0.3
913, -0.2
914, 0.0
915, 0.2
916, -0.1
917, -0.1
918, -0.1
919, 0.2
920, -0.1
921, 0.1
922, 0.0
923, 0.0
924, -0.1
925, 0.2
926, -0.3
927, 0.1
928, -0.2
929, 0.4
930, 0.2
931, 0.2
932, 0.3
933, -0.3
934, 0.1
935, 0.2
936, -0.3
937, -0.2
938, -0.1
939, 0.0
940, 0.0
941, 0.2
942, 0.0
943, 0.1
944, -0.3
945, 0.0
946, 0.0
947, 0.0
948, 0.1
949, -0.1
950, -0.2
951, -0.1
952, -0.4
953, 0.1
954, 0.1
955, 0.2
956, -0.4
957, 0.1
958, -0.2
959, 0.2
960, 0.0
961, 0.2
962, -0.1
963, 0.1
964, 0.1
965, 0.3
966, 0.1
967, 0.0
968, 0.1
969, -0.1
970, -0.1
971, 0.0
972, -0.2
973, 0.3
974, 0.0
975, 0.0
976, 0.3
977, -0.2
978, 0.2
979, -0.2
980, 0.1
981, 0.0
982, -0.3
983, 0.0
984, 0.1
985, 0.1
986, -0.2
987, 0.1
988, -0.3
989, -0.1
990, -0.1
991, -0.1
992, 0.2
993, 0.0
994, 0.2
995, 0.1
996, -0.2
997, -0.2
998, 0.2
999, 0.0
1000, 0.0
1001, 0.0
1002, 0.2
1003, 0.0
1004, -0.1
1005, 0.3
1006, -0.2
1007, -0.4
1008, 0.3
1009, 0.1
1010, 0.2
1011, 0.1
1012, 0.5
1013, -0.2
1014, 0.4
1015, -0.2
1016, 0.1
1017, 0.0
1018, -0.1
1019, 0.1
1020, -0.1
1021, 0.2
1022, -0.3
1023, 0.2
1024, 0.0
1025, -0.4
1026, 0.2
1027, 0.2
1028, 0.0
1029, 0.2
1030, 0.0
1031, 0.1
1032, 0.3
1033, 0.0
1034, -0.2
1035, -0.4
1036, 0.1
1037, -0.2
1038, -0.1
1039, -0.1
1040, -0.2
1041, -0.2
1042, 0.3
1043, 0.0
1044, -0.2
1045, -0.3
1046, 0.0
1047, 0.1
1048, 0.0
1049, 0.1
1050, 0.0
1051, -0.1
1052, 0.2
1053, 0.2
1054, -0.3
1055, 0.2
1056, 0.0
1057, -0.1
1058, 0.2
1059, 0.0
1060, -0.1
1061, 0.1
1062, 0.1
1063, 0.2
1064, 0.1
1065, -0.2
1066, 0.2
1067, 0.0
1068, 0.1
1069, 0.2
1070, 0.3
1071, -0.5
1072, -0.1
1073, 0.3
1074, 0.3
1075, -0.4
1076, -0.3
1077, 0.1
1078, 0.2
1079, 0.2
1080, -0.1
1081, 0.0
1082, 0.1
1083, 0.2
1084, 0.3
1085, 0.1
1086, 0.2
1087, -0.3
1088, -0.2
1089, 0.1
1090, 0.2
1091, 0.1
1092, 0.1
1093, -0.1
1094, -0.3
1095, -0.2
1096, 0.2
1097, 0.0
1098, 0.0
1099, 0.0
1100, 0.2
1101, 0.1
1102, -0.5
1103, 0.0
1104, -0.5
1105, -0.2
1106, -0.4
1107, 0.0
1108, 0.1
1109, -0.2
1110, -0.2
1111, 0.1
1112, -0.1
1113, -0.2
1114, -0.2
1115, -0.3
1116, 0.0
1117, -0.3
1118, -0.3
1119, 0.0
1120, 0.2
1121, -0.1
1122, 0.0
1123, 0.1
1124, 0.2
1125, -0.2
1126, 0.4
1127, -0.6
1128, -0.6
1129, -0.1
1130, -0.4
1131, -0.1
1132, -0.1
1133, 0.3
1134, 0.3
1135, -0.2
1136, -0.1
1137, 0.4
1138, -0.1
1139, -0.4
1140, 0.1
1141, -0.4
1142, 0.0
1143, -0.2
1144, -0.2
1145, 0.1
1146, 0.1
1147, 0.3
1148, 0.1
1149, 0.0
1150, 0.2
1151, 0.0
1152, -0.2
1153, 0.0
1154, 0.2
1155, -0.3
1156, 0.2
1157, -0.3
1158, -0.2
1159, -0.5
1160, 0.1
1161, 0.1
1162, 0.1
1163, -0.2
1164, 0.1
1165, 0.5
1166, 0.0
1167, -0.1
1168, 0.4
1169, -0.4
1170, 0.0
1171, -0.1
1172, -0.1
1173, 0.2
1174, 0.1
1175, -0.2
1176, 0.4
1177, -0.2
1178, 0.4
1179, 0.0
1180, -0.3
1181, 0.3
1182, -0.2
1183, 0.2
1184, 0.1
1185, -0.3
1186, -0.2
1187, 0.3
1188, -0.5
1189, 0.2
1190, 0.1
1191, -0.1
1192, -0.3
1193, 0.0
1194, -0.3
1195, 0.1
1196, -0.3
1197, 0.0
1198, -0.3
1199, 0.1
1200, 0.3
1201, 0.0
1202, 0.0
1203, 0.1
1204, 0.2
1205, 0.1
1206, -0.1
1207, 0.0
1208, 0.1
1209, 0.4
1210, -0.1
1211, -0.1
1212, 0.1
1213, 0.3
1214, 0.2
1215, 0.1
1216, 0.2
1217, -0.1
1218, 0.0
1219, 0.0
1220, 0.4
1221, 0.0
1222, 0.3
1223, -0.4
1224, 0.2
1225, 0.0
1226, -0.5
1227, -0.4
1228, 0.0
1229, 0.4
1230, 0.0
1231, -0.3
1232, -0.4
1233, 0.3
1234, 0.0
1235, 0.2
1236, 0.1
1237, 0.1
1238, 0.3
1239, -0.3
1240, 0.0
1241, 0.2
1242, -0.1
1243, 0.0
1244, 0.1
1245, -0.5
1246, 0.0
1247, -0.2
1248, 0.2
1249, 0.4
1250, 0.1
1251, 0.0
1252, 0.1
1253, 0.0
1254, 0.0
1255, 0.1
1256, -0.1
1257, 0.3
1258, 0.3
1259, -0.1
1260, -0.2
1261, 0.2
1262, -0.1
1263, 0.3
1264, 0.1
1265, 0.4
1266, -0.2
1267, 0.1
1268, 0.0
1269, -0.1
1270, 0.1
1271, 0.0
1272, -0.2
1273, -0.2
1274, 0.1
1275, 0.4
1276, -0.1
1277, -0.2
1278, 0.4
1279, 0.4
1280, 0.1
1281, 0.2
1282, 0.3
1283, -0.2
1284, 0.3
1285, -0.2
1286, 0.2
1287, 0.1
1288, 0.0
1289, -0.5
1290, 0.3
1291, -0.4
1292, -0.1
1293, -0.2
1294, -0.1
1295, -0.1
1296, 0.0
1297, -0.1
1298, -0.2
1299, -0.3
1300, 0.1
1301, -0.1
1302, -0.2
1303, 0.5
1304, -0.4
1305, 0.0
1306, 0.0
1307, 0.0
1308, 0.1
1309, 0.0
1310, -0.2
1311, -0.2
1312, 0.3
1313, 0.0
1314, 0.1
1315, -0.3
1316, 0.3
1317, -0.2
1318, 0.2
1319, 0.2
1320, 0.0
1321, 0.1
1322, 0.3
1323, -0.7
1324, -0.1
1325, -0.2
1326, 0.4
1327, 0.2
1328, -0.1
1329, 0.2
1330, 0.1
1331, -0.4
1332, 0.0
1333, 0.1
1334, 0.3
1335, -0.2
1336, 0.3
1337, 0.0
1338, 0.0
1339, -0.2
1340, -0.1
1341, 0.1
1342, -0.3
1343, -0.3
1344, 0.1
1345, -0.2
1346, 0.2
1347, 0.2
1348, -0.2
1349, 0.0
1350, -0.3
1351, 0.3
1352, 0.3
1353, -0.5
1354, 0.0
1355, 0.0
1356, 0.0
1357, -0.4
1358, -0.1
1359, 0.1
1360, 0.4
1361, 0.0
1362, 0.0
1363, -0.2
1364, 0.0
1365, -0.3
1366, 0.0
1367, 0.1
1368, -0.2
1369, 0.2
1370, -0.1
1371, -0.1
1372, 0.3
1373, -0.1
1374, 0.2
1375, 0.0
1376, 0.2
1377, -0.6
1378, 0.2
1379, 0.1
1380, 0.0
1381, 0.0
1382, 0.1
1383, 0.1
1384, -0.1
1385, -0.5
1386, 0.1
1387, 0.0
1388, 0.0
1389, -0.1
1390, -0.6
1391, 0.3
1392, 0.1
1393, 0.1
1394, -0.2
1395, 0.1
1396, 0.1
1397, -0.3
1398, 0.3
1399, -0.3
1400, 0.2
1401, 0.1
1402, -0.5
1403, -0.4
1404, -0.2
1405, -0.2
1406, -0.2
1407, -0.2
1408, 0.1
1409, 0.3
1410, 0.0
1411, 0.0
1412, -0.1
1413, 0.4
1414, 0.1
1415, -0.3
1416, -0.3
1417, 0.0
1418, 0.0
1419, -0.3
1420, -0.8
1421, 0.0
1422, -0.2
1423, 0.1
1424, -0.7
1425, -0.1
1426, -0.4
1427, -0.2
1428, -0.4
1429, 0.4
1430, 0.2
1431, 0.0
1432, 0.0
1433, -0.1
1434, -0.1
1435, -0.3
1436, -0.1
1437, 0.1
1438, 0.1
1439, 0.3
1440, -0.1
1441, 0.0
1442, 0.2
1443, 0.1
1444, -0.4
1445, -0.4
1446, -0.1
1447, 0.2
1448, -0.1
1449, 0.4
1450, -0.3
1451, -0.3
1452, 0.2
1453, 0.0
1454, 0.1
1455, 0.0
1456, 0.3
1457, 0.2
1458, 0.0
1459, 0.0
1460, -0.1
1461, 0.4
1462, -0.2
1463, 0.3
1464, 0.0
1465, 0.0
1466, 0.0
1467, 0.2
1468, 0.2
1469, 0.1
1470, 0.0
1471, 0.0
1472, -0.4
1473, -0.4
1474, 0.1
1475, -0.4
1476, 0.1
1477, -0.1
1478, 0.0
1479, -0.4
1480, -0.1
1481, 0.2
1482, -0.1
1483, 0.0
1484, -0.3
1485, -0.2
1486, -0.1
1487, 0.0
1488, -0.2
1489, -0.5
1490, 0.2
1491, 0.1
1492, 0.1
1493, 0.3
1494, -0.3
1495, 0.5
1496, 0.1
1497, 0.2
1498, -0.3
1499, 0.3
1500, 0.0
1501, -0.1
1502, 0.2
1503, 0.1
1504, 0.0
1505, 0.0
1506, 0.1
1507, -0.1
1508, -0.4
1509, 0.2
1510, -0.1
1511, 0.0
1512, 0.2
1513, 0.3
1514, -0.4
1515, -0.1
1516, -0.1
1517, 0.0
1518, 0.1
1519, -0.1
1520, 0.0
1521, -0.2
1522, 0.3
1523, 0.4
1524, 0.3
1525, 0.1
1526, -0.1
1527, -0.4
1528, 0.0
1529, -0.2
1530, 0.0
1531, 0.0
1532, -0.5
1533, -0.7
1534, -0.3
1535, 0.3
1536, -0.2
1537, -0.2
1538, 0.1
1539, 0.4
1540, 0.0
1541, -0.1
1542, 0.1
1543, 0.3
1544, -0.2
1545, 0.2
1546, 0.0
1547, -0.1
1548, -0.4
1549, -0.3
1550, -0.1
1551, 0.0
1552, 0.3
1553, 0.2
1554, -0.1
1555, 0.3
1556, -0.2
1557, -0.4
1558, 0.4
1559, -0.6
1560, -0.4
1561, 0.0
1562, -0.2
1563, -0.1
1564, 0.2
1565, 0.1
1566, 0.2
1567, -0.2
1568, -0.2
1569, 0.1
1570, 0.5
1571, -0.2
1572, 0.3
1573, 0.0
1574, -0.3
1575, 0.1
1576, -0.2
1577, -0.2
1578, 0.0
1579, -0.1
1580, 0.1
1581, 0.2
1582, -0.2
1583, -0.3
1584, 0.3
1585, 0.4
1586, 0.1
1587, 0.3
1588, 0.2
1589, -0.5
1590, 0.1
1591, -0.2
1592, -0.1
1593, 0.0
1594, 0.2
1595, 0.1
1596, 0.0
1597, -0.4
1598, 0.1
1599, 0.1
1600, 0.0
1601, -0.1
1602, -0.2
1603, -0.4
1604, -0.3
1605, 0.1
1606, 0.0
1607, 0.2
1608, 0.5
1609, -0.1
1610, 0.0
1611, -0.4
1612, 0.2
1613, 0.4
1614, 0.3
1615, -0.2
1616, 0.3
1617, 0.3
1618, 0.4
1619, -0.1
1620, 0.3
1621, -0.2
1622, -0.1
1623, -0.4
1624, 0.1
1625, -0.1
1626, 0.2
1627, 0.5
1628, -0.1
1629, 0.0
1630, 0.1
1631, -0.2
1632, -0.1
1633, 0.3
1634, -0.1
1635, -0.1
1636, 0.0
1637, -0.4
1638, 0.0
1639, 0.3
1640, 0.1
1641, 0.2
1642, 0.3
1643, 0.2
1644, 0.1
1645, -0.3
1646, 0.3
1647, 0.3
1648, 0.1
1649, 0.2
1650, -0.1
1651, 0.2
1652, -0.2
1653, 0.4
1654, -0.2
1655, 0.0
1656, 0.1
1657, 0.1
1658, -0.2
1659, -0.2
1660, 0.3
1661, 0.0
1662, 0.0
1663, 0.0
1664, -0.1
1665, -0.4
1666, -0.1
1667, -0.1
1668, 0.0
1669, -0.5
1670, 0.3
1671, -0.2
1672, -0.2
1673, -0.1
1674, -0.3
1675, 0.3
1676, 0.0
1677, -0.2
1678, 0.2
1679, 0.2
1680, 0.0
1681, 0.0
1682, 0.3
1683, 0.0
1684, 0.1
1685, -0.3
1686, 0.0
1687, 0.2
1688, -0.2
1689, -0.1
1690, -0.2
1691, 0.3
1692, 0.0
1693, 0.2
1694, -0.2
1695, -0.2
1696, 0.2
1697, 0.0
1698, 0.2
1699, -0.5
1700, -0.4
1701, 0.1
1702, -0.2
1703, -0.1
1704, 0.2
1705, 0.3
1706, 0.4
1707, 0.4
1708, -0.1
1709, 0.3
1710, -0.1
1711, -0.3
1712, 0.0
1713, 0.0
1714, 0.1
1715, 0.0
1716, 0.1
1717, 0.1
1718, 0.1
1719, -0.2
1720, 0.1
1721, -0.1
1722, 0.0
1723, -0.1
1724, -0.4
1725, 0.2
1726, 0.1
1727, 0.5
1728, 0.1
1729, -0.2
1730, 0.4
1731, -0.1
1732, -0.1
1733, 0.5
1734, -0.2
1735, 0.3
1736, -0.1
1737, 0.3
1738, 0.2
1739, 0.4
1740, 0.0
1741, -0.1
1742, 0.1
1743, 0.2
1744, -0.2
1745, 0.1
1746, 0.0
1747, -0.1
1748, 0.5
1749, -0.2
1750, 0.2
1751, 0.3
1752, 0.2
1753, -0.2
1754, -0.1
1755, 0.2
1756, -0.1
1757, 0.2
1758, 0.3
1759, -0.1
1760, 0.2
1761, -0.1
1762, -0.2
1763, -0.1
1764, -0.4
1765, 0.2
1766, -0.2
1767, 0.2
1768, -0.2
1769, 0.1
1770, 0.0
1771, -0.3
1772, 0.0
1773, 0.4
1774, 0.3
1775, -0.1
1776, 0.0
1777, -0.2
1778, -0.5
1779, 0.1
1780, -0.1
1781, -0.1
1782, 0.0
1783, -0.6
1784, 0.1
1785, 0.1
1786, 0.1
1787, -0.6
1788, -0.4
1789, -0.3
1790, -0.3
1791, 0.1
1792, 0.1
1793, 0.3
1794, 0.0
1795, 0.4
1796, -0.6
1797, -0.5
1798, 0.4
1799, 0.2
1800, 0.4
1801, 0.0
1802, 0.0
1803, -0.1
1804, 0.0
1805, -0.3
1806, -0.2
1807, 0.2
1808, -0.3
1809, 0.4
1810, -0.1
1811, -0.2
1812, 0.1
1813, 0.0
1814, 0.2
1815, 0.2
1816, -0.1
1817, 0.2
1818, 0.0
1819, 0.0
1820, 0.3
1821, 0.2
1822, 0.1
1823, 0.1
1824, 0.2
1825, -0.4
1826, 0.1
1827, 0.2
1828, 0.3
1829, -0.2
1830, 0.0
1831, -0.4
1832, 0.0
1833, -0.1
1834, -0.1
1835, -0.3
1836, 0.0
1837, -0.3
1838, -0.5
1839, -0.2
1840, 0.2
1841, 0.0
1842, 0.1
1843, 0.2
1844, -0.2
1845, 0.3
1846, -0.2
1847, 0.1
1848, 0.3
1849, -0.3
1850, 0.2
1851, -0.3
1852, 0.4
1853, -0.2
1854, -0.4
1855, 0.3
1856, 0.1
1857, 0.2
1858, -0.3
1859, 0.3
1860, 0.0
1861, -0.2
1862, -0.1
1863, -0.5
1864, 0.1
1865, -0.2
1866, -0.2
1867, 0.0
1868, -0.3
1869, -0.4
1870, 0.2
1871, -0.2
1872, -0.2
1873, 0.0
1874, 0.0
1875, 0.3
1876, -0.2
1877, 0.2
1878, 0.2
1879, 0.1
1880, 0.0
1881, -0.1
1882, -0.1
1883, 0.1
1884, -0.3
1885, -0.2
1886, -0.1
1887, 0.1
1888, -0.1
1889, 0.2
1890, 0.1
1891, 0.0
1892, -0.3
1893, 0.2
1894, 0.3
1895, 0.0
1896, -0.2
1897, -0.1
1898, 0.1
1899, -0.1
1900, -0.1
1901, 0.4
1902, 0.3
1903, 0.0
1904, 0.3
1905, -0.2
1906, 0.0
1907, 0.5
1908, 0.0
1909, -0.2
1910, 0.1
1911, -0.3
1912, -0.1
1913, -0.1
1914, -0.4
1915, 0.2
1916, 0.2
1917, 0.1
1918, -0.1
1919, 0.1
1920, 0.4
1921, 0.1
1922, -0.1
1923, -0.2
1924, 0.3
1925, -0.2
1926, 0.2
1927, -0.2
1928, 0.4
1929, 0.0
1930, -0.2
1931, 0.2
1932, -0.2
1933, 0.2
1934, -0.2
1935, -0.4
1936, 0.0
1937, -0.2
1938, 0.2
1939, -0.4
1940, -0.1
1941, 0.2
1942, -0.1
1943, 0.3
1944, 0.0
1945, 0.3
1946, 0.2
1947, -0.5
1948, -0.1
1949, -0.1
1950, 0.0
1951, -0.5
1952, 0.2
1953, -0.3
1954, -0.1
1955, -0.2
1956, 0.1
1957, 0.0
1958, 0.1
1959, 0.1
1960, 0.2
1961, 0.0
1962, 0.2
1963, 0.0
1964, 0.1
1965, -0.2
1966, 0.1
1967, 0.3
1968, -0.4
1969, 0.1
1970, 0.3
1971, 0.3
1972, 0.3
1973, 0.2
1974, 0.0
1975, 0.0
1976, -0.2
1977, -0.6
1978, 0.0
1979, -0.5
1980, -0.1
1981, 0.3
1982, 0.0
1983, 0.3
1984, -0.6
1985, 0.1
1986, -0.2
1987, -0.5
1988, -0.2
1989, -0.4
1990, 0.1
1991, 0.3
1992, 0.3
1993, -0.1
1994, 0.4
1995, 0.1
1996, 0.3
1997, -0.3
1998, -0.1
1999, 0.4
2000, -0.2
2001, 0.2
2002, 0.1
2003, -0.1
2004, 0.2
2005, 0.1
2006, 0.3
2007, 0.2
2008, -0.4
2009, 0.1
2010, 0.0
2011, 0.3
2012, -0.1
2013, 0.1
2014, 0.1
2015, -0.3
2016, -0.3
2017, 0.0
2018, -0.1
2019, 0.3
2020, 0.0
2021, 0.0
2022, 0.4
2023, 0.0
2024, -0.6
2025, 0.2
2026, 0.1
2027, -0.1
2028, 0.2
2029, 0.0
2030, 0.3
2031, 0.0
2032, -0.1
2033, 0.2
2034, -0.4
2035, 0.0
2036, 0.3
2037, -0.3
2038, -0.7
2039, 0.1
2040, -0.1
2041, 0.0
2042, -0.4
2043, -0.2
2044, -0.4
2045, 0.3
2046, -0.2
2047, -0.1
2048, 0.1
2049, -0.3
2050, 0.2
2051, -0.2
2052, 0.0
2053, 0.4
2054, 0.0
2055, -0.1
2056, -0.3
2057, 0.2
2058, 0.2
2059, -0.4
2060, 0.0
2061, -0.1
2062, -0.1
2063, 0.0
2064, 0.2
2065, 0.3
2066, 0.0
2067, -0.1
2068, -0.1
2069, 0.2
2070, -0.4
2071, -0.1
2072, 0.1
2073, -0.2
2074, 0.1
2075, -0.4
2076, 0.3
2077, 0.1
2078, 0.1
2079, -0.1
2080, 0.1
2081, -0.2
2082, 0.3
2083, -0.3
2084, 0.2
2085, 0.1
2086, -0.1
2087, -0.1
2088, -0.1
2089, 0.3
2090, 0.2
2091, -0.1
2092, -0.1
2093, 0.2
2094, 0.1
2095, 0.1
2096, 0.3
2097, -0.2
2098, 0.0
2099, 0.0
2100, -0.2
2101, 0.1
2102, 0.1
2103, 0.3
2104, -0.4
2105, 0.3
2106, 0.2
2107, 0.3
2108, -0.2
2109, -0.4
2110, -0.2
2111, -0.4
2112, -0.5
2113, 0.3
2114, -0.1
2115, 0.1
2116, 0.1
2117, 0.1
2118, 0.1
2119, -0.1
2120, 0.2
2121, -0.1
2122, 0.4
2123, -0.1
2124, -0.3
2125, 0.1
2126, -0.3
2127, 0.1
2128, 0.1
2129, -0.3
2130, -0.6
2131, 0.0
2132, -0.1
2133, 0.0
2134, 0.2
2135, 0.1
2136, 0.2
2137, 0.0
2138, 0.1
2139, -0.2
2140, -0.4
2141, -0.4
2142, 0.3
2143, 0.3
2144, 0.0
2145, -0.2
2146, 0.1
2147, -0.1
2148, 0.2
2149, 0.2
2150, -0.2
2151, 0.1
2152, 0.3
2153, 0.3
2154, -0.2
2155, -0.1
2156, -0.9
2157, 0.1
2158, -0.1
2159, -0.4
2160, 0.1
2161, -0.2
2162, 0.2
2163, -0.1
2164, -0.2
2165, 0.1
2166, 0.1
2167, 0.3
2168, 0.2
2169, 0.1
2170, -0.1
2171, 0.0
2172, 0.4
2173, -0.3
2174, -0.1
2175, 0.3
2176, 0.0
2177, -0.5
2178, -0.1
2179, -0.3
2180, 0.5
2181, 0.1
2182, -0.1
2183, 0.0
2184, -0.1
2185, -0.1
2186, 0.2
2187, 0.1
2188, 0.0
2189, -0.4
2190, 0.0
2191, 0.3
2192, 0.1
2193, 0.4
2194, 0.1
2195, -0.2
2196, -0.1
2197, 0.1
2198, -0.6
2199, -0.5
2200, 0.2
2201, -0.3
2202, 0.1
2203, -0.2
2204, 0.1
2205, 0.1
2206, 0.1
2207, 0.2
2208, -0.1
2209, 0.1
2210, -0.4
2211, 0.0
2212, -0.1
2213, 0.2
2214, 0.1
2215, 0.2
2216, -0.3
2217, -0.1
2218, 0.3
2219, -0.4
2220, 0.0
2221, -0.4
2222, -0.5
2223, 0.1
2224, 0.1
2225, 0.3
2226, -0.3
2227, -0.2
2228, -0.1
2229, -0.1
2230, 0.1
2231, 0.2
2232, 0.0
2233, 0.0
2234, -0.1
2235, 0.0
2236, 0.0
2237, 0.1
2238, -0.1
2239, 0.0
2240, 0.5
2241, 0.0
2242, -0.2
2243, 0.0
2244, 0.4
2245, 0.5
2246, -0.1
2247, 0.1
2248, 0.3
2249, 0.3
2250, 0.0
2251, 0.1
2252, 0.3
2253, -0.2
2254, 0.1
2255, 0.0
2256, 0.1
2257, 0.1
2258, -0.5
2259, -0.3
2260, 0.1
2261, -0.3
2262, 0.1
2263, -0.3
2264, -0.3
2265, 0.0
2266, 0.0
2267, -0.3
2268, 0.0
2269, -0.4
2270, 0.1
2271, 0.0
2272, -0.2
2273, -0.2
2274, 0.1
2275, -0.1
2276, 0.2
2277, 0.4
2278, 0.1
2279, 0.0
2280, 0.0
2281, 0.2
2282, -0.1
2283, -0.2
2284, -0.2
2285, -0.2
2286, -0.1
2287, -0.2
2288, 0.1
2289, 0.4
2290, -0.1
2291, 0.3
2292, -0.1
2293, 0.2
2294, -0.3
2295, 0.3
2296, 0.3
2297, 0.2
2298, -0.3
2299, 0.1
2300, 0.3
2301, -0.1
2302, -0.2
2303, -0.2
2304, -0.3
2305, -0.1
2306, -0.1
2307, 0.1
2308, 0.1
2309, 0.5
2310, 0.2
2311, 0.2
2312, 0.2
2313, 0.1
2314, -0.4
2315, -0.2
2316, -0.2
2317, 0.4
2318, -0.1
2319, -0.1
2320, -0.1
2321, -0.1
2322, -0.1
2323, 0.0
2324, 0.1
2325, 0.3
2326, 0.0
2327, 0.1
2328, 0.1
2329, 0.0
2330, -0.2
2331, -0.2
2332, -0.1
2333, 0.2
2334, 0.3
2335, 0.3
2336, -0.2
2337, -0.2
2338, -0.1
2339, 0.0
2340, 0.1
2341, 0.3
2342, -0.2
2343, -0.1
2344, 0.0
2345, -0.1
2346, -0.1
2347, -0.3
2348, 0.2
2349, 0.0
2350, -0.4
2351, -0.1
2352, -0.4
2353, 0.2
2354, -0.1
2355, 0.2
2356, 0.0
2357, -0.4
2358, -0.1
2359, 0.3
2360, 0.0
2361, -0.2
2362, -0.1
2363, 0.4
2364, -0.2
2365, 0.1
2366, 0.1
2367, -0.5
2368, 0.2
2369, 0.0
2370, -0.1
2371, -0.3
2372, 0.3
2373, 0.2
2374, 0.1
2375, -0.1
2376, 0.0
2377, -0.1
2378, -0.2
2379, -0.4
2380, 0.0
2381, 0.2
2382, -0.1
2383, -0.2
2384, 0.5
2385, -0.2
2386, -0.2
2387, 0.3
2388, -0.3
2389, 0.1
2390, 0.1
2391, 0.3
2392, -0.3
2393, 0.0
2394, -0.2
2395, -0.1
2396, -0.2
2397, 0.2
2398, 0.1
2399, -0.1
2400, 0.0
2401, -0.3
2402, 0.2
2403, -0.3
2404, 0.1
2405, 0.0
2406, 0.1
2407, 0.2
2408, 0.1
2409, 0.3
2410, -0.1
2411, -0.1
2412, 0.1
2413, -0.1
2414, 0.2
2415, -0.2
2416, -0.3
2417, -0.2
2418, 0.2
2419, 0.2
2420, 0.0
2421, 0.0
2422, -0.1
2423, -0.4
2424, 0.1
2425, -0.2
2426, -0.1
2427, 0.3
2428, 0.2
2429, -0.3
2430, 0.1
2431, 0.0
2432, 0.1
2433, 0.1
2434, 0.0
2435, -0.3
2436, -0.3
2437, 0.1
2438, 0.5
2439, -0.4
2440, 0.1
2441, -0.2
2442, 0.1
2443, 0.1
2444, 0.4
2445, -0.2
2446, -0.1
2447, 0.0
2448, -0.3
2449, 0.0
2450, -0.4
2451, -0.1
2452, 0.5
2453, -0.3
2454, 0.3
2455, -0.2
2456, 0.2
2457, 0.1
2458, 0.0
2459, -0.2
2460, -0.3
2461, -0.1
2462, 0.0
2463, -0.4
2464, -0.2
2465, 0.0
2466, 0.1
2467, -0.2
2468, -0.5
2469, 0.1
2470, 0.1
2471, 0.0
2472, 0.0
2473, 0.0
2474, 0.0
2475, 0.1
2476, 0.0
2477, 0.1
2478, -0.2
2479, 0.2
2480, 0.1
2481, 0.2
2482, 0.0
2483, 0.3
2484, 0.3
2485, 0.4
2486, 0.0
2487, 0.0
2488, -0.4
2489, 0.1
2490, 0.1
2491, -0.3
2492, -0.4
2493, 0.2
2494, -0.1
2495, -0.1
2496, 0.3
2497, 0.2
2498, -0.4
2499, -0.3
2500, 0.2
2501, 0.0
2502, 0.3
2503, 0.1
2504, 0.3
2505, 0.2
2506, 0.5
2507, -0.5
2508, 0.1
2509, -0.3
2510, -0.4
2511, 0.3
2512, 0.3
2513, 0.0
2514, -0.2
2515, -0.3
2516, -0.2
2517, -0.7
2518, -0.1
2519, 0.0
2520, -0.2
2521, 0.2
2522, 0.2
2523, -0.1
2524, -0.2
2525, 0.1
2526, 0.0
2527, 0.1
2528, 0.4
2529, -0.1
2530, -0.1
2531, -0.4
2532, 0.5
2533, 0.0
2534, 0.0
2535, 0.3
2536, 0.2
2537, -0.1
2538, 0.0
2539, -0.3
2540, 0.2
2541, -0.2
2542, -0.1
2543, 0.0
2544, 0.0
2545, -0.2
2546, 0.3
2547, 0.1
2548, 0.1
2549, 0.0
2550, 0.1
2551, -0.2
2552, 0.3
2553, 0.2
2554, 0.2
2555, -0.2
2556, 0.0
2557, 0.2
2558, 0.2
2559, 0.2
2560, 0.0
2561, 0.1
2562, -0.2
2563, 0.1
2564, -0.2
2565, -0.2
2566, -0.2
2567, 0.2
2568, 0.0
2569, 0.0
2570, -0.1
2571, -0.4
2572, 0.3
2573, 0.2
2574, 0.0
2575, 0.5
2576, -0.1
2577, -0.2
2578, 0.0
2579, -0.4
2580, -0.2
2581, -0.2
2582, 0.1
2583, 0.0
2584, -0.2
2585, 0.1
2586, 0.2
2587, 0.1
2588, -0.1
2589, -0.2
2590, -0.2
2591, 0.1
2592, 0.1
2593, 0.2
2594, 0.0
2595, -0.1
2596, -0.3
2597, 0.3
2598, 0.1
2599, 0.0
2600, -0.1
2601, 0.1
2602, 0.1
2603, 0.0
2604, -0.2
2605, 0.1
2606, 0.1
2607, 0.0
2608, 0.1
2609, -0.3
2610, 0.0
2611, 0.0
2612, 0.2
2613, -0.2
2614, 0.0
2615, 0.1
2616, -0.1
2617, 0.5
2618, 0.1
2619, -0.1
2620, 0.1
2621, -0.1
2622, -0.4
2623, 0.1
2624, -0.1
2625, -0.1
2626, 0.0
2627, 0.1
2628, -0.2
2629, 0.0
2630, 0.1
2631, -0.1
2632, -0.1
2633, 0.0
2634, 0.1
2635, -0.1
2636, 0.1
2637, 0.0
2638, 0.0
2639, -0.2
2640, -0.3
2641, -0.2
2642, -0.7
2643, 0.0
2644, 0.1
2645, 0.1
2646, 0.4
2647, 0.4
2648, 0.2
2649, -0.2
2650, 0.1
2651, 0.3
2652, -0.2
2653, 0.2
2654, 0.1
2655, 0.3
2656, 0.2
2657, 0.2
2658, -0.3
2659, 0.4
2660, 0.1
2661, 0.0
2662, 0.1
2663, -0.1
2664, 0.0
2665, -0.2
2666, 0.3
2667, 0.5
2668, 0.2
2669, 0.1
2670, 0.3
2671, 0.5
2672, -0.1
2673, 0.3
2674, 0.0
2675, -0.1
2676, -0.1
2677, 0.3
2678, -0.2
2679, -0.1
2680, 0.0
2681, 0.0
2682, -0.2
2683, -0.1
2684, -0.2
2685, -0.1
2686, 0.4
2687, 0.1
2688, -0.3
2689, 0.3
2690, 0.5
2691, -0.4
2692, 0.1
2693, -0.3
2694, 0.2
2695, -0.2
2696, 0.0
2697, 0.0
2698, -0.2
2699, 0.2
2700, 0.0
2701, 0.3
2702, 0.0
2703, -0.2
2704, 0.0
2705, -0.6
2706, 0.0
2707, 0.4
2708, 0.3
2709, -0.2
2710, 0.2
2711, 0.2
2712, 0.2
2713, -0.1
2714, -0.5
2715, 0.2
2716, -0.2
2717, 0.4
2718, -0.1
2719, 0.0
2720, -0.3
2721, 0.0
2722, -0.1
2723, -0.1
2724, -0.4
2725, 0.0
2726, -0.5
2727, 0.0
2728, 0.1
2729, -0.3
2730, 0.3
2731, 0.3
2732, -0.1
2733, 0.4
2734, 0.0
2735, -0.3
2736, -0.1
2737, -0.1
2738, -0.1
2739, -0.1
2740, -0.1
2741, -0.1
2742, 0.1
2743, 0.4
2744, 0.2
2745, 0.2
2746, -0.1
2747, -0.1
2748, 0.1
2749, -0.1
2750, 0.2
2751, 0.2
2752, 0.2
2753, 0.1
2754, 0.1
2755, -0.2
2756, 0.4
2757, 0.2
2758, -0.1
2759, -0.1
2760, -0.3
2761, -0.1
2762, 0.3
2763, -0.3
2764, 0.0
2765, 0.1
2766, -0.1
2767, 0.0
2768, -0.3
2769, -0.3
2770, -0.3
2771, -0.1
2772, 0.2
2773, -0.1
2774, -0.2
2775, 0.0
2776, 0.4
2777, 0.0
2778, -0.1
2779, -0.1
2780, 0.1
2781, -0.1
2782, 0.1
2783, -0.4
2784, 0.1
2785, -0.1
2786, -0.1
2787, -0.1
2788, -0.1
2789, 0.1
2790, 0.0
2791, -0.1
2792, 0.5
2793, 0.3
2794, -0.2
2795, 0.1
2796, 0.1
2797, 0.0
2798, 0.0
2799, 0.1
2800, -0.2
2801, 0.1
2802, 0.3
2803, 0.3
2804, 0.0
2805, -0.2
2806, 0.2
2807, 0.0
2808, 0.1
2809, 0.3
2810, 0.0
2811, 0.2
2812, 0.1
2813, 0.1
2814, -0.1
2815, -0.2
2816, 0.2
2817, 0.5
2818, 0.0
2819, 0.4
2820, -0.2
2821, 0.0
2822, -0.2
2823, 0.2
2824, 0.0
2825, 0.1
2826, -0.1
2827, -0.3
2828, -0.4
2829, -0.3
2830, -0.3
2831, 0.5
2832, 0.3
2833, 0.1
2834, 0.0
2835, -0.4
2836, 0.2
2837, -0.3
2838, 0.1
2839, 0.0
2840, 0.2
2841, 0.0
2842, -0.3
2843, 0.2
2844, -0.3
2845, 0.1
2846, -0.2
2847, 0.1
2848, -0.1
2849, 0.0
2850, -0.1
2851, 0.1
2852, 0.0
2853, -0.2
2854, -0.3
2855, 0.0
2856, 0.0
2857, 0.1
2858, 0.0
2859, -0.1
2860, 0.4
2861, 0.1
2862, 0.4
2863, -0.1
2864, -0.3
2865, -0.1
2866, -0.2
2867, 0.1
2868, -0.3
2869, 0.0
2870, 0.1
2871, 0.1
2872, 0.0
2873, 0.0
2874, 0.0
2875, 0.1
2876, 0.2
2877, 0.4
2878, -0.2
2879, 0.1
2880, 0.1
2881, 0.2
2882, -0.1
2883, -0.2
2884, 0.1
2885, 0.3
2886, -0.2
2887, 0.4
2888, 0.2
2889, 0.0
2890, 0.1
2891, -0.5
2892, -0.1
2893, 0.1
2894, -0.1
2895, -0.3
2896, 0.2
2897, 0.0
2898, 0.3
2899, 0.2
2900, 0.1
2901, -0.1
2902, 0.2
2903, 0.0
2904, 0.1
2905, 0.4
2906, 0.1
2907, -0.5
2908, 0.1
2909, 0.0
2910, -0.1
2911, -0.3
2912, -0.2
2913, -0.2
2914, 0.2
2915, 0.2
2916, -0.2
2917, -0.5
2918, 0.0
2919, 0.2
2920, -0.2
2921, -0.2
2922, 0.0
2923, -0.1
2924, -0.1
2925, -0.1
2926, -0.2
2927, -0.3
2928, 0.2
2929, 0.1
2930, -0.2
2931, -0.5
2932, -0.3
2933, 0.0
2934, 0.3
2935, -0.2
2936, 0.1
2937, -0.1
2938, -0.2
2939, -0.1
2940, -0.2
2941, 0.0
2942, -0.4
2943, 0.2
2944, 0.3
2945, -0.7
2946, -0.4
2947, 0.2
2948, -0.1
2949, -0.2
2950, 0.0
2951, 0.1
2952, 0.2
2953, -0.5
2954, -0.1
2955, 0.0
2956, 0.0
2957, 0.1
2958, 0.2
2959, -0.2
2960, -0.1
2961, -0.2
2962, -0.5
2963, -0.6
2964, -0.2
2965, 0.0
2966, -0.1
2967, 0.3
2968, -0.3
2969, 0.1
2970, -0.1
2971, 0.2
2972, 0.2
2973, -0.2
2974, 0.1
2975, 0.3
2976, 0.0
2977, -0.3
2978, -0.1
2979, 0.2
2980, 0.4
2981, 0.0
2982, 0.2
2983, -0.1
2984, 0.1
2985, 0.1
2986, -0.4
2987, -0.1
2988, 0.4
2989, 0.0
2990, 0.3
2991, -0.1
2992, 0.0
2993, -0.3
2994, -0.4
2995, -0.2
2996, 0.3
2997, 0.2
2998, 0.2
2999, -0.1
3000, -0.2
3001, 0.1
3002, -0.5
3003, 0.1
3004, -0.1
3005, -0.2
3006, 0.3
3007, 0.1
3008, -0.2
3009, 0.2
3010, 0.2
3011, -0.3
3012, -0.2
3013, -0.2
3014, -0.3
3015, 0.1
3016, -0.1
3017, -0.5
3018, 0.2
3019, 0.0
3020, -0.5
3021, 0.1
3022, 0.1
3023, -0.2
3024, -0.2
3025, 0.1
3026, 0.1
3027, -0.3
3028, -0.4
3029, -0.2
3030, -0.4
3031, -0.2
3032, 0.0
3033, -0.2
3034, 0.3
3035, -0.1
3036, 0.1
3037, -0.3
3038, -0.2
3039, -0.3
3040, 0.1
3041, -0.3
3042, 0.3
3043, -0.2
3044, -0.3
3045, 0.0
3046, 0.1
3047, -0.2
3048, 0.0
3049, -0.4
3050, -0.3
3051, -0.2
3052, 0.2
3053, -0.2
3054, -0.2
3055, -0.7
3056, 0.1
3057, -0.5
3058, 0.0
3059, 0.0
3060, -0.1
3061, 0.2
3062, 0.2
3063, 0.1
3064, 0.4
3065, -0.1
3066, -0.4
3067, 0.4
3068, 0.1
3069, 0.1
3070, 0.1
3071, 0.2
3072, -0.2
3073, 0.3
3074, 0.2
3075, -0.4
3076, 0.2
3077, -0.4
3078, -0.3
3079, 0.0
3080, 0.1
3081, -0.1
3082, 0.2
3083, -0.1
3084, 0.2
3085, -0.1
3086, -0.3
3087, -0.4
3088, 0.0
3089, 0.0
3090, 0.2
3091, -0.2
3092, -0.1
3093, 0.2
3094, 0.1
3095, 0.1
3096, -0.4
3097, 0.4
3098, 0.1
3099, 0.2
3100, -0.4
3101, 0.1
3102, 0.3
3103, 0.2
3104, -0.1
3105, 0.1
3106, 0.2
3107, -0.3
3108, 0.0
3109, 0.1
3110, -0.1
3111, -0.2
3112, -0.1
3113, 0.2
3114, 0.2
3115, 0.0
3116, 0.0
3117, 0.3
3118, -0.1
3119, -0.1
3120, 0.3
3121, -0.3
3122, -0.3
3123, 0.1
3124, 0.0
3125, 0.3
3126, 0.3
3127, -0.2
3128, 0.5
3129, -0.1
3130, -0.1
3131, 0.1
3132, 0.0
3133, -0.1
3134, -0.4
3135, -0.1
3136, 0.3
3137, 0.1
3138, -0.6
3139, -0.1
3140, 0.5
3141, 0.0
3142, 0.0
3143, 0.4
3144, 0.4
3145, -0.1
3146, 0.1
3147, -0.2
3148, -0.2
3149, 0.1
3150, -0.3
3151, -0.1
3152, 0.3
3153, 0.0
3154, 0.2
3155, -0.1
3156, -0.3
3157, -0.3
3158, 0.1
3159, 0.0
3160, 0.0
3161, -0.1
3162, -0.5
3163, 0.1
3164, -0.2
3165, 0.1
3166, 0.1
3167, -0.2
3168, 0.1
3169, 0.2
3170, 0.0
3171, 0.4
3172, 0.0
3173, 0.2
3174, 0.1
3175, 0.0
3176, -0.3
3177, -0.2
3178, -0.3
3179, 0.0
3180, -0.1
3181, 0.4
3182, 0.3
3183, 0.1
3184, 0.2
3185, 0.0
3186, -0.3
3187, 0.3
3188, -0.1
3189, 0.0
3190, -0.2
3191, -0.1
3192, 0.2
3193, 0.1
3194, 0.1
3195, -0.2
3196, -0.2
3197, -0.5
3198, 0.2
3199, -0.2
3200, 0.3
3201, -0.3
3202, -0.2
3203, 0.4
3204, 0.0
3205, -0.2
3206, 0.3
3207, 0.2
3208, -0.3
3209, 0.3
3210, 0.4
3211, 0.1
3212, 0.0
3213, -0.1
3214, -0.2
3215, -0.4
3216, 0.0
3217, 0.4
3218, 0.1
3219, 0.4
3220, -0.4
3221, 0.1
3222, -0.1
3223, -0.6
3224, 0.1
3225, 0.0
3226, -0.1
3227, -0.1
3228, 0.2
3229, 0.2
3230, 0.0
3231, 0.0
3232, -0.2
3233, -0.5
3234, -0.3
3235, 0.2
3236, 0.1
3237, 0.2
3238, -0.2
3239, -0.1
3240, 0.0
3241, -0.1
3242, 0.0
3243, -0.3
3244, -0.4
3245, 0.1
3246, 0.1
3247, 0.3
3248, -0.4
3249, 0.3
3250, 0.2
3251, 0.1
3252, -0.1
3253, 0.1
3254, 0.0
3255, -0.3
3256, 0.2
3257, 0.2
3258, 0.2
3259, 0.0
3260, 0.4
3261, 0.2
3262, -0.2
3263, 0.2
3264, 0.4
3265, -0.1
3266, 0.0
3267, 0.0
3268, -0.2
3269, 0.1
3270, -0.5
3271, 0.1
3272, 0.1
3273, 0.0
3274, -0.2
3275, 0.2
3276, -0.4
3277, 0.2
3278, 0.1
3279, -0.3
3280, 0.0
3281, -0.2
3282, -0.2
3283, 0.0
3284, 0.1
3285, 0.1
3286, 0.2
3287, 0.3
3288, 0.0
3289, -0.1
3290, 0.1
3291, 0.2
3292, 0.3
3293, 0.4
3294, -0.5
3295, -0.3
3296, -0.4
3297, 0.1
3298, -0.1
3299, 0.0
3300, 0.1
3301, -0.3
3302, 0.3
3303, 0.0
3304, -0.3
3305, 0.1
3306, 0.0
3307, -0.4
3308, 0.3
3309, -0.2
3310, -0.3
3311, 0.0
3312, 0.3
3313, -0.3
3314, -0.2
3315, 0.0
3316, 0.1
3317, -0.5
3318, 0.2
3319, 0.0
3320, 0.0
3321, -0.2
3322, 0.3
3323, 0.2
3324, -0.1
3325, 0.0
3326, 0.0
3327, 0.0
3328, 0.2
3329, 0.0
3330, 0.1
3331, 0.0
3332, -0.4
3333, -0.4
3334, 0.1
3335, 0.4
3336, 0.3
3337, 0.1
3338, 0.0
3339, 0.4
3340, -0.2
3341, 0.2
3342, -0.1
3343, -0.3
3344, 0.4
3345, 0.0
3346, 0.2
3347, -0.1
3348, -0.2
3349, -0.3
3350, 0.1
3351, 0.4
3352, -0.4
3353, 0.1
3354, 0.4
3355, -0.2
3356, 0.0
3357, 0.3
3358, -0.1
3359, -0.3
3360, -0.2
3361, -0.2
3362, 0.0
3363, 0.0
3364, -0.2
3365, -0.2
3366, 0.2
3367, 0.2
3368, 0.0
3369, 0.1
3370, -0.2
3371, 0.0
3372, 0.0
3373, -0.3
3374, -0.3
3375, 0.1
3376, 0.0
3377, 0.1
3378, -0.4
3379, 0.3
3380, 0.3
3381, 0.1
3382, -0.4
3383, 0.2
3384, 0.4
3385, -0.1
3386, -0.3
3387, 0.2
3388, -0.1
3389, 0.0
3390, -0.2
3391, -0.2
3392, 0.3
3393, -0.1
3394, 0.0
3395, 0.2
3396, 0.1
3397, -0.5
3398, 0.0
3399, -0.2
3400, -0.2
3401, -0.1
3402, -0.1
3403, -0.5
3404, -0.1
3405, 0.0
3406, 0.2
3407, 0.0
3408, -0.3
3409, 0.1
3410, 0.3
3411, -0.1
3412, -0.1
3413, 0.3
3414, 0.1
3415, -0.5
3416, -0.5
3417, 0.0
3418, -0.2
3419, 0.3
3420, 0.0
3421, -0.3
3422, 0.3
3423, 0.0
3424, 0.0
3425, 0.0
3426, -0.1
3427, 0.0
3428, -0.1
3429, 0.2
3430, 0.1
3431, -0.2
3432, -0.2
3433, 0.0
3434, -0.1
3435, -0.1
3436, -0.5
3437, -0.1
3438, 0.0
3439, 0.2
3440, -0.2
3441, 0.1
3442, 0.1
3443, 0.0
3444, 0.0
3445, 0.0
3446, -0.1
3447, 0.1
3448, -0.2
3449, 0.2
3450, -0.1
3451, 0.1
3452, 0.0
3453, 0.2
3454, -0.3
3455, 0.0
3456, 0.0
3457, 0.2
3458, -0.5
3459, 0.2
3460, -0.4
3461, 0.0
3462, -0.1
3463, 0.1
3464, 0.2
3465, 0.3
3466, 0.1
3467, -0.1
3468, 0.3
3469, 0.4
3470, 0.2
3471, 0.3
3472, -0.1
3473, 0.3
3474, 0.0
3475, 0.2
3476, 0.1
3477, -0.2
3478, -0.5
3479, 0.1
3480, -0.1
3481, 0.0
3482, -0.4
3483, 0.1
3484, 0.1
3485, -0.2
3486, 0.0
3487, 0.1
3488, 0.2
3489, -0.3
3490, 0.0
3491, 0.0
3492, 0.2
3493, -0.1
3494, 0.2
3495, 0.1
3496, -0.1
3497, -0.1
3498, 0.3
3499, -0.2
3500, 0.3
3501, 0.0
3502, 0.2
3503, -0.2
3504, 0.0
3505, -0.1
3506, 0.0
3507, -0.3
3508, 0.1
3509, 0.4
3510, 0.3
3511, -0.3
3512, -0.4
3513, -0.1
3514, -0.2
3515, 0.1
3516, -0.1
3517, -0.2
3518, -0.2
3519, 0.0
3520, -0.1
3521, 0.3
3522, -0.2
3523, 0.4
3524, 0.0
3525, 0.1
3526, 0.2
3527, 0.2
3528, 0.0
3529, 0.1
3530, -0.3
3531, 0.1
3532, -0.1
3533, 0.0
3534, 0.1
3535, -0.3
3536, 0.2
3537, 0.2
3538, -0.3
3539, 0.2
3540, 0.4
3541, -0.2
3542, 0.0
3543, 0.2
3544, -0.3
3545, -0.4
3546, -0.2
3547, 0.1
3548, 0.1
3549, 0.0
3550, 0.0
3551, 0.2
3552, 0.0
3553, 0.0
3554, 0.1
3555, 0.2
3556, 0.1
3557, -0.2
3558, 0.1
3559, 0.0
3560, 0.3
3561, -0.3
3562, 0.1
3563, -0.3
3564, -0.3
3565, -0.4
3566, 0.0
3567, -0.2
3568, 0.3
3569, 0.5
3570, 0.2
3571, 0.1
3572, 0.3
3573, 0.1
3574, -0.1
3575, 0.0
3576, -0.1
3577, 0.3
3578, -0.2
3579, -0.3
3580, -0.1
3581, -0.2
3582, -0.1
3583, -0.2
3584, 0.2
3585, -0.2
3586, 0.5
3587, 0.0
3588, 0.0
3589, -0.2
3590, -0.3
3591, 0.1
3592, 0.3
3593, 0.1
3594, -0.1
3595, -0.2
3596, 0.0
3597, 0.2
3598, -0.4
3599, 0.2
3600, 0.2
3601, -0.4
3602, 0.1
3603, 0.0
3604, 0.2
3605, 0.2
3606, 0.0
3607, 0.2
3608, 0.4
3609, 0.1
3610, -0.2
3611, 0.2
3612, 0.2
3613, 0.2
3614, -0.1
3615, 0.3
3616, -0.1
3617, 0.4
3618, -0.5
3619, 0.0
3620, -0.4
3621, 0.0
3622, -0.1
3623, 0.3
3624, -0.1
3625, -0.1
3626, -0.4
3627, 0.0
3628, 0.2
3629, 0.5
3630, 0.0
3631, 0.3
3632, -0.1
3633, 0.2
3634, -0.1
3635, -0.1
3636, 0.2
3637, 0.0
3638, 0.3
3639, -0.1
3640, -0.2
3641, 0.1
3642, -0.3
3643, 0.0
3644, 0.0
3645, 0.3
3646, 0.1
3647, 0.3
3648, -0.4
3649, 0.1
3650, -0.2
3651, -0.2
3652, 0.2
3653, 0.0
3654, 0.3
3655, 0.0
3656, 0.1
3657, -0.2
3658, 0.4
3659, 0.0
3660, 0.1
3661, -0.3
3662, 0.2
3663, 0.1
3664, 0.3
3665, -0.1
3666, -0.6
3667, -0.2
3668, 0.4
3669, -0.1
3670, 0.4
3671, 0.0
3672, 0.2
3673, 0.0
3674, 0.2
3675, 0.3
3676, -0.4
3677, -0.1
3678, -0.1
3679, 0.2
3680, 0.1
3681, 0.2
3682, -0.2
3683, -0.4
3684, -0.2
3685, -0.4
3686, 0.3
3687, -0.2
3688, 0.1
3689, -0.1
3690, 0.1
3691, 0.3
3692, 0.2
3693, 0.0
3694, -0.1
3695, 0.0
3696, -0.3
3697, 0.1
3698, 0.0
3699, -0.2
3700, -0.2
3701, -0.1
3702, -0.1
3703, 0.0
3704, 0.3
3705, 0.1
3706, 0.0
3707, 0.1
3708, 0.1
3709, -0.7
3710, 0.2
3711, 0.4
3712, 0.3
3713, -0.4
3714, 0.0
3715, 0.5
3716, -0.3
3717, 0.4
3718, 0.1
3719, 0.0
3720, -0.1
3721, -0.1
3722, -0.3
3723, 0.0
3724, 0.3
3725, -0.5
3726, 0.1
3727, 0.1
3728, -0.1
3729, 0.1
3730, 0.3
3731, -0.1
3732, 0.2
3733, -0.3
3734, -0.4
3735, -0.1
3736, 0.1
3737, -0.2
3738, -0.1
3739, -0.2
3740, 0.1
3741, 0.1
3742, 0.2
3743, 0.2
3744, -0.1
3745, 0.1
3746, 0.0
3747, -0.1
3748, 0.1
3749, 0.0
3750, -0.1
3751, 0.1
3752, 0.3
3753, -0.1
3754, 0.1
3755, 0.1
3756, -0.1
3757, 0.3
3758, -0.1
3759, 0.1
3760, -0.1
3761, 0.0
3762, -0.1
3763, -0.2
3764, 0.1
3765, -0.4
3766, 0.1
3767, 0.2
3768, -0.2
3769, 0.0
3770, -0.1
3771, 0.2
3772, 0.4
3773, -0.5
3774, -0.3
3775, -0.1
3776, 0.0
3777, -0.1
3778, 0.2
3779, -0.2
3780, 0.3
3781, 0.2
3782, -0.1
3783, 0.1
3784, -0.1
3785, -0.4
3786, -0.3
3787, 0.0
3788, 0.3
3789, -0.1
3790, 0.2
3791, -0.1
3792, 0.2
3793, 0.0
3794, -0.2
3795, 0.2
3796, 0.2
3797, 0.3
3798, -0.3
3799, 0.1
3800, -0.2
3801, 0.0
3802, 0.2
3803, -0.1
3804, 0.2
3805, 0.1
3806, 0.1
3807, 0.5
3808, -0.2
3809, -0.2
3810, 0.0
3811, 0.0
3812, -0.5
3813, 0.2
3814, 0.1
3815, -0.2
3816, 0.2
3817, -0.2
3818, 0.2
3819, -0.6
3820, -0.2
3821, -0.6
3822, -0.3
3823, 0.0
3824, 0.0
3825, 0.2
3826, -0.2
3827, 0.4
3828, 0.2
3829, 0.2
3830, 0.3
3831, -0.2
3832, 0.3
3833, -0.1
3834, 0.0
3835, -0.2
3836, 0.2
3837, 0.3
3838, -0.2
3839, -0.1
3840, -0.1
3841, -0.2
3842, 0.1
3843, -0.4
3844, -0.2
3845, 0.5
3846, -0.1
3847, -0.4
3848, 0.2
3849, 0.4
3850, 0.0
3851, -0.3
3852, 0.3
3853, -0.1
3854, 0.0
3855, 0.0
3856, -0.3
3857, 0.2
3858, -0.3
3859, 0.0
3860, 0.0
3861, -0.1
3862, -0.3
3863, -0.3
3864, -0.2
3865, 0.1
3866, -0.2
3867, -0.2
3868, -0.1
3869, -0.1
3870, -0.1
3871, 0.3
3872, -0.1
3873, -0.1
3874, 0.0
3875, -0.3
3876, 0.0
3877, 0.2
3878, 0.2
3879, 0.2
3880, 0.0
3881, -0.1
3882, -0.2
3883, 0.0
3884, -0.2
3885, -0.1
3886, -0.2
3887, 0.1
3888, 0.0
3889, 0.2
3890, 0.0
3891, 0.3
3892, 0.1
3893, 0.0
3894, 0.2
3895, -0.1
3896, -0.4
3897, 0.1
3898, 0.1
3899, -0.2
3900, 0.3
3901, 0.0
3902, -0.2
3903, 0.0
3904, 0.1
3905, 0.2
3906, 0.2
3907, 0.1
3908, 0.3
3909, 0.2
3910, -0.1
3911, 0.4
3912, 0.1
3913, -0.3
3914, -0.1
3915, 0.3
3916, 0.0
3917, 0.0
3918, -0.1
3919, 0.1
3920, 0.2
3921, 0.3
3922, -0.1
3923, 0.4
3924, 0.1
3925, -0.3
3926, -0.2
3927, 0.1
3928, -0.2
3929, 0.1
3930, 0.2
3931, -0.1
3932, 0.3
3933, -0.4
3934, 0.3
3935, 0.3
3936, 0.2
3937, -0.2
3938, 0.2
3939, -0.5
3940, 0.0
3941, 0.1
3942, 0.2
3943, 0.0
3944, 0.0
3945, 0.1
3946, 0.1
3947, -0.2
3948, 0.1
3949, 0.1
3950, -0.2
3951, -0.3
3952, 0.2
3953, 0.1
3954, 0.2
3955, -0.1
3956, 0.2
3957, 0.1
3958, 0.2
3959, -0.1
3960, -0.1
3961, -0.3
3962, -0.3
3963, 0.1
3964, 0.4
3965, -0.1
3966, -0.1
3967, 0.4
3968, 0.0
3969, 0.3
3970, 0.1
3971, 0.0
3972, 0.2
3973, 0.3
3974, -0.2
3975, -0.1
3976, -0.1
3977, 0.4
3978, 0.0
3979, 0.2
3980, -0.3
3981, 0.4
3982, 0.1
3983, 0.0
3984, 0.0
3985, 0.1
3986, 0.0
3987, 0.1
3988, 0.4
3989, -0.5
3990, -0.1
3991, 0.0
3992, 0.1
3993, 0.2
3994, 0.3
3995, -0.3
3996, 0.2
3997, 0.0
3998, -0.2
3999, 0.1
