0, 0.2
1, 0.3
2, -0.1
3, -0.4
4, 0.0
5, 0.2
6, -0.2
7, -0.2
8, -0.2
9, 0.1
10, -0.2
11, -0.1
12, -0.1
13, -0.2
14, 0.1
15, 0.1
16, 0.1
17, -0.2
18, -0.2
19, -0.5
20, 0.0
21, 0.3
22, 0.1
23, -0.2
24, -0.1
25, 0.1
26, -0.2
27, -0.1
28, -0.1
29, -0.1
30, 0.3
31, -0.1
32, 0.5
33, -0.2
34, 0.3
35, 0.1
36, 0.1
37, -0.2
38, -0.1
39, -0.5
40, -0.1
41, 0.1
42, 0.1
43, -0.2
44, 0.2
45, 0.2
46, 0.1
47, -0.1
48, 0.2
49, 0.0
50, 0.4
51, 0.0
52, -0.3
53, -0.2
54, -0.1
55, -0.1
56, 0.2
57, 0.0
58, 0.0
59, -0.1
60, 0.1
61, 0.0
62, 0.3
63, 0.1
64, -0.3
65, -0.3
66, 0.0
67, 0.1
68, -0.2
69, 0.6
70, 0.3
71, -0.1
72, 0.2
73, 0.1
74, -0.4
75, -0.2
76, -0.1
77, -0.2
78, -0.4
79, 0.2
80, -0.1
81, -0.2
82, -0.2
83, 0.0
84, 0.3
85, 0.1
86, 0.1
87, 0.1
88, -0.1
89, -0.1
90, 0.4
91, -0.2
92, 0.3
93, 0.3
94, 0.2
95, 0.3
96, -0.2
97, -0.5
98, 0.4
99, 0.6
100, -0.1
101, 0.0
102, -0.4
103, -0.1
104, 0.3
105, 0.2
106, -0.2
107, 0.1
108, 0.1
109, 0.1
110, -0.1
111, 0.3
112, 0.0
113, 0.0
114, -0.3
115, 0.5
116, 0.0
117, 0.1
118, -0.3
119, -0.1
120, 0.1
121, 0.2
122, 0.4
123, 0.3
124, 0.3
125, 0.3
126, -0.1
127, -0.3
128, -0.1
129, -0.2
130, -0.1
131, -0.3
132, -0.1
133, -0.1
134, 0.0
135, 0.3
136, 0.3
137, -0.1
138, 0.3
139, -0.1
140, -0.2
141, -0.6
142, 0.0
143, 0.4
144, -0.4
145, 0.2
146, 0.6
147, -0.2
148, 0.0
149, -0.2
150, -0.1
151, 0.0
152, -0.1
153, -0.3
154, 0.3
155, 0.2
156, 0.1
157, 0.1
158, -0.4
159, 0.1
160, 0.0
161, -0.1
162, 0.0
163, 0.0
164, -0.4
165, 0.5
166, 0.0
167, 0.0
168, 0.2
169, -0.4
170, -0.2
171, 0.0
172, -0.6
173, -0.2
174, 0.1
175, -0.2
176, -0.1
177, -0.1
178, 0.0
179, 0.1
180, -0.1
181, 0.0
182, 0.1
183, 0.4
184, 0.3
185, 0.0
186, -0.4
187, -0.2
188, 0.4
189, -0.1
190, -0.2
191, -0.1
192, 0.0
193, -0.1
194, 0.0
195, -0.3
196, -0.1
197, -0.6
198, 0.2
199, 0.0
200, 0.2
201, 0.0
202, -0.2
203, -0.2
204, 0.4
205, -0.1
206, 0.6
207, 0.1
208, 0.0
209, 0.3
210, -0.2
211, 0.1
212, -0.2
213, 0.4
214, 0.4
215, -0.2
216, 0.1
217, -0.3
218, -0.1
219, 0.1
220, -0.1
221, -0.2
222, -0.2
223, -0.1
224, 0.4
225, 0.2
226, 0.1
227, -0.3
228, -0.3
229, 0.4
230, -0.2
231, 0.1
232, 0.2
233, 0.5
234, -0.2
235, -0.1
236, -0.1
237, 0.0
238, 0.1
239, 0.1
240, 0.0
241, -0.1
242, 0.4
243, -0.1
244, -0.1
245, -0.3
246, -0.1
247, -0.1
248, 0.0
249, 0.0
250, 0.1
251, -0.3
252, 0.0
253, 0.1
254, 0.3
255, 0.2
256, 0.3
257, 0.5
258, -0.5
259, -0.2
260, 0.3
261, 0.0
262, 0.1
263, -0.1
264, 0.3
265, -0.2
266, -0.1
267, 0.2
268, -0.1
269, 0.4
270, -0.3
271, -0.2
272, 0.2
273, 0.3
274, 0.0
275, 0.1
276, 0.0
277, 0.1
278, 0.1
279, 0.2
280, -0.1
281, 0.0
282, 0.4
283, 0.1
284, 0.1
285, -0.5
286, 0.1
287, -0.1
288, 0.0
289, 0.4
290, 0.0
291, -0.4
292, 0.2
293, 0.4
294, 0.4
295, 0.1
296, -0.1
297, -0.2
298, 0.2
299, -0.1
300, -0.1
301, -0.2
302, -0.1
303, 0.4
304, 0.2
305, 0.4
306, -0.4
307, -0.1
308, 0.2
309, -0.3
310, -0.1
311, -0.2
312, 0.2
313, -0.1
314, -0.2
315, 0.1
316, -0.1
317, -0.1
318, 0.0
319, 0.3
320, 0.3
321, 0.0
322, 0.0
323, -0.5
324, -0.5
325, 0.1
326, 0.1
327, -0.5
328, 0.0
329, -0.1
330, -0.1
331, -0.2
332, 0.3
333, -0.2
334, 0.1
335, -0.2
336, 0.0
337, 0.2
338, 0.2
339, -0.1
340, -0.5
341, 0.1
342, 0.1
343, -0.1
344, -0.3
345, 0.0
346, -0.2
347, 0.1
348, 0.3
349, -0.3
350, -0.5
351, -0.3
352, 0.0
353, 0.2
354, -0.2
355, 0.0
356, -0.2
357, 0.1
358, -0.3
359, 0.1
360, 0.2
361, -0.3
362, -0.2
363, -0.4
364, 0.3
365, 0.0
366, -0.2
367, 0.0
368, -0.3
369, 0.0
370, -0.2
371, 0.1
372, 0.0
373, 0.1
374, 0.1
375, -0.1
376, 0.3
377, 0.2
378, -0.2
379, 0.3
380, -0.2
381, 0.3
382, 0.4
383, -0.3
384, 0.5
385, -0.5
386, 0.0
387, -0.1
388, -0.1
389, 0.0
390, 0.3
391, -0.2
392, -0.2
393, -0.2
394, 0.3
395, 0.1
396, 0.2
397, -0.2
398, 0.0
399, 0.0
400, -0.2
401, -0.3
402, -0.2
403, 0.1
404, 0.2
405, 0.3
406, 0.2
407, 0.0
408, -0.2
409, 0.2
410, 0.0
411, 0.0
412, 0.1
413, 0.1
414, -0.3
415, 0.3
416, 0.2
417, -0.1
418, -0.3
419, -0.1
420, 0.2
421, 0.0
422, 0.0
423, 0.3
424, -0.1
425, 0.0
426, -0.7
427, -0.3
428, 0.0
429, 0.0
430, 0.1
431, -0.4
432, 0.2
433, 0.1
434, -0.3
435, 0.0
436, -0.4
437, 0.1
438, 0.2
439, -0.1
440, -0.2
441, -0.4
442, -0.5
443, 0.4
444, 0.2
445, 0.1
446, -0.2
447, -0.1
448, -0.6
449, 0.3
450, 0.1
451, -0.3
452, -0.4
453, 0.2
454, 0.3
455, 0.1
456, 0.3
457, 0.1
458, -0.5
459, 0.1
460, 0.0
461, -0.3
462, -0.1
463, -0.6
464, 0.3
465, 0.1
466, 0.0
467, 0.0
468, 0.5
469, 0.3
470, 0.0
471, 0.0
472, -0.1
473, -0.2
474, -0.1
475, 0.0
476, 0.5
477, 0.2
478, 0.0
479, -0.3
480, 0.0
481, 0.5
482, -0.2
483, 0.3
484, -0.2
485, 0.0
486, -0.2
487, 0.1
488, 0.2
489, -0.2
490, 0.4
491, 0.2
492, -0.2
493, -0.1
494, -0.1
495, 0.4
496, -0.2
497, 0.1
498, -0.2
499, 0.0
500, 0.4
501, 0.3
502, -0.2
503, -0.1
504, 0.0
505, -0.4
506, 0.2
507, 0.0
508, -0.3
509, 0.0
510, -0.5
511, 0.0
512, 0.3
513, 0.1
514, -0.1
515, 0.0
516, 0.3
517, 0.0
518, 0.1
519, -0.2
520, -0.4
521, -0.4
522, -0.3
523, 0.1
524, 0.0
525, 0.1
526, -0.2
527, 0.3
528, 0.1
529, -0.1
530, 0.1
531, 0.1
532, -0.5
533, -0.1
534, 0.1
535, -0.3
536, 0.4
537, 0.0
538, 0.1
539, 0.1
540, -0.2
541, -0.2
542, 0.1
543, 0.3
544, 0.0
545, -0.2
546, -0.3
547, 0.1
548, 0.2
549, 0.3
550, -0.2
551, 0.1
552, 0.1
553, 0.3
554, 0.0
555, 0.0
556, 0.3
557, 0.1
558, -0.4
559, 0.1
560, 0.3
561, 0.2
562, 0.1
563, -0.1
564, 0.2
565, -0.3
566, -0.3
567, 0.1
568, -0.1
569, 0.0
570, 0.1
571, 0.0
572, 0.2
573, 0.0
574, -0.1
575, -0.4
576, 0.4
577, -0.3
578, 0.0
579, 0.1
580, 0.4
581, 0.0
582, -0.1
583, 0.0
584, 0.2
585, -0.7
586, 0.0
587, 0.3
588, -0.3
589, -0.2
590, 0.3
591, 0.0
592, -0.2
593, 0.0
594, 0.2
595, 0.1
596, 0.5
597, -0.2
598, 0.2
599, 0.2
600, -0.1
601, 0.0
602, -0.2
603, 0.4
604, -0.2
605, 0.5
606, 0.2
607, 0.1
608, 0.0
609, 0.0
610, -0.1
611, 0.1
612, 0.2
613, 0.2
614, -0.6
615, -0.3
616, 0.1
617, -0.1
618, -0.1
619, 0.0
620, -0.1
621, 0.2
622, 0.1
623, -0.1
624, 0.1
625, 0.0
626, -0.4
627, 0.2
628, -0.2
629, -0.2
630, -0.5
631, -0.2
632, 0.0
633, 0.0
634, 0.1
635, 0.0
636, 0.2
637, -0.2
638, -0.3
639, -0.3
640, 0.3
641, 0.3
642, 0.2
643, 0.2
644, 0.2
645, 0.1
646, -0.1
647, 0.0
648, 0.3
649, -0.3
650, -0.6
651, 0.1
652, -0.1
653, -0.2
654, -0.2
655, -0.7
656, -0.1
657, 0.4
658, 0.2
659, 0.0
660, 0.1
661, -0.1
662, 0.1
663, -0.2
664, -0.1
665, 0.1
666, 0.0
667, 0.1
668, 0.4
669, 0.3
670, 0.0
671, 0.0
672, 0.0
673, -0.5
674, -0.2
675, -0.1
676, -0.1
677, 0.3
678, -0.4
679, 0.2
680, -0.2
681, 0.2
682, 0.1
683, 0.2
684, 0.2
685, 0.0
686, -0.3
687, 0.2
688, -0.1
689, 0.4
690, 0.1
691, 0.0
692, 0.1
693, -0.1
694, 0.0
695, 0.1
696, 0.1
697, -0.2
698, -0.3
699, 0.4
700, 0.0
701, 0.2
702, -0.4
703, -0.4
704, -0.2
705, 0.1
706, 0.3
707, 0.3
708, 0.0
709, 0.0
710, 0.1
711, 0.1
712, -0.2
713, 0.1
714, 0.2
715, 0.0
716, -0.1
717, -0.4
718, 0.1
719, 0.0
720, -0.1
721, -0.5
722, -0.5
723, -0.2
724, 0.5
725, 0.0
726, 0.0
727, 0.4
728, -0.6
729, 0.3
730, -0.3
731, -0.2
732, 0.2
733, -0.4
734, 0.3
735, 0.1
736, 0.4
737, -0.1
738, 0.3
739, -0.3
740, 0.0
741, 0.0
742, 0.3
743, -0.4
744, 0.2
745, 0.0
746, 0.1
747, 0.3
748, 0.2
749, -0.3
750, 0.3
751, 0.3
752, 0.4
753, -0.2
754, -0.2
755, 0.0
756, 0.1
757, -0.2
758, 0.0
759, -0.1
760, -0.1
761, 0.3
762, 0.4
763, 0.0
764, -0.4
765, -0.2
766, 0.0
767, 0.0
768, 0.0
769, 0.2
770, 0.1
771, 0.2
772, 0.1
773, -0.6
774, 0.1
775, 0.0
776, 0.3
777, -0.1
778, -0.1
779, 0.1
780, -0.2
781, 0.2
782, 0.2
783, 0.3
784, 0.1
785, -0.1
786, 0.3
787, 0.3
788, 0.2
789, 0.0
790, 0.0
791, -0.1
792, -0.1
793, 0.4
794, 0.3
795, -0.2
796, 0.2
797, 0.0
798, -0.3
799, 0.2
800, 0.0
801, -0.2
802, -0.1
803, 0.0
804, 0.0
805, 0.0
806, 0.0
807, -0.5
808, -0.1
809, 0.0
810, -0.2
811, 0.0
812, 0.2
813, -0.3
814, -0.1
815, -0.4
816, -0.2
817, 0.3
818, -0.5
819, 0.2
820, 0.1
821, 0.1
822, 0.3
823, 0.1
824, -0.1
825, 0.3
826, 0.3
827, -0.2
828, 0.0
829, 0.5
830, 0.4
831, -0.1
832, 0.3
833, 0.1
834, 0.1
835, -0.6
836, 0.2
837, -0.4
838, -0.6
839, -0.1
840, 0.0
841, -0.1
842, -0.2
843, -0.4
844, -0.2
845, -0.2
846, -0.1
847, 0.0
848, 0.0
849, -0.6
850, 0.3
851, 0.1
852, 0.3
853, -0.1
854, 0.2
855, -0.2
856, -0.2
857, -0.2
858, 0.3
859, 0.2
860, -0.3
861, 0.0
862, -0.3
863, -0.1
864, 0.1
865, 0.2
866, -0.1
867, -0.3
868, -0.2
869, -0.2
870, 0.1
871, -0.3
872, 0.1
873, 0.0
874, 0.3
875, 0.0
876, -0.3
877, 0.0
878, 0.0
879, -0.3
880, 0.2
881, 0.1
882, 0.3
883, 0.0
884, 0.3
885, 0.2
886, 0.3
887, -0.1
888, -0.1
889, -0.4
890, 0.0
891, -0.1
892, 0.2
893, 0.0
894, 0.3
895, -0.1
896, 0.2
897, 0.0
898, -0.1
899, 0.1
900, -0.3
901, -0.2
902, -0.1
903, 0.0
904, -0.2
905, 0.4
906, -0.2
907, 0.0
908, -0.4
909, -0.2
910, 0.0
911, -0.6
912, 0.4
913, 0.1
914, -0.3
915, 0.0
916, 0.4
917, 0.3
918, 0.2
919, -0.1
920, 0.1
921, -0.1
922, 0.2
923, 0.4
924, 0.0
925, 0.2
926, 0.0
927, -0.1
928, 0.3
929, 0.2
930, -0.1
931, -0.1
932, -0.3
933, 0.0
934, 0.2
935, 0.0
936, 0.3
937, 0.2
938, -0.4
939, 0.3
940, 0.4
941, 0.1
942, 0.1
943, 0.3
944, -0.2
945, 0.0
946, 0.2
947, 0.2
948, 0.1
949, 0.0
950, 0.0
951, 0.1
952, -0.6
953, 0.0
954, 0.2
955, -0.3
956, 0.1
957, 0.2
958, 0.1
959, -0.3
960, -0.4
961, -0.1
962, -0.5
963, -0.3
964, 0.0
965, 0.1
966, -0.1
967, 0.0
968, 0.0
969, 0.3
970, 0.3
971, -0.4
972, 0.1
973, 0.0
974, -0.1
975, 0.0
976, -0.2
977, -0.3
978, 0.0
979, -0.4
980, -0.5
981, -0.2
982, -0.1
983, -0.3
984, -0.2
985, -0.1
986, 0.2
987, 0.1
988, -0.1
989, -0.4
990, -0.5
991, 0.2
992, 0.2
993, 0.5
994, 0.2
995, 0.0
996, 0.0
997, -0.2
998, -0.2
999, 0.1
1000, 0.2
1001, 0.1
1002, 0.1
1003, 0.1
1004, 0.0
1005, -0.2
1006, 0.1
1007, 0.1
1008, -0.2
1009, 0.0
1010, 0.3
1011, 0.0
1012, 0.1
1013, -0.1
1014, 0.1
1015, -0.1
1016, -0.2
1017, 0.2
1018, -0.1
1019, 0.1
1020, -0.1
1021, 0.4
1022, 0.1
1023, 0.4
1024, -0.2
1025, -0.4
1026, -0.3
1027, 0.3
1028, -0.1
1029, -0.1
1030, 0.1
1031, 0.0
1032, -0.2
1033, -0.1
1034, 0.1
1035, 0.3
1036, 0.0
1037, 0.1
1038, 0.3
1039, 0.0
1040, 0.1
1041, 0.1
1042, 0.1
1043, 0.0
1044, 0.0
1045, 0.0
1046, 0.0
1047, -0.2
1048, 0.1
1049, 0.2
1050, -0.3
1051, 0.1
1052, -0.1
1053, -0.2
1054, -0.4
1055, 0.3
1056, 0.4
1057, -0.1
1058, 0.1
1059, 0.0
1060, 0.1
1061, 0.0
1062, -0.2
1063, 0.1
1064, 0.1
1065, 0.1
1066, 0.0
1067, 0.5
1068, 0.0
1069, 0.5
1070, 0.0
1071, 0.1
1072, 0.4
1073, -0.2
1074, 0.0
1075, 0.2
1076, 0.1
1077, 0.1
1078, 0.4
1079, 0.3
1080, -0.2
1081, 0.4
1082, 0.0
1083, 0.2
1084, -0.3
1085, -0.5
1086, 0.1
1087, -0.2
1088, 0.1
1089, -0.1
1090, 0.1
1091, -0.2
1092, 0.1
1093, 0.4
1094, -0.1
1095, 0.2
1096, 0.3
1097, 0.1
1098, 0.2
1099, 0.0
1100, 0.4
1101, -0.6
1102, 0.0
1103, -0.2
1104, 0.0
1105, 0.0
1106, 0.1
1107, -0.1
1108, -0.1
1109, 0.0
1110, 0.1
1111, 0.1
1112, -0.3
1113, 0.0
1114, 0.2
1115, -0.3
1116, 0.1
1117, 0.0
1118, -0.1
1119, -0.1
1120, 0.3
1121, 0.1
1122, 0.1
1123, 0.3
1124, 0.0
1125, -0.2
1126, 0.1
1127, 0.0
1128, -0.2
1129, -0.2
1130, 0.3
1131, -0.2
1132, -0.1
1133, -0.5
1134, -0.2
1135, 0.4
1136, -0.2
1137, -0.1
1138, 0.3
1139, 0.4
1140, 0.0
1141, 0.3
1142, 0.1
1143, 0.3
1144, -0.4
1145, 0.1
1146, 0.1
1147, -0.3
1148, 0.1
1149, -0.1
1150, -0.3
1151, 0.3
1152, -0.1
1153, 0.2
1154, 0.0
1155, 0.3
1156, 0.1
1157, -0.3
1158, 0.2
1159, 0.1
1160, 0.1
1161, -0.3
1162, -0.1
1163, -0.1
1164, 0.1
1165, -0.5
1166, -0.2
1167, 0.0
1168, -0.2
1169, -0.7
1170, 0.2
1171, 0.1
1172, 0.2
1173, -0.3
1174, 0.4
1175, -0.3
1176, 0.1
1177, 0.4
1178, 0.0
1179, 0.3
1180, 0.2
1181, 0.2
1182, 0.2
1183, 0.0
1184, -0.1
1185, -0.3
1186, 0.2
1187, 0.2
1188, -0.1
1189, -0.2
1190, -0.3
1191, -0.1
1192, -0.3
1193, -0.2
1194, -0.1
1195, 0.1
1196, 0.4
1197, -0.2
1198, -0.2
1199, -0.3
1200, -0.1
1201, 0.2
1202, 0.0
1203, -0.4
1204, 0.1
1205, 0.0
1206, 0.3
1207, -0.6
1208, 0.1
1209, 0.1
1210, 0.0
1211, 0.0
1212, 0.2
1213, -0.2
1214, 0.1
1215, -0.2
1216, 0.3
1217, 0.3
1218, 0.0
1219, 0.0
1220, -0.4
1221, -0.1
1222, -0.1
1223, 0.2
1224, 0.0
1225, 0.1
1226, -0.8
1227, -0.3
1228, -0.2
1229, -0.1
1230, -0.2
1231, 0.3
1232, 0.0
1233, 0.0
1234, 0.0
1235, 0.0
1236, -0.3
1237, -0.2
1238, 0.4
1239, 0.0
1240, 0.1
1241, 0.2
1242, 0.0
1243, 0.1
1244, -0.2
1245, -0.1
1246, 0.1
1247, -0.2
1248, -0.2
1249, 0.2
1250, 0.0
1251, 0.1
1252, -0.1
1253, 0.0
1254, -0.3
1255, -0.1
1256, 0.0
1257, 0.2
1258, -0.1
1259, -0.6
1260, -0.2
1261, -0.3
1262, 0.5
1263, 0.5
1264, 0.2
1265, 0.1
1266, -0.2
1267, 0.1
1268, 0.4
1269, 0.2
1270, 0.1
1271, 0.0
1272, 0.3
1273, -0.2
1274, 0.0
1275, -0.1
1276, 0.2
1277, -0.1
1278, 0.0
1279, 0.1
1280, 0.0
1281, -0.6
1282, 0.1
1283, -0.3
1284, -0.1
1285, -0.2
1286, 0.0
1287, 0.2
1288, -0.2
1289, 0.2
1290, -0.2
1291, 0.1
1292, -0.2
1293, 0.1
1294, -0.2
1295, 0.0
1296, 0.2
1297, 0.2
1298, 0.1
1299, 0.3
1300, 0.0
1301, -0.1
1302, -0.2
1303, -0.2
1304, -0.3
1305, -0.2
1306, -0.1
1307, 0.2
1308, 0.1
1309, 0.1
1310, -0.2
1311, 0.1
1312, 0.3
1313, -0.5
1314, 0.0
1315, 0.4
1316, 0.0
1317, 0.3
1318, -0.2
1319, -0.1
1320, 0.2
1321, -0.3
1322, -0.2
1323, 0.2
1324, 0.0
1325, -0.2
1326, 0.3
1327, 0.0
1328, 0.2
1329, 0.1
1330, 0.3
1331, -0.2
1332, 0.2
1333, -0.3
1334, -0.2
1335, -0.1
1336, -0.1
1337, -0.2
1338, 0.0
1339, 0.1
1340, -0.3
1341, 0.0
1342, -0.3
1343, -0.2
1344, 0.2
1345, 0.0
1346, 0.2
1347, -0.1
1348, -0.2
1349, 0.1
1350, 0.2
1351, -0.4
1352, -0.1
1353, 0.5
1354, 0.1
1355, 0.2
1356, -0.2
1357, 0.4
1358, 0.0
1359, -0.2
1360, -0.1
1361, 0.1
1362, -0.2
1363, -0.3
1364, 0.0
1365, 0.3
1366, 0.1
1367, 0.5
1368, -0.4
1369, -0.1
1370, -0.1
1371, 0.1
1372, 0.1
1373, -0.1
1374, 0.2
1375, -0.3
1376, 0.1
1377, 0.0
1378, 0.1
1379, 0.1
1380, 0.0
1381, 0.3
1382, -0.1
1383, 0.1
1384, 0.0
1385, 0.2
1386, -0.3
1387, 0.2
1388, 0.0
1389, -0.4
1390, -0.2
1391, 0.3
1392, -0.2
1393, 0.3
1394, -0.2
1395, -0.5
1396, 0.4
1397, 0.0
1398, 0.0
1399, 0.0
1400, 0.1
1401, -0.2
1402, 0.2
1403, 0.4
1404, 0.4
1405, 0.1
1406, 0.2
1407, -0.2
1408, -0.1
1409, -0.1
1410, -0.2
1411, 0.1
1412, -0.1
1413, 0.0
1414, 0.0
1415, -0.4
1416, 0.2
1417, 0.3
1418, -0.4
1419, 0.2
1420, 0.1
1421, 0.3
1422, -0.4
1423, 0.2
1424, 0.2
1425, 0.0
1426, -0.1
1427, 0.1
1428, 0.3
1429, 0.0
1430, 0.1
1431, 0.2
1432, 0.3
1433, 0.0
1434, 0.3
1435, 0.1
1436, 0.3
1437, 0.0
1438, 0.2
1439, 0.2
1440, 0.0
1441, 0.0
1442, 0.0
1443, 0.2
1444, -0.2
1445, 0.0
1446, 0.3
1447, -0.4
1448, 0.2
1449, -0.1
1450, 0.1
1451, 0.0
1452, 0.2
1453, 0.2
1454, 0.0
1455, 0.0
1456, 0.1
1457, -0.1
1458, 0.5
1459, -0.2
1460, -0.1
1461, -0.1
1462, 0.1
1463, -0.2
1464, 0.1
1465, -0.1
1466, 0.2
1467, 0.3
1468, 0.2
1469, -0.2
1470, 0.4
1471, 0.2
1472, 0.2
1473, -0.2
1474, 0.2
1475, 0.0
1476, 0.2
1477, -0.1
1478, -0.1
1479, 0.2
1480, -0.6
1481, 0.3
1482, -0.4
1483, -0.4
1484, 0.1
1485, 0.0
1486, 0.1
1487, 0.2
1488, 0.0
1489, -0.1
1490, -0.2
1491, 0.2
1492, -0.2
1493, 0.2
1494, 0.3
1495, -0.1
1496, -0.2
1497, -0.1
1498, 0.1
1499, -0.1
1500, -0.4
1501, 0.3
1502, -0.1
1503, 0.2
1504, 0.1
1505, 0.0
1506, -0.2
1507, 0.2
1508, -0.2
1509, 0.1
1510, 0.0
1511, -0.3
1512, -0.3
1513, -0.3
1514, 0.1
1515, 0.3
1516, 0.1
1517, -0.3
1518, -0.1
1519, -0.3
1520, 0.3
1521, 0.0
1522, 0.5
1523, 0.1
1524, -0.4
1525, 0.1
1526, -0.2
1527, -0.2
1528, 0.2
1529, 0.1
1530, -0.1
1531, -0.1
1532, 0.1
1533, 0.2
1534, -0.1
1535, -0.6
1536, 0.4
1537, 0.2
1538, -0.5
1539, 0.3
1540, -0.4
1541, 0.1
1542, 0.2
1543, -0.3
1544, -0.2
1545, -0.3
1546, -0.3
1547, -0.1
1548, 0.3
1549, 0.1
1550, 0.2
1551, 0.0
1552, 0.1
1553, 0.2
1554, 0.0
1555, -0.1
1556, -0.6
1557, 0.1
1558, 0.1
1559, 0.0
1560, -0.1
1561, -0.2
1562, -0.2
1563, -0.1
1564, 0.1
1565, 0.1
1566, 0.1
1567, -0.1
1568, -0.1
1569, 0.0
1570, 0.0
1571, 0.1
1572, 0.0
1573, 0.1
1574, 0.0
1575, -0.1
1576, 0.0
1577, -0.1
1578, -0.3
1579, 0.4
1580, -0.1
1581, 0.4
1582, 0.1
1583, 0.0
1584, 0.0
1585, 0.3
1586, -0.1
1587, -0.1
1588, -0.5
1589, 0.1
1590, -0.1
1591, -0.3
1592, -0.1
1593, 0.0
1594, -0.4
1595, -0.4
1596, -0.2
1597, -0.1
1598, -0.3
1599, 0.0
1600, -0.2
1601, 0.1
1602, 0.2
1603, -0.3
1604, -0.2
1605, 0.0
1606, 0.0
1607, -0.1
1608, -0.5
1609, 0.1
1610, -0.2
1611, -0.1
1612, -0.2
1613, 0.1
1614, -0.3
1615, -0.4
1616, 0.4
1617, -0.3
1618, 0.1
1619, 0.0
1620, -0.1
1621, 0.1
1622, 0.2
1623, 0.1
1624, -0.2
1625, 0.2
1626, 0.4
1627, 0.0
1628, 0.0
1629, 0.1
1630, -0.2
1631, 0.3
1632, 0.1
1633, 0.4
1634, -0.1
1635, 0.1
1636, 0.3
1637, -0.4
1638, 0.0
1639, -0.1
1640, 0.2
1641, 0.3
1642, -0.2
1643, 0.0
1644, -0.2
1645, -0.1
1646, -0.3
1647, -0.2
1648, 0.1
1649, 0.2
1650, 0.1
1651, -0.2
1652, -0.3
1653, -0.3
1654, -0.1
1655, 0.0
1656, 0.0
1657, 0.0
1658, -0.1
1659, 0.2
1660, 0.4
1661, -0.2
1662, 0.0
1663, -0.1
1664, -0.3
1665, -0.1
1666, 0.0
1667, 0.1
1668, -0.1
1669, -0.3
1670, 0.1
1671, 0.1
1672, -0.1
1673, -0.2
1674, 0.1
1675, -0.3
1676, 0.3
1677, 0.0
1678, -0.1
1679, 0.0
1680, 0.0
1681, -0.3
1682, -0.3
1683, -0.5
1684, 0.0
1685, 0.0
1686, -0.3
1687, 0.2
1688, 0.1
1689, -0.1
1690, 0.1
1691, 0.2
1692, 0.3
1693, 0.1
1694, 0.1
1695, 0.1
1696, 0.0
1697, -0.1
1698, -0.3
1699, 0.0
1700, -0.3
1701, 0.0
1702, 0.0
1703, 0.0
1704, -0.1
1705, -0.2
1706, 0.0
1707, -0.1
1708, -0.2
1709, 0.3
1710, -0.1
1711, 0.3
1712, -0.2
1713, 0.1
1714, -0.1
1715, 0.0
1716, -0.2
1717, -0.2
1718, -0.3
1719, -0.2
1720, 0.1
1721, -0.3
1722, 0.0
1723, -0.4
1724, -0.6
1725, 0.0
1726, -0.6
1727, 0.0
1728, 0.3
1729, 0.2
1730, -0.2
1731, -0.1
1732, 0.2
1733, -0.1
1734, 0.0
1735, 0.0
1736, 0.3
1737, -0.2
1738, 0.3
1739, 0.1
1740, 0.2
1741, -0.4
1742, 0.3
1743, 0.0
1744, 0.0
1745, -0.2
1746, 0.1
1747, -0.1
1748, -0.1
1749, -0.5
1750, 0.2
1751, 0.1
1752, 0.2
1753, -0.1
1754, -0.3
1755, -0.4
1756, -0.1
1757, 0.0
1758, -0.4
1759, -0.2
1760, -0.1
1761, -0.1
1762, 0.3
1763, -0.4
1764, 0.2
1765, -0.4
1766, -0.2
1767, 0.0
1768, 0.1
1769, 0.2
1770, 0.0
1771, -0.2
1772, 0.0
1773, 0.0
1774, -0.3
1775, -0.3
1776, -0.2
1777, -0.2
1778, 0.0
1779, 0.1
1780, -0.2
1781, 0.1
1782, 0.4
1783, 0.2
1784, 0.1
1785, 0.2
1786, -0.1
1787, 0.2
1788, 0.3
1789, 0.0
1790, 0.1
1791, -0.2
1792, -0.2
1793, -0.2
1794, 0.1
1795, 0.2
1796, -0.2
1797, 0.3
1798, 0.1
1799, -0.1
1800, -0.2
1801, -0.3
1802, 0.1
1803, 0.0
1804, 0.4
1805, 0.0
1806, 0.1
1807, 0.0
1808, 0.0
1809, 0.1
1810, 0.2
1811, 0.1
1812, -0.3
1813, 0.2
1814, -0.2
1815, 0.0
1816, 0.3
1817, 0.1
1818, 0.5
1819, -0.1
1820, -0.1
1821, -0.1
1822, -0.2
1823, 0.3
1824, -0.2
1825, -0.1
1826, 0.2
1827, -0.2
1828, 0.0
1829, 0.1
1830, 0.2
1831, 0.2
1832, -0.6
1833, -0.2
1834, -0.1
1835, 0.4
1836, 0.4
1837, 0.1
1838, 0.2
1839, -0.1
1840, 0.1
1841, -0.2
1842, -0.1
1843, -0.2
1844, -0.1
1845, 0.4
1846, -0.1
1847, 0.2
1848, -0.1
1849, -0.2
1850, -0.3
1851, -0.3
1852, -0.2
1853, -0.5
1854, 0.0
1855, 0.3
1856, -0.2
1857, -0.4
1858, -0.2
1859, -0.2
1860, 0.2
1861, -0.2
1862, -0.2
1863, 0.0
1864, 0.3
1865, 0.0
1866, 0.2
1867, 0.1
1868, -0.2
1869, 0.4
1870, 0.2
1871, 0.2
1872, -0.4
1873, 0.0
1874, 0.2
1875, -0.1
1876, 0.1
1877, 0.3
1878, -0.3
1879, -0.1
1880, 0.0
1881, 0.1
1882, 0.0
1883, -0.1
1884, -0.1
1885, -0.2
1886, -0.1
1887, -0.4
1888, -0.4
1889, 0.2
1890, 0.3
1891, -0.2
1892, 0.4
1893, 0.5
1894, -0.2
1895, 0.1
1896, 0.1
1897, 0.0
1898, -0.1
1899, -0.2
1900, 0.1
1901, -0.2
1902, 0.2
1903, 0.4
1904, -0.1
1905, 0.0
1906, 0.0
1907, -0.1
1908, -0.4
1909, -0.1
1910, -0.1
1911, -0.3
1912, -0.2
1913, 0.1
1914, 0.4
1915, -0.4
1916, -0.1
1917, 0.2
1918, -0.1
1919, -0.1
1920, 0.1
1921, 0.1
1922, -0.1
1923, 0.2
1924, 0.0
1925, 0.2
1926, 0.1
1927, 0.2
1928, -0.1
1929, 0.0
1930, -0.3
1931, 0.0
1932, -0.2
1933, 0.4
1934, -0.1
1935, 0.3
1936, -0.7
1937, -0.2
1938, 0.4
1939, -0.1
1940, -0.4
1941, -0.6
1942, 0.2
1943, 0.1
1944, 0.1
1945, 0.3
1946, 0.0
1947, -0.2
1948, 0.2
1949, 0.0
1950, 0.0
1951, -0.1
1952, -0.1
1953, 0.0
1954, 0.0
1955, 0.1
1956, 0.0
1957, 0.1
1958, 0.0
1959, 0.1
1960, -0.4
1961, 0.3
1962, -0.3
1963, 0.3
1964, 0.0
1965, 0.3
1966, 0.2
1967, -0.1
1968, -0.2
1969, -0.2
1970, -0.1
1971, 0.0
1972, 0.0
1973, 0.3
1974, 0.1
1975, 0.4
1976, 0.2
1977, -0.3
1978, -0.4
1979, -0.2
1980, 0.0
1981, 0.2
1982, -0.2
1983, 0.2
1984, -0.2
1985, -0.3
1986, 0.3
1987, -0.2
1988, -0.2
1989, 0.1
1990, 0.1
1991, -0.3
1992, 0.0
1993, 0.2
1994, -0.3
1995, -0.3
1996, -0.2
1997, 0.2
1998, 0.2
1999, 0.2
2000, 0.3
2001, 0.1
2002, 0.3
2003, 0.2
2004, 0.0
2005, 0.0
2006, -0.2
2007, 0.3
2008, -0.2
2009, -0.6
2010, -0.1
2011, 0.1
2012, -0.3
2013, 0.2
2014, -0.1
2015, 0.2
2016, 0.0
2017, -0.1
2018, 0.3
2019, -0.2
2020, 0.1
2021, -0.1
2022, 0.0
2023, -0.2
2024, -0.1
2025, 0.2
2026, -0.1
2027, -0.1
2028, -0.1
2029, 0.3
2030, -0.2
2031, -0.3
2032, -0.3
2033, -0.2
2034, -0.1
2035, -0.2
2036, 0.2
2037, 0.4
2038, -0.5
2039, -0.1
2040, 0.0
2041, -0.2
2042, -0.1
2043, 0.0
2044, -0.1
2045, 0.3
2046, -0.1
2047, -0.2
2048, 0.0
2049, 0.1
2050, 0.0
2051, 0.0
2052, 0.2
2053, 0.1
2054, 0.2
2055, 0.1
2056, -0.1
2057, -0.5
2058, 0.0
2059, 0.0
2060, -0.1
2061, -0.2
2062, 0.1
2063, 0.1
2064, -0.2
2065, -0.1
2066, 0.2
2067, 0.3
2068, 0.0
2069, -0.1
2070, -0.5
2071, 0.1
2072, -0.1
2073, 0.4
2074, -0.4
2075, 0.3
2076, -0.1
2077, 0.4
2078, 0.3
2079, -0.1
2080, 0.1
2081, -0.3
2082, 0.1
2083, -0.5
2084, 0.0
2085, 0.3
2086, -0.2
2087, -0.3
2088, 0.0
2089, -0.2
2090, 0.3
2091, 0.2
2092, 0.5
2093, 0.2
2094, -0.3
2095, -0.4
2096, 0.1
2097, 0.0
2098, 0.1
2099, -0.4
2100, 0.1
2101, -0.1
2102, -0.5
2103, -0.1
2104, -0.1
2105, 0.0
2106, 0.1
2107, -0.3
2108, -0.1
2109, 0.5
2110, -0.4
2111, -0.2
2112, -0.4
2113, 0.0
2114, 0.2
2115, -0.2
2116, 0.0
2117, -0.6
2118, 0.0
2119, 0.4
2120, -0.2
2121, -0.1
2122, -0.1
2123, 0.2
2124, 0.1
2125, -0.3
2126, 0.3
2127, 0.0
2128, -0.2
2129, 0.0
2130, -0.1
2131, 0.1
2132, 0.0
2133, 0.3
2134, 0.0
2135, 0.2
2136, 0.1
2137, 0.0
2138, 0.1
2139, -0.2
2140, 0.3
2141, 0.0
2142, 0.0
2143, 0.0
2144, -0.3
2145, 0.0
2146, 0.1
2147, 0.0
2148, 0.0
2149, 0.0
2150, 0.3
2151, 0.2
2152, -0.3
2153, 0.0
2154, 0.1
2155, -0.2
2156, 0.0
2157, 0.2
2158, -0.7
2159, 0.5
2160, 0.0
2161, 0.2
2162, 0.4
2163, 0.2
2164, -0.1
2165, 0.3
2166, 0.1
2167, 0.2
2168, -0.1
2169, 0.0
2170, 0.0
2171, -0.2
2172, -0.6
2173, -0.4
2174, -0.3
2175, 0.3
2176, 0.1
2177, -0.1
2178, 0.3
2179, 0.3
2180, 0.0
2181, 0.0
2182, -0.4
2183, 0.0
2184, 0.0
2185, -0.1
2186, 0.2
2187, 0.0
2188, -0.1
2189, -0.2
2190, 0.1
2191, 0.4
2192, 0.2
2193, 0.0
2194, -0.3
2195, 0.3
2196, 0.1
2197, 0.1
2198, 0.3
2199, 0.1
2200, 0.1
2201, -0.2
2202, 0.0
2203, 0.0
2204, 0.1
2205, 0.3
2206, 0.1
2207, 0.0
2208, 0.0
2209, 0.2
2210, -0.1
2211, 0.2
2212, -0.1
2213, 0.1
2214, 0.0
2215, 0.0
2216, 0.0
2217, 0.2
2218, 0.2
2219, -0.3
2220, 0.1
2221, -0.2
2222, -0.2
2223, 0.1
2224, 0.1
2225, 0.5
2226, -0.1
2227, -0.1
2228, 0.0
2229, 0.0
2230, -0.1
2231, 0.0
2232, -0.3
2233, 0.4
2234, -0.4
2235, 0.4
2236, 0.1
2237, 0.3
2238, 0.3
2239, -0.2
2240, -0.3
2241, 0.1
2242, 0.2
2243, 0.0
2244, 0.2
2245, -0.6
2246, -0.1
2247, -0.2
2248, -0.2
2249, 0.2
2250, 0.2
2251, -0.2
2252, -0.1
2253, -0.1
2254, 0.2
2255, 0.1
2256, -0.1
2257, -0.2
2258, -0.1
2259, -0.1
2260, 0.0
2261, 0.4
2262, 0.0
2263, -0.4
2264, -0.1
2265, 0.2
2266, 0.3
2267, 0.3
2268, 0.1
2269, 0.4
2270, 0.1
2271, 0.3
2272, 0.1
2273, 0.1
2274, -0.3
2275, 0.3
2276, 0.1
2277, -0.2
2278, 0.0
2279, 0.2
2280, -0.5
2281, 0.0
2282, 0.0
2283, 0.1
2284, 0.0
2285, 0.1
2286, -0.2
2287, -0.2
2288, 0.0
2289, -0.2
2290, 0.2
2291, 0.1
2292, 0.1
2293, 0.3
2294, 0.5
2295, -0.2
2296, 0.3
2297, 0.3
2298, -0.1
2299, -0.2
2300, -0.4
2301, 0.1
2302, 0.4
2303, -0.2
2304, -0.2
2305, 0.0
2306, 0.0
2307, -0.1
2308, 0.3
2309, 0.1
2310, -0.2
2311, 0.0
2312, 0.1
2313, 0.1
2314, 0.4
2315, 0.4
2316, 0.4
2317, 0.1
2318, 0.2
2319, 0.1
2320, 0.4
2321, 0.1
2322, -0.3
2323, -0.2
2324, 0.3
2325, 0.0
2326, -0.1
2327, 0.2
2328, -0.2
2329, -0.3
2330, 0.3
2331, 0.1
2332, 0.1
2333, 0.1
2334, 0.1
2335, 0.2
2336, -0.1
2337, -0.3
2338, -0.2
2339, -0.3
2340, 0.1
2341, 0.3
2342, -0.4
2343, 0.3
2344, -0.1
2345, 0.5
2346, 0.2
2347, -0.2
2348, 0.0
2349, 0.1
2350, 0.1
2351, 0.1
2352, 0.3
2353, 0.1
2354, -0.5
2355, 0.1
2356, -0.1
2357, -0.1
2358, 0.0
2359, 0.3
2360, 0.0
2361, -0.1
2362, 0.1
2363, 0.2
2364, -0.5
2365, -0.3
2366, 0.3
2367, 0.1
2368, 0.4
2369, 0.1
2370, -0.3
2371, 0.2
2372, -0.2
2373, 0.4
2374, -0.1
2375, 0.2
2376, 0.5
2377, 0.0
2378, -0.2
2379, -0.1
2380, -0.1
2381, 0.0
2382, 0.1
2383, 0.2
2384, -0.1
2385, -0.1
2386, -0.2
2387, 0.3
2388, 0.5
2389, 0.3
2390, 0.1
2391, -0.1
2392, -0.3
2393, -0.1
2394, 0.3
2395, -0.6
2396, -0.1
2397, -0.2
2398, 0.2
2399, -0.4
2400, -0.1
2401, -0.2
2402, 0.3
2403, 0.3
2404, -0.1
2405, -0.1
2406, 0.0
2407, -0.1
2408, -0.3
2409, 0.1
2410, -0.1
2411, 0.4
2412, 0.2
2413, 0.0
2414, 0.3
2415, -0.1
2416, -0.3
2417, -0.4
2418, 0.1
2419, 0.0
2420, 0.2
2421, 0.2
2422, -0.1
2423, 0.0
2424, 0.1
2425, 0.2
2426, 0.3
2427, 0.0
2428, 0.3
2429, -0.1
2430, 0.2
2431, -0.1
2432, 0.2
2433, -0.3
2434, 0.1
2435, -0.2
2436, -0.4
2437, -0.1
2438, 0.3
2439, 0.0
2440, -0.2
2441, 0.0
2442, 0.2
2443, 0.2
2444, -0.1
2445, -0.2
2446, -0.2
2447, 0.0
2448, -0.4
2449, -0.1
2450, -0.1
2451, -0.2
2452, -0.3
2453, -0.3
2454, -0.2
2455, 0.0
2456, 0.3
2457, -0.3
2458, 0.1
2459, 0.0
2460, -0.2
2461, 0.0
2462, -0.2
2463, 0.0
2464, 0.1
2465, -0.2
2466, -0.2
2467, -0.1
2468, 0.3
2469, 0.3
2470, -0.3
2471, 0.2
2472, 0.1
2473, -0.3
2474, 0.4
2475, 0.2
2476, 0.1
2477, 0.0
2478, -0.2
2479, 0.1
2480, -0.2
2481, -0.1
2482, 0.0
2483, -0.2
2484, 0.3
2485, -0.3
2486, 0.2
2487, -0.1
2488, 0.4
2489, 0.0
2490, -0.3
2491, 0.2
2492, -0.1
2493, -0.3
2494, 0.0
2495, 0.1
2496, 0.0
2497, 0.3
2498, -0.1
2499, 0.2
2500, -0.2
2501, 0.3
2502, -0.2
2503, 0.1
2504, 0.3
2505, 0.1
2506, 0.0
2507, 0.2
2508, -0.7
2509, 0.1
2510, 0.1
2511, 0.0
2512, 0.1
2513, -0.4
2514, 0.0
2515, 0.3
2516, 0.1
2517, 0.1
2518, 0.1
2519, -0.1
2520, 0.3
2521, 0.0
2522, 0.2
2523, 0.1
2524, -0.5
2525, 0.2
2526, 0.0
2527, -0.1
2528, -0.1
2529, -0.2
2530, 0.0
2531, -0.1
2532, 0.1
2533, -0.2
2534, -0.3
2535, 0.3
2536, 0.1
2537, -0.1
2538, 0.1
2539, -0.3
2540, 0.1
2541, 0.3
2542, 0.0
2543, 0.1
2544, -0.1
2545, 0.1
2546, 0.1
2547, 0.2
2548, 0.0
2549, 0.0
2550, -0.2
2551, 0.1
2552, 0.2
2553, -0.2
2554, 0.0
2555, -0.1
2556, 0.2
2557, -0.2
2558, 0.0
2559, 0.1
2560, -0.2
2561, -0.1
2562, -0.2
2563, 0.2
2564, 0.2
2565, -0.2
2566, 0.2
2567, -0.1
2568, -0.3
2569, -0.2
2570, 0.4
2571, 0.2
2572, 0.0
2573, 0.0
2574, -0.1
2575, -0.3
2576, 0.0
2577, 0.2
2578, 0.3
2579, -0.3
2580, -0.2
2581, 0.2
2582, -0.1
2583, 0.1
2584, -0.1
2585, 0.5
2586, 0.1
2587, 0.2
2588, 0.1
2589, 0.3
2590, 0.3
2591, 0.2
2592, 0.2
2593, -0.2
2594, -0.3
2595, -0.4
2596, 0.0
2597, 0.2
2598, -0.1
2599, -0.1
2600, -0.1
2601, 0.2
2602, -0.2
2603, -0.4
2604, -0.1
2605, -0.2
2606, -0.5
2607, 0.2
2608, -0.1
2609, 0.2
2610, -0.4
2611, 0.0
2612, 0.2
2613, 0.5
2614, -0.4
2615, 0.2
2616, 0.0
2617, 0.0
2618, -0.1
2619, -0.4
2620, 0.1
2621, -0.1
2622, -0.7
2623, 0.1
2624, 0.2
2625, 0.2
2626, 0.0
2627, 0.1
2628, -0.1
2629, 0.1
2630, 0.0
2631, -0.2
2632, -0.1
2633, 0.0
2634, 0.1
2635, 0.1
2636, 0.2
2637, 0.3
2638, -0.2
2639, -0.2
2640, -0.3
2641, 0.0
2642, -0.3
2643, -0.2
2644, 0.2
2645, 0.3
2646, 0.0
2647, -0.1
2648, -0.4
2649, -0.1
2650, 0.0
2651, 0.3
2652, 0.3
2653, 0.0
2654, -0.1
2655, 0.1
2656, -0.3
2657, -0.1
2658, -0.2
2659, 0.1
2660, 0.2
2661, -0.4
2662, 0.4
2663, -0.5
2664, -0.1
2665, 0.3
2666, -0.3
2667, 0.0
2668, 0.1
2669, 0.1
2670, 0.3
2671, -0.4
2672, 0.0
2673, 0.1
2674, 0.3
2675, 0.3
2676, 0.0
2677, -0.2
2678, -0.3
2679, 0.2
2680, 0.0
2681, -0.1
2682, 0.1
2683, 0.1
2684, 0.2
2685, 0.0
2686, 0.3
2687, 0.1
2688, 0.3
2689, 0.3
2690, -0.1
2691, 0.2
2692, -0.3
2693, 0.3
2694, 0.3
2695, -0.2
2696, 0.1
2697, -0.1
2698, 0.2
2699, 0.2
2700, 0.0
2701, -0.1
2702, 0.2
2703, 0.1
2704, 0.3
2705, 0.2
2706, 0.2
2707, 0.0
2708, -0.2
2709, -0.1
2710, 0.0
2711, 0.3
2712, 0.0
2713, -0.5
2714, -0.5
2715, 0.1
2716, -0.1
2717, 0.2
2718, -0.2
2719, -0.1
2720, 0.1
2721, 0.0
2722, 0.0
2723, -0.1
2724, 0.1
2725, 0.3
2726, -0.6
2727, -0.2
2728, -0.1
2729, 0.0
2730, 0.1
2731, -0.3
2732, 0.0
2733, -0.2
2734, -0.2
2735, 0.1
2736, -0.2
2737, -0.1
2738, -0.1
2739, 0.1
2740, 0.1
2741, 0.0
2742, -0.2
2743, -0.3
2744, -0.2
2745, 0.1
2746, -0.3
2747, -0.2
2748, 0.1
2749, 0.2
2750, -0.1
2751, -0.1
2752, 0.2
2753, 0.1
2754, -0.2
2755, 0.2
2756, 0.1
2757, -0.5
2758, 0.1
2759, 0.1
2760, 0.1
2761, -0.2
2762, 0.3
2763, 0.1
2764, 0.2
2765, 0.1
2766, -0.1
2767, 0.1
2768, 0.0
2769, 0.1
2770, -0.1
2771, -0.1
2772, -0.2
2773, 0.1
2774, 0.1
2775, 0.0
2776, 0.2
2777, 0.4
2778, -0.1
2779, -0.3
2780, 0.1
2781, -0.1
2782, 0.2
2783, 0.1
2784, -0.2
2785, -0.2
2786, 0.1
2787, 0.3
2788, 0.2
2789, 0.1
2790, -0.1
2791, 0.3
2792, 0.1
2793, 0.4
2794, 0.0
2795, 0.2
2796, 0.2
2797, 0.1
2798, 0.1
2799, 0.1
2800, -0.4
2801, -0.5
2802, -0.4
2803, 0.2
2804, -0.1
2805, -0.1
2806, 0.2
2807, -0.1
2808, -0.5
2809, 0.0
2810, -0.3
2811, -0.3
2812, 0.4
2813, 0.1
2814, -0.1
2815, 0.0
2816, 0.1
2817, -0.1
2818, 0.4
2819, 0.1
2820, 0.4
2821, 0.0
2822, 0.0
2823, -0.4
2824, 0.3
2825, 0.0
2826, 0.1
2827, -0.1
2828, 0.2
2829, 0.1
2830, -0.3
2831, 0.2
2832, -0.5
2833, 0.1
2834, 0.0
2835, 0.1
2836, 0.1
2837, 0.3
2838, 0.2
2839, 0.5
2840, -0.4
2841, -0.2
2842, 0.0
2843, -0.3
2844, 0.2
2845, -0.1
2846, 0.0
2847, 0.0
2848, 0.2
2849, 0.1
2850, 0.3
2851, 0.0
2852, 0.1
2853, 0.2
2854, -0.1
2855, 0.3
2856, 0.3
2857, 0.1
2858, 0.2
2859, -0.2
2860, 0.1
2861, 0.2
2862, 0.0
2863, -0.3
2864, 0.3
2865, 0.3
2866, -0.3
2867, 0.3
2868, -0.2
2869, 0.1
2870, 0.3
2871, 0.3
2872, -0.2
2873, -0.3
2874, -0.2
2875, 0.0
2876, 0.1
2877, 0.1
2878, 0.0
2879, 0.1
2880, 0.1
2881, 0.0
2882, 0.1
2883, -0.1
2884, 0.2
2885, -0.2
2886, -0.5
2887, -0.3
2888, -0.1
2889, 0.0
2890, 0.1
2891, 0.1
2892, -0.2
2893, -0.4
2894, 0.1
2895, 0.0
2896, 0.0
2897, 0.2
2898, 0.2
2899, -0.1
2900, -0.2
2901, 0.4
2902, -0.2
2903, -0.2
2904, 0.0
2905, -0.4
2906, 0.1
2907, 0.3
2908, 0.0
2909, 0.1
2910, 0.1
2911, 0.0
2912, 0.0
2913, -0.2
2914, 0.3
2915, 0.3
2916, -0.2
2917, 0.3
2918, 0.2
2919, 0.0
2920, 0.4
2921, 0.2
2922, 0.2
2923, 0.3
2924, 0.3
2925, -0.3
2926, 0.3
2927, -0.1
2928, 0.2
2929, -0.1
2930, -0.3
2931, -0.2
2932, 0.2
2933, 0.0
2934, 0.1
2935, 0.1
2936, 0.2
2937, 0.0
2938, 0.2
2939, 0.2
2940, -0.1
2941, 0.2
2942, 0.5
2943, -0.1
2944, 0.4
2945, 0.1
2946, 0.2
2947, -0.2
2948, 0.2
2949, 0.2
2950, 0.1
2951, -0.1
2952, 0.1
2953, -0.4
2954, 0.3
2955, 0.1
2956, 0.3
2957, -0.3
2958, -0.1
2959, -0.1
2960, 0.1
2961, 0.0
2962, 0.2
2963, 0.0
2964, 0.1
2965, 0.1
2966, -0.1
2967, 0.2
2968, 0.0
2969, 0.0
2970, 0.3
2971, -0.1
2972, 0.0
2973, 0.2
2974, 0.1
2975, -0.2
2976, 0.0
2977, -0.2
2978, 0.2
2979, -0.1
2980, -0.1
2981, 0.5
2982, 0.2
2983, 0.2
2984, 0.2
2985, 0.5
2986, 0.1
2987, 0.1
2988, 0.1
2989, -0.1
2990, 0.0
2991, 0.0
2992, -0.1
2993, 0.0
2994, 0.2
2995, 0.1
2996, 0.3
2997, -0.1
2998, 0.2
2999, -0.2
3000, -0.1
3001, 0.1
3002, 0.2
3003, 0.2
3004, 0.1
3005, 0.0
3006, -0.3
3007, 0.0
3008, 0.4
3009, 0.2
3010, -0.5
3011, 0.0
3012, 0.2
3013, -0.1
3014, 0.2
3015, 0.2
3016, -0.3
3017, 0.0
3018, 0.1
3019, -0.1
3020, -0.5
3021, 0.1
3022, -0.2
3023, -0.6
3024, 0.1
3025, -0.1
3026, 0.3
3027, 0.0
3028, 0.1
3029, 0.0
3030, -0.1
3031, 0.1
3032, 0.0
3033, 0.0
3034, -0.4
3035, 0.0
3036, 0.2
3037, 0.1
3038, 0.1
3039, -0.3
3040, 0.1
3041, -0.1
3042, 0.0
3043, 0.0
3044, 0.2
3045, 0.2
3046, 0.0
3047, -0.3
3048, 0.1
3049, -0.2
3050, -0.2
3051, 0.3
3052, -0.3
3053, -0.1
3054, 0.2
3055, 0.2
3056, 0.1
3057, 0.0
3058, 0.0
3059, -0.4
3060, -0.1
3061, -0.3
3062, -0.4
3063, -0.1
3064, 0.5
3065, -0.2
3066, -0.4
3067, 0.0
3068, -0.6
3069, -0.1
3070, 0.0
3071, 0.1
3072, 0.1
3073, -0.2
3074, -0.2
3075, 0.0
3076, 0.0
3077, 0.2
3078, -0.2
3079, -0.2
3080, 0.2
3081, -0.1
3082, 0.1
3083, -0.3
3084, 0.1
3085, -0.1
3086, 0.2
3087, 0.0
3088, -0.2
3089, 0.1
3090, 0.0
3091, -0.1
3092, 0.2
3093, -0.1
3094, 0.1
3095, -0.2
3096, -0.1
3097, 0.0
3098, 0.1
3099, 0.2
3100, 0.1
3101, 0.1
3102, 0.2
3103, -0.1
3104, -0.2
3105, 0.2
3106, -0.4
3107, 0.2
3108, -0.5
3109, 0.1
3110, -0.1
3111, -0.1
3112, -0.4
3113, 0.2
3114, 0.3
3115, -0.6
3116, 0.2
3117, 0.0
3118, 0.0
3119, 0.0
3120, -0.3
3121, -0.4
3122, -0.1
3123, 0.0
3124, 0.2
3125, -0.1
3126, -0.5
3127, 0.1
3128, 0.3
3129, 0.3
3130, 0.3
3131, 0.1
3132, -0.5
3133, 0.2
3134, 0.2
3135, -0.1
3136, -0.6
3137, 0.0
3138, -0.1
3139, 0.1
3140, -0.3
3141, 0.1
3142, -0.1
3143, -0.2
3144, 0.2
3145, 0.0
3146, -0.1
3147, -0.2
3148, 0.3
3149, 0.2
3150, -0.2
3151, -0.1
3152, 0.1
3153, -0.1
3154, 0.2
3155, -0.2
3156, 0.1
3157, -0.4
3158, -0.2
3159, 0.5
3160, -0.1
3161, -0.3
3162, -0.1
3163, -0.4
3164, -0.3
3165, -0.2
3166, 0.0
3167, -0.2
3168, 0.2
3169, 0.1
3170, -0.1
3171, -0.2
3172, 0.0
3173, 0.2
3174, -0.3
3175, 0.1
3176, 0.4
3177, -0.3
3178, 0.2
3179, 0.2
3180, 0.0
3181, -0.1
3182, 0.1
3183, -0.1
3184, 0.1
3185, 0.2
3186, 0.0
3187, -0.2
3188, 0.1
3189, 0.4
3190, -0.3
3191, 0.1
3192, -0.1
3193, -0.1
3194, 0.0
3195, -0.3
3196, -0.2
3197, 0.4
3198, -0.3
3199, -0.4
3200, 0.4
3201, 0.0
3202, -0.1
3203, 0.3
3204, -0.3
3205, -0.1
3206, 0.2
3207, -0.2
3208, -0.1
3209, 0.0
3210, -0.5
3211, -0.2
3212, 0.4
3213, 0.3
3214, -0.1
3215, 0.4
3216, 0.1
3217, 0.5
3218, 0.1
3219, 0.2
3220, -0.3
3221, -0.2
3222, -0.2
3223, -0.1
3224, -0.4
3225, 0.1
3226, 0.2
3227, 0.4
3228, 0.5
3229, 0.3
3230, -0.1
3231, -0.1
3232, 0.5
3233, 0.1
3234, -0.1
3235, 0.0
3236, 0.3
3237, -0.3
3238, 0.2
3239, 0.1
3240, -0.1
3241, 0.0
3242, 0.0
3243, 0.2
3244, -0.2
3245, -0.2
3246, 0.3
3247, 0.3
3248, 0.1
3249, -0.2
3250, 0.4
3251, 0.0
3252, 0.1
3253, 0.1
3254, 0.1
3255, -0.1
3256, 0.1
3257, -0.3
3258, 0.2
3259, 0.0
3260, -0.3
3261, 0.3
3262, -0.3
3263, 0.1
3264, -0.1
3265, 0.2
3266, -0.2
3267, 0.0
3268, 0.3
3269, 0.0
3270, -0.2
3271, 0.4
3272, 0.5
3273, 0.1
3274, 0.1
3275, -0.4
3276, -0.1
3277, -0.2
3278, -0.1
3279, 0.2
3280, 0.3
3281, -0.1
3282, 0.0
3283, -0.4
3284, -0.3
3285, 0.2
3286, 0.0
3287, -0.6
3288, -0.1
3289, 0.3
3290, 0.2
3291, 0.1
3292, 0.0
3293, 0.1
3294, -0.3
3295, 0.1
3296, 0.1
3297, -0.2
3298, 0.2
3299, -0.5
3300, -0.2
3301, 0.2
3302, 0.4
3303, -0.2
3304, -0.4
3305, -0.1
3306, -0.4
3307, 0.2
3308, 0.0
3309, 0.3
3310, -0.2
3311, -0.1
3312, -0.4
3313, -0.2
3314, -0.3
3315, -0.5
3316, 0.2
3317, 0.0
3318, 0.0
3319, -0.1
3320, 0.3
3321, -0.2
3322, 0.0
3323, -0.1
3324, -0.5
3325, -0.1
3326, 0.0
3327, 0.3
3328, 0.0
3329, 0.2
3330, -0.2
3331, 0.2
3332, -0.1
3333, 0.4
3334, 0.3
3335, -0.2
3336, -0.1
3337, 0.0
3338, -0.1
3339, -0.1
3340, -0.2
3341, -0.3
3342, -0.3
3343, -0.5
3344, -0.1
3345, 0.3
3346, 0.1
3347, -0.1
3348, -0.1
3349, -0.1
3350, 0.4
3351, -0.2
3352, 0.0
3353, 0.0
3354, -0.2
3355, 0.1
3356, 0.1
3357, -0.1
3358, 0.3
3359, -0.1
3360, -0.1
3361, 0.1
3362, 0.0
3363, 0.0
3364, 0.1
3365, 0.1
3366, 0.4
3367, -0.1
3368, 0.1
3369, 0.0
3370, 0.1
3371, -0.1
3372, 0.2
3373, -0.2
3374, 0.3
3375, 0.0
3376, -0.2
3377, -0.5
3378, -0.1
3379, 0.0
3380, 0.2
3381, 0.1
3382, 0.0
3383, 0.3
3384, -0.3
3385, -0.1
3386, -0.3
3387, 0.0
3388, -0.4
3389, 0.1
3390, 0.0
3391, -0.2
3392, 0.1
3393, 0.0
3394, 0.0
3395, -0.2
3396, 0.0
3397, 0.2
3398, -0.1
3399, 0.2
3400, -0.1
3401, -0.3
3402, -0.1
3403, 0.1
3404, 0.0
3405, 0.4
3406, -0.1
3407, 0.0
3408, 0.2
3409, -0.1
3410, -0.2
3411, 0.0
3412, -0.2
3413, 0.1
3414, -0.3
3415, -0.3
3416, 0.1
3417, -0.2
3418, 0.2
3419, 0.0
3420, 0.2
3421, 0.0
3422, -0.1
3423, 0.0
3424, 0.0
3425, 0.2
3426, -0.2
3427, -0.1
3428, 0.4
3429, -0.6
3430, 0.2
3431, -0.2
3432, 0.2
3433, 0.3
3434, 0.3
3435, -0.4
3436, 0.1
3437, 0.0
3438, 0.0
3439, 0.1
3440, 0.1
3441, 0.0
3442, 0.2
3443, -0.2
3444, 0.2
3445, 0.1
3446, 0.0
3447, -0.2
3448, 0.2
3449, 0.3
3450, 0.3
3451, 0.3
3452, 0.3
3453, 0.2
3454, 0.1
3455, 0.1
3456, 0.1
3457, -0.2
3458, 0.1
3459, -0.1
3460, -0.6
3461, 0.0
3462, 0.1
3463, -0.3
3464, 0.0
3465, -0.3
3466, -0.2
3467, 0.0
3468, 0.2
3469, 0.1
3470, 0.1
3471, 0.2
3472, 0.1
3473, -0.2
3474, 0.3
3475, 0.1
3476, -0.3
3477, -0.1
3478, 0.1
3479, -0.1
3480, 0.2
3481, -0.3
3482, 0.3
3483, 0.0
3484, 0.2
3485, -0.1
3486, -0.1
3487, -0.2
3488, 0.0
3489, -0.1
3490, 0.0
3491, 0.2
3492, 0.3
3493, -0.5
3494, 0.2
3495, -0.3
3496, 0.2
3497, 0.2
3498, 0.2
3499, 0.2
3500, -0.2
3501, -0.3
3502, 0.0
3503, -0.1
3504, 0.5
3505, 0.2
3506, 0.2
3507, 0.0
3508, -0.1
3509, 0.1
3510, 0.1
3511, 0.2
3512, 0.0
3513, -0.2
3514, 0.0
3515, -0.1
3516, 0.1
3517, -0.1
3518, -0.3
3519, -0.2
3520, -0.4
3521, -0.4
3522, 0.1
3523, 0.1
3524, -0.2
3525, 0.3
3526, 0.0
3527, 0.3
3528, -0.1
3529, 0.1
3530, -0.1
3531, 0.5
3532, 0.3
3533, 0.3
3534, 0.0
3535, 0.0
3536, 0.2
3537, 0.2
3538, -0.3
3539, -0.2
3540, 0.3
3541, 0.2
3542, 0.4
3543, -0.3
3544, 0.0
3545, 0.0
3546, -0.3
3547, -0.1
3548, -0.1
3549, -0.4
3550, 0.0
3551, -0.4
3552, 0.3
3553, -0.3
3554, -0.3
3555, 0.4
3556, 0.3
3557, 0.2
3558, 0.1
3559, 0.1
3560, -0.2
3561, 0.4
3562, 0.0
3563, -0.5
3564, 0.3
3565, 0.1
3566, 0.3
3567, 0.0
3568, 0.1
3569, -0.3
3570, 0.1
3571, 0.1
3572, -0.4
3573, -0.4
3574, 0.0
3575, -0.2
3576, 0.1
3577, 0.0
3578, 0.0
3579, 0.0
3580, 0.0
3581, -0.1
3582, 0.0
3583, -0.3
3584, 0.2
3585, 0.3
3586, -0.2
3587, 0.2
3588, -0.2
3589, 0.2
3590, 0.0
3591, 0.1
3592, -0.2
3593, 0.1
3594, -0.1
3595, 0.0
3596, 0.2
3597, 0.1
3598, -0.4
3599, -0.1
3600, 0.2
3601, 0.0
3602, -0.2
3603, 0.2
3604, 0.1
3605, -0.2
3606, -0.1
3607, 0.1
3608, 0.1
3609, 0.3
3610, -0.2
3611, 0.0
3612, 0.4
3613, 0.0
3614, 0.0
3615, 0.0
3616, 0.4
3617, -0.1
3618, -0.3
3619, -0.2
3620, -0.1
3621, 0.1
3622, 0.1
3623, 0.1
3624, -0.1
3625, 0.0
3626, 0.5
3627, 0.2
3628, 0.5
3629, -0.1
3630, -0.1
3631, -0.3
3632, 0.1
3633, -0.3
3634, -0.2
3635, -0.1
3636, -0.1
3637, -0.2
3638, 0.1
3639, -0.4
3640, -0.6
3641, 0.1
3642, 0.1
3643, -0.5
3644, 0.0
3645, -0.4
3646, -0.2
3647, 0.2
3648, 0.1
3649, -0.4
3650, 0.0
3651, -0.2
3652, 0.1
3653, 0.0
3654, 0.3
3655, 0.2
3656, -0.5
3657, 0.0
3658, -0.2
3659, 0.0
3660, -0.1
3661, 0.1
3662, -0.1
3663, 0.0
3664, -0.1
3665, -0.2
3666, -0.6
3667, 0.2
3668, 0.0
3669, -0.2
3670, 0.3
3671, 0.4
3672, 0.0
3673, -0.2
3674, 0.2
3675, 0.0
3676, 0.2
3677, 0.2
3678, 0.2
3679, 0.2
3680, 0.0
3681, 0.2
3682, 0.3
3683, -0.3
3684, 0.1
3685, -0.1
3686, 0.0
3687, 0.0
3688, 0.0
3689, -0.1
3690, -0.2
3691, -0.1
3692, 0.1
3693, 0.0
3694, 0.1
3695, 0.2
3696, 0.2
3697, -0.1
3698, -0.4
3699, -0.2
3700, 0.2
3701, 0.1
3702, -0.1
3703, -0.2
3704, 0.0
3705, -0.1
3706, -0.1
3707, 0.3
3708, 0.2
3709, 0.1
3710, 0.2
3711, 0.2
3712, -0.3
3713, -0.5
3714, -0.5
3715, 0.1
3716, -0.3
3717, 0.1
3718, -0.4
3719, -0.1
3720, 0.1
3721, -0.1
3722, -0.1
3723, 0.1
3724, 0.1
3725, -0.3
3726, 0.3
3727, 0.0
3728, 0.1
3729, -0.1
3730, 0.3
3731, -0.4
3732, -0.2
3733, 0.1
3734, -0.2
3735, 0.0
3736, 0.2
3737, -0.2
3738, 0.2
3739, 0.3
3740, 0.1
3741, 0.4
3742, 0.4
3743, -0.2
3744, 0.1
3745, 0.1
3746, 0.0
3747, -0.2
3748, 0.3
3749, 0.1
3750, 0.2
3751, -0.2
3752, -0.1
3753, -0.1
3754, 0.2
3755, 0.3
3756, 0.0
3757, -0.3
3758, 0.3
3759, -0.4
3760, 0.0
3761, 0.0
3762, 0.0
3763, 0.1
3764, 0.1
3765, 0.4
3766, -0.1
3767, 0.0
3768, 0.1
3769, 0.0
3770, -0.2
3771, 0.1
3772, -0.4
3773, -0.1
3774, -0.2
3775, 0.3
3776, 0.0
3777, 0.0
3778, -0.1
3779, 0.0
3780, -0.1
3781, 0.0
3782, 0.0
3783, 0.3
3784, 0.0
3785, -0.4
3786, 0.0
3787, -0.2
3788, 0.1
3789, 0.1
3790, 0.0
3791, 0.1
3792, -0.3
3793, 0.2
3794, -0.1
3795, 0.0
3796, 0.0
3797, -0.2
3798, 0.0
3799, 0.1
3800, -0.3
3801, 0.2
3802, -0.1
3803, 0.1
3804, 0.2
3805, -0.2
3806, 0.1
3807, 0.3
3808, 0.0
3809, 0.0
3810, 0.2
3811, -0.2
3812, -0.2
3813, 0.2
3814, 0.1
3815, 0.1
3816, 0.2
3817, -0.2
3818, -0.1
3819, -0.1
3820, 0.0
3821, 0.0
3822, 0.0
3823, 0.0
3824, -0.2
3825, 0.2
3826, -0.2
3827, -0.4
3828, 0.3
3829, 0.1
3830, -0.1
3831, 0.0
3832, 0.1
3833, 0.1
3834, 0.1
3835, 0.0
3836, -0.2
3837, 0.0
3838, 0.0
3839, -0.2
3840, -0.2
3841, 0.1
3842, -0.3
3843, 0.1
3844, -0.4
3845, -0.1
3846, -0.2
3847, 0.2
3848, -0.2
3849, 0.1
3850, 0.1
3851, -0.4
3852, -0.3
3853, 0.1
3854, 0.0
3855, 0.1
3856, 0.0
3857, 0.2
3858, 0.1
3859, 0.2
3860, -0.2
3861, -0.6
3862, 0.0
3863, 0.3
3864, 0.3
3865, -0.4
3866, -0.2
3867, 0.0
3868, 0.2
3869, 0.1
3870, -0.4
3871, 0.2
3872, -0.3
3873, -0.1
3874, 0.0
3875, -0.1
3876, 0.0
3877, 0.0
3878, 0.2
3879, -0.2
3880, -0.3
3881, -0.2
3882, 0.2
3883, 0.0
3884, -0.4
3885, 0.0
3886, -0.3
3887, 0.1
3888, -0.1
3889, 0.1
3890, -0.2
3891, 0.2
3892, 0.2
3893, 0.0
3894, -0.1
3895, 0.2
3896, 0.0
3897, 0.1
3898, 0.3
3899, -0.2
3900, 0.1
3901, -0.6
3902, -0.4
3903, -0.2
3904, -0.3
3905, 0.1
3906, 0.2
3907, -0.1
3908, -0.6
3909, -0.2
3910, -0.3
3911, 0.2
3912, 0.3
3913, 0.2
3914, 0.0
3915, 0.3
3916, -0.1
3917, -0.2
3918, -0.2
3919, -0.2
3920, -0.3
3921, -0.1
3922, 0.3
3923, -0.4
3924, 0.2
3925, -0.4
3926, 0.2
3927, -0.1
3928, 0.0
3929, 0.0
3930, -0.1
3931, -0.1
3932, 0.1
3933, -0.1
3934, 0.2
3935, 0.1
3936, 0.1
3937, -0.2
3938, 0.0
3939, 0.0
3940, 0.3
3941, 0.3
3942, -0.3
3943, -0.1
3944, 0.1
3945, -0.4
3946, 0.1
3947, 0.0
3948, -0.5
3949, -0.2
3950, 0.5
3951, 0.4
3952, -0.2
3953, 0.2
3954, -0.1
3955, 0.4
3956, 0.3
3957, -0.2
3958, 0.2
3959, -0.3
3960, 0.2
3961, 0.4
3962, 0.0
3963, 0.2
3964, 0.0
3965, 0.1
3966, 0.3
3967, 0.2
3968, 0.2
3969, 0.1
3970, -0.1
3971, 0.2
3972, -0.2
3973, 0.1
3974, -0.1
3975, 0.1
3976, 0.1
3977, 0.3
3978, -0.5
3979, 0.1
3980, -0.1
3981, 0.1
3982, 0.2
3983, 0.1
3984, 0.0
3985, -0.6
3986, 0.0
3987, 0.0
3988, 0.3
3989, -0.4
3990, 0.1
3991, 0.0
3992, 0.0
3993, -0.6
3994, -0.1
3995, 0.2
3996, -0.2
3997, 0.2
3998, 0.2
3999, 0.2
