0, 0.2
1, 0.5
2, -0.5
3, -0.2
4, -0.2
5, -0.2
6, -0.4
7, 0.1
8, -0.3
9, 0.1
10, 0.1
11, -0.1
12, -0.5
13, 0.3
14, 0.4
15, 0.1
16, 0.0
17, -0.1
18, 0.4
19, -0.3
20, -0.2
21, -0.3
22, -0.1
23, 0.2
24, 0.4
25, 0.3
26, -0.1
27, -0.2
28, 0.4
29, -0.4
30, 0.6
31, 0.3
32, -0.1
33, -0.1
34, 0.2
35, 0.1
36, 0.0
37, 0.4
38, 0.3
39, -0.2
40, -0.1
41, -0.2
42, -0.2
43, 0.1
44, -0.1
45, -0.1
46, -0.3
47, -0.1
48, 0.4
49, 0.2
50, -0.1
51, -0.3
52, 0.0
53, -0.3
54, -0.6
55, -0.3
56, -0.2
57, 0.3
58, -0.6
59, 0.0
60, 0.5
61, 0.0
62, -0.1
63, 0.1
64, 0.1
65, -0.1
66, -0.1
67, 0.1
68, -0.4
69, -0.4
70, -0.1
71, 0.2
72, 0.2
73, 0.1
74, -0.1
75, 0.1
76, 0.2
77, -0.4
78, 0.1
79, 0.4
80, 0.2
81, 0.1
82, 0.3
83, 0.1
84, 0.3
85, 0.0
86, -0.4
87, 0.3
88, 0.3
89, 0.5
90, -0.1
91, -0.3
92, 0.3
93, -0.4
94, -0.1
95, 0.4
96, 0.1
97, 0.1
98, -0.3
99, 0.0
100, -0.2
101, 0.3
102, 0.0
103, -0.4
104, -0.3
105, -0.3
106, 0.1
107, 0.1
108, -0.1
109, -0.2
110, 0.2
111, 0.3
112, 0.1
113, 0.2
114, 0.0
115, -0.2
116, 0.1
117, 0.1
118, 0.0
119, -0.3
120, 0.2
121, 0.1
122, -0.1
123, -0.1
124, 0.3
125, 0.1
126, 0.2
127, -0.4
128, 0.2
129, 0.4
130, -0.4
131, -0.2
132, 0.0
133, 0.2
134, 0.3
135, 0.0
136, 0.2
137, 0.2
138, 0.0
139, 0.0
140, -0.2
141, -0.3
142, 0.4
143, 0.1
144, 0.0
145, -0.2
146, 0.0
147, -0.5
148, 0.0
149, 0.3
150, -0.4
151, -0.2
152, 0.0
153, 0.1
154, 0.5
155, -0.4
156, 0.1
157, -0.1
158, -0.3
159, 0.3
160, 0.0
161, 0.0
162, 0.3
163, 0.1
164, -0.2
165, -0.1
166, 0.0
167, 0.3
168, -0.3
169, 0.0
170, 0.0
171, 0.4
172, 0.3
173, 0.0
174, 0.2
175, 0.3
176, 0.1
177, -0.2
178, -0.2
179, -0.4
180, 0.0
181, -0.1
182, 0.3
183, 0.0
184, -0.2
185, -0.1
186, -0.1
187, 0.4
188, 0.1
189, -0.1
190, 0.0
191, -0.3
192, 0.2
193, 0.0
194, 0.1
195, -0.1
196, -0.4
197, 0.0
198, -0.2
199, 0.1
200, 0.2
201, 0.0
202, -0.5
203, -0.2
204, 0.4
205, 0.2
206, 0.2
207, 0.2
208, 0.2
209, 0.0
210, -0.4
211, -0.3
212, 0.0
213, 0.0
214, -0.2
215, -0.5
216, -0.1
217, -0.3
218, -0.2
219, -0.1
220, 0.2
221, 0.1
222, -0.4
223, 0.0
224, 0.2
225, 0.1
226, 0.0
227, 0.1
228, 0.0
229, 0.0
230, -0.2
231, -0.1
232, 0.4
233, 0.2
234, -0.1
235, -0.2
236, -0.2
237, 0.0
238, -0.1
239, 0.4
240, 0.0
241, 0.2
242, 0.2
243, -0.1
244, -0.1
245, 0.0
246, 0.5
247, 0.3
248, -0.1
249, 0.2
250, 0.4
251, 0.0
252, 0.0
253, 0.5
254, 0.2
255, 0.1
256, 0.0
257, -0.1
258, 0.0
259, -0.5
260, -0.5
261, 0.1
262, -0.1
263, -0.1
264, -0.2
265, -0.3
266, -0.4
267, 0.0
268, -0.1
269, -0.2
270, 0.3
271, 0.3
272, -0.5
273, -0.2
274, 0.0
275, -0.1
276, 0.4
277, -0.1
278, -0.2
279, 0.0
280, -0.1
281, -0.1
282, -0.2
283, 0.2
284, -0.2
285, 0.0
286, -0.3
287, 0.0
288, 0.0
289, -0.1
290, 0.1
291, 0.0
292, -0.4
293, 0.3
294, -0.1
295, -0.3
296, -0.4
297, -0.2
298, -0.3
299, 0.0
300, 0.5
301, 0.5
302, 0.0
303, 0.0
304, 0.2
305, 0.0
306, -0.2
307, -0.1
308, 0.0
309, 0.2
310, 0.1
311, 0.1
312, 0.0
313, 0.0
314, -0.2
315, 0.2
316, 0.2
317, -0.1
318, 0.2
319, 0.0
320, 0.1
321, -0.1
322, -0.6
323, 0.1
324, 0.1
325, 0.1
326, -0.2
327, -0.4
328, 0.0
329, 0.3
330, 0.2
331, 0.2
332, 0.1
333, 0.2
334, 0.0
335, -0.1
336, -0.1
337, -0.1
338, 0.3
339, 0.2
340, 0.2
341, -0.1
342, -0.4
343, 0.4
344, -0.1
345, -0.3
346, 0.4
347, -0.1
348, -0.2
349, -0.1
350, 0.2
351, 0.2
352, -0.1
353, -0.1
354, 0.3
355, 0.3
356, -0.3
357, -0.1
358, 0.4
359, 0.2
360, 0.0
361, -0.4
362, -0.2
363, -0.3
364, 0.0
365, 0.0
366, -0.2
367, 0.2
368, 0.0
369, -0.1
370, -0.2
371, 0.2
372, 0.1
373, 0.1
374, 0.2
375, 0.3
376, -0.1
377, -0.1
378, 0.3
379, 0.3
380, -0.3
381, 0.1
382, 0.5
383, 0.1
384, -0.1
385, -0.2
386, 0.2
387, -0.2
388, 0.3
389, 0.1
390, 0.0
391, -0.2
392, -0.1
393, -0.2
394, 0.2
395, -0.3
396, 0.3
397, 0.3
398, -0.1
399, 0.2
400, 0.2
401, -0.1
402, 0.3
403, -0.2
404, 0.2
405, -0.3
406, 0.3
407, 0.5
408, 0.3
409, -0.1
410, -0.3
411, -0.2
412, 0.2
413, -0.2
414, -0.3
415, 0.2
416, 0.2
417, 0.1
418, 0.3
419, -0.2
420, 0.0
421, 0.1
422, 0.2
423, 0.2
424, 0.1
425, -0.4
426, 0.0
427, 0.1
428, 0.2
429, 0.0
430, 0.0
431, 0.1
432, -0.1
433, 0.4
434, -0.3
435, 0.4
436, 0.1
437, 0.1
438, 0.0
439, 0.2
440, 0.0
441, 0.3
442, 0.0
443, 0.4
444, -0.1
445, -0.4
446, 0.1
447, -0.4
448, -0.3
449, -0.1
450, 0.0
451, 0.2
452, 0.1
453, 0.1
454, 0.0
455, 0.3
456, -0.3
457, -0.5
458, 0.1
459, -0.4
460, 0.1
461, 0.0
462, 0.2
463, -0.4
464, -0.3
465, 0.0
466, -0.1
467, 0.2
468, 0.2
469, -0.3
470, -0.2
471, 0.1
472, -0.2
473, 0.4
474, 0.1
475, -0.3
476, 0.1
477, 0.1
478, 0.2
479, 0.2
480, 0.1
481, -0.3
482, 0.0
483, 0.2
484, -0.3
485, -0.1
486, 0.3
487, 0.2
488, 0.3
489, 0.1
490, 0.2
491, -0.1
492, -0.1
493, 0.1
494, 0.2
495, 0.1
496, 0.1
497, 0.0
498, -0.2
499, 0.2
500, 0.4
501, 0.1
502, -0.1
503, -0.3
504, -0.5
505, -0.1
506, 0.1
507, 0.0
508, 0.0
509, 0.0
510, -0.1
511, -0.1
512, 0.1
513, -0.3
514, 0.1
515, 0.1
516, 0.4
517, -0.1
518, -0.1
519, 0.4
520, 0.4
521, -0.2
522, 0.1
523, -0.4
524, 0.0
525, -0.1
526, 0.3
527, 0.1
528, 0.5
529, 0.1
530, 0.3
531, -0.1
532, 0.3
533, 0.1
534, 0.0
535, 0.0
536, 0.4
537, 0.2
538, 0.1
539, 0.3
540, -0.4
541, -0.3
542, 0.1
543, -0.2
544, 0.3
545, 0.2
546, -0.1
547, -0.1
548, -0.2
549, -0.2
550, -0.5
551, -0.7
552, 0.2
553, 0.0
554, 0.2
555, 0.1
556, 0.0
557, 0.1
558, -0.1
559, 0.3
560, -0.1
561, -0.2
562, -0.2
563, -0.1
564, 0.0
565, 0.1
566, 0.2
567, 0.0
568, 0.1
569, -0.2
570, -0.4
571, 0.0
572, 0.3
573, -0.3
574, 0.1
575, 0.0
576, -0.3
577, 0.0
578, -0.2
579, 0.2
580, -0.3
581, -0.2
582, 0.1
583, 0.2
584, 0.0
585, -0.3
586, 0.2
587, 0.3
588, 0.1
589, 0.0
590, 0.0
591, -0.1
592, 0.3
593, 0.0
594, 0.1
595, 0.1
596, 0.2
597, 0.1
598, -0.1
599, 0.3
600, 0.0
601, 0.3
602, -0.3
603, -0.2
604, 0.2
605, 0.3
606, 0.2
607, 0.0
608, 0.1
609, -0.2
610, 0.1
611, -0.2
612, 0.3
613, 0.1
614, 0.1
615, 0.1
616, 0.1
617, -0.3
618, 0.2
619, 0.2
620, -0.1
621, -0.1
622, -0.1
623, -0.5
624, -0.4
625, -0.2
626, 0.0
627, -0.1
628, 0.2
629, -0.1
630, 0.2
631, 0.1
632, -0.1
633, 0.0
634, 0.0
635, 0.0
636, 0.2
637, 0.0
638, -0.1
639, -0.4
640, -0.1
641, -0.3
642, 0.2
643, -0.2
644, 0.2
645, 0.1
646, 0.1
647, 0.0
648, 0.1
649, 0.0
650, 0.0
651, -0.3
652, -0.2
653, 0.2
654, -0.1
655, 0.2
656, -0.2
657, -0.1
658, -0.1
659, 0.4
660, 0.3
661, 0.0
662, 0.3
663, 0.0
664, -0.2
665, 0.0
666, 0.0
667, -0.2
668, 0.1
669, 0.2
670, 0.2
671, -0.4
672, 0.2
673, 0.1
674, 0.3
675, 0.0
676, 0.2
677, 0.0
678, 0.1
679, 0.0
680, 0.2
681, 0.1
682, -0.1
683, 0.2
684, -0.1
685, 0.0
686, -0.1
687, -0.4
688, 0.0
689, 0.0
690, 0.1
691, -0.2
692, 0.2
693, 0.1
694, 0.1
695, 0.2
696, 0.5
697, 0.0
698, -0.1
699, 0.1
700, -0.2
701, -0.3
702, -0.1
703, -0.2
704, 0.0
705, -0.1
706, 0.0
707, 0.0
708, 0.3
709, 0.2
710, 0.3
711, -0.1
712, -0.1
713, -0.3
714, -0.3
715, 0.1
716, -0.2
717, 0.3
718, -0.1
719, 0.5
720, 0.2
721, 0.4
722, 0.1
723, 0.1
724, 0.0
725, 0.1
726, -0.2
727, 0.4
728, 0.1
729, -0.3
730, 0.1
731, 0.3
732, -0.2
733, 0.1
734, 0.1
735, -0.5
736, -0.1
737, 0.1
738, 0.2
739, -0.2
740, -0.2
741, -0.2
742, 0.2
743, 0.1
744, -0.1
745, -0.1
746, 0.1
747, 0.0
748, 0.1
749, -0.1
750, -0.2
751, 0.0
752, 0.4
753, 0.1
754, 0.4
755, 0.2
756, 0.2
757, 0.2
758, 0.4
759, -0.2
760, 0.3
761, 0.0
762, 0.2
763, 0.4
764, 0.0
765, -0.1
766, -0.3
767, -0.2
768, -0.1
769, -0.4
770, -0.3
771, -0.1
772, 0.0
773, 0.3
774, 0.0
775, 0.1
776, -0.2
777, 0.1
778, -0.1
779, -0.4
780, 0.1
781, 0.1
782, -0.2
783, -0.6
784, 0.0
785, -0.3
786, -0.4
787, -0.1
788, -0.7
789, 0.1
790, -0.3
791, 0.5
792, 0.3
793, 0.2
794, 0.2
795, 0.1
796, 0.2
797, 0.1
798, 0.1
799, -0.2
800, 0.2
801, -0.2
802, 0.0
803, 0.1
804, 0.0
805, 0.1
806, 0.0
807, 0.1
808, -0.2
809, 0.2
810, 0.1
811, -0.1
812, -0.4
813, 0.1
814, 0.2
815, -0.2
816, 0.2
817, -0.2
818, 0.0
819, 0.2
820, -0.3
821, 0.4
822, -0.1
823, -0.1
824, 0.2
825, 0.0
826, -0.2
827, 0.0
828, -0.4
829, -0.2
830, 0.2
831, 0.2
832, -0.1
833, 0.2
834, 0.3
835, -0.5
836, 0.3
837, 0.2
838, 0.0
839, -0.2
840, 0.1
841, 0.2
842, -0.4
843, 0.0
844, -0.1
845, -0.1
846, 0.1
847, 0.5
848, 0.4
849, -0.3
850, -0.3
851, -0.7
852, 0.0
853, 0.0
854, 0.1
855, 0.3
856, 0.0
857, -0.1
858, -0.2
859, 0.0
860, 0.4
861, -0.5
862, 0.0
863, 0.2
864, 0.2
865, 0.0
866, 0.1
867, 0.3
868, 0.0
869, -0.1
870, 0.1
871, 0.0
872, 0.0
873, 0.1
874, 0.2
875, -0.2
876, 0.4
877, -0.4
878, 0.5
879, 0.0
880, 0.4
881, 0.0
882, 0.0
883, 0.1
884, 0.1
885, -0.1
886, -0.2
887, -0.2
888, 0.0
889, -0.1
890, 0.0
891, -0.1
892, 0.0
893, -0.1
894, -0.1
895, -0.3
896, -0.3
897, -0.2
898, 0.0
899, -0.3
900, 0.1
901, 0.3
902, 0.1
903, -0.4
904, -0.1
905, 0.2
906, -0.3
907, 0.0
908, 0.1
909, -0.2
910, 0.1
911, 0.2
912, -0.1
913, 0.1
914, 0.0
915, 0.0
916, 0.1
917, -0.4
918, 0.1
919, -0.1
920, -0.1
921, 0.3
922, 0.0
923, 0.0
924, 0.3
925, 0.0
926, 0.2
927, 0.2
928, 0.5
929, -0.3
930, 0.3
931, 0.0
932, 0.0
933, -0.4
934, -0.3
935, -0.3
936, 0.1
937, -0.3
938, 0.0
939, 0.2
940, -0.1
941, 0.0
942, 0.0
943, -0.4
944, -0.4
945, -0.1
946, 0.1
947, 0.0
948, 0.2
949, -0.1
950, -0.1
951, -0.2
952, -0.1
953, 0.3
954, -0.1
955, 0.2
956, -0.1
957, -0.3
958, -0.1
959, 0.0
960, -0.2
961, 0.3
962, 0.2
963, 0.1
964, -0.4
965, 0.0
966, 0.2
967, 0.1
968, 0.1
969, 0.0
970, 0.0
971, 0.3
972, 0.2
973, 0.1
974, 0.1
975, 0.1
976, -0.1
977, -0.1
978, -0.2
979, 0.1
980, -0.2
981, -0.3
982, -0.2
983, 0.2
984, -0.2
985, -0.3
986, 0.1
987, 0.3
988, 0.1
989, 0.0
990, 0.1
991, 0.1
992, 0.3
993, 0.0
994, -0.2
995, 0.0
996, -0.1
997, 0.2
998, -0.1
999, 0.1
1000, -0.1
1001, 0.2
1002, -0.2
1003, -0.1
1004, 0.2
1005, 0.1
1006, -0.3
1007, -0.1
1008, -0.2
1009, -0.1
1010, -0.1
1011, -0.1
1012, 0.0
1013, 0.0
1014, -0.2
1015, 0.1
1016, 0.0
1017, 0.0
1018, -0.3
1019, -0.3
1020, 0.3
1021, 0.3
1022, 0.1
1023, 0.3
1024, 0.2
1025, 0.1
1026, -0.2
1027, 0.2
1028, 0.0
1029, 0.2
1030, -0.1
1031, -0.2
1032, 0.2
1033, 0.0
1034, -0.2
1035, -0.1
1036, -0.2
1037, 0.1
1038, 0.2
1039, -0.1
1040, -0.2
1041, -0.1
1042, 0.2
1043, 0.0
1044, 0.1
1045, -0.1
1046, 0.1
1047, 0.2
1048, 0.0
1049, -0.4
1050, -0.1
1051, 0.2
1052, 0.0
1053, -0.2
1054, 0.0
1055, 0.2
1056, -0.1
1057, 0.1
1058, -0.2
1059, 0.2
1060, 0.1
1061, -0.1
1062, 0.2
1063, 0.2
1064, 0.3
1065, 0.0
1066, 0.0
1067, 0.0
1068, -0.4
1069, 0.0
1070, -0.2
1071, 0.2
1072, 0.1
1073, 0.0
1074, -0.5
1075, 0.0
1076, 0.0
1077, -0.1
1078, 0.0
1079, 0.2
1080, -0.1
1081, 0.2
1082, 0.2
1083, 0.0
1084, -0.4
1085, 0.0
1086, -0.2
1087, 0.0
1088, 0.0
1089, 0.0
1090, -0.2
1091, 0.0
1092, 0.1
1093, 0.2
1094, 0.1
1095, 0.1
1096, 0.4
1097, 0.0
1098, 0.1
1099, -0.3
1100, 0.2
1101, 0.3
1102, -0.2
1103, 0.0
1104, 0.0
1105, 0.1
1106, 0.0
1107, 0.0
1108, 0.3
1109, 0.3
1110, 0.1
1111, -0.2
1112, -0.1
1113, -0.1
1114, -0.1
1115, 0.0
1116, -0.1
1117, -0.3
1118, -0.1
1119, 0.0
1120, 0.1
1121, 0.1
1122, 0.0
1123, 0.0
1124, -0.1
1125, -0.2
1126, 0.0
1127, -0.4
1128, -0.1
1129, 0.3
1130, 0.2
1131, -0.4
1132, 0.3
1133, 0.4
1134, 0.2
1135, 0.2
1136, -0.1
1137, 0.3
1138, 0.4
1139, 0.3
1140, 0.0
1141, 0.0
1142, -0.2
1143, 0.0
1144, 0.1
1145, -0.1
1146, -0.6
1147, -0.1
1148, -0.1
1149, -0.2
1150, -0.1
1151, -0.2
1152, -0.1
1153, -0.3
1154, 0.1
1155, 0.0
1156, -0.3
1157, 0.0
1158, 0.4
1159, 0.1
1160, -0.1
1161, 0.1
1162, -0.2
1163, -0.2
1164, 0.1
1165, 0.1
1166, 0.5
1167, 0.0
1168, 0.5
1169, 0.2
1170, 0.0
1171, 0.0
1172, 0.2
1173, -0.1
1174, 0.2
1175, -0.1
1176, 0.1
1177, 0.1
1178, -0.3
1179, 0.1
1180, -0.3
1181, -0.2
1182, 0.2
1183, 0.3
1184, 0.0
1185, -0.4
1186, -0.3
1187, 0.1
1188, 0.0
1189, -0.1
1190, 0.2
1191, 0.3
1192, 0.0
1193, -0.2
1194, 0.2
1195, 0.3
1196, -0.2
1197, 0.5
1198, -0.1
1199, 0.0
1200, 0.1
1201, 0.1
1202, 0.0
1203, 0.4
1204, -0.2
1205, -0.3
1206, 0.1
1207, 0.2
1208, 0.1
1209, 0.2
1210, 0.2
1211, 0.0
1212, 0.3
1213, -0.2
1214, -0.6
1215, 0.2
1216, -0.2
1217, -0.1
1218, -0.1
1219, -0.2
1220, -0.1
1221, 0.2
1222, 0.4
1223, 0.0
1224, 0.1
1225, 0.3
1226, 0.3
1227, 0.1
1228, 0.0
1229, -0.1
1230, 0.0
1231, 0.0
1232, 0.2
1233, 0.3
1234, -0.2
1235, -0.1
1236, 0.5
1237, 0.1
1238, 0.0
1239, 0.0
1240, -0.1
1241, -0.1
1242, -0.1
1243, 0.3
1244, 0.2
1245, 0.0
1246, 0.3
1247, -0.4
1248, 0.2
1249, 0.2
1250, -0.1
1251, 0.2
1252, 0.0
1253, 0.1
1254, 0.3
1255, 0.0
1256, 0.1
1257, 0.0
1258, -0.3
1259, -0.2
1260, 0.0
1261, -0.1
1262, 0.1
1263, 0.4
1264, -0.4
1265, 0.1
1266, -0.2
1267, 0.2
1268, 0.1
1269, 0.3
1270, 0.0
1271, 0.1
1272, -0.2
1273, 0.3
1274, -0.4
1275, -0.2
1276, -0.4
1277, 0.2
1278, -0.3
1279, -0.2
1280, 0.1
1281, 0.3
1282, -0.3
1283, -0.1
1284, -0.1
1285, 0.1
1286, 0.5
1287, -0.1
1288, -0.2
1289, -0.5
1290, 0.1
1291, -0.1
1292, -0.4
1293, -0.1
1294, 0.2
1295, -0.2
1296, -0.1
1297, 0.0
1298, -0.2
1299, 0.0
1300, 0.3
1301, 0.2
1302, -0.1
1303, -0.1
1304, 0.0
1305, 0.2
1306, 0.4
1307, 0.0
1308, -0.3
1309, -0.3
1310, 0.1
1311, 0.1
1312, 0.1
1313, 0.3
1314, 0.0
1315, 0.2
1316, 0.0
1317, 0.0
1318, 0.2
1319, 0.2
1320, -0.1
1321, 0.2
1322, -0.3
1323, 0.0
1324, -0.1
1325, 0.2
1326, -0.2
1327, 0.3
1328, -0.2
1329, -0.2
1330, -0.2
1331, 0.1
1332, 0.1
1333, 0.4
1334, -0.1
1335, 0.2
1336, -0.1
1337, -0.3
1338, -0.1
1339, -0.5
1340, 0.2
1341, 0.2
1342, 0.4
1343, 0.0
1344, 0.2
1345, 0.1
1346, 0.2
1347, 0.2
1348, -0.2
1349, 0.0
1350, 0.5
1351, 0.2
1352, -0.4
1353, -0.6
1354, -0.2
1355, 0.0
1356, 0.2
1357, 0.3
1358, -0.1
1359, 0.0
1360, 0.2
1361, 0.2
1362, -0.2
1363, 0.4
1364, 0.4
1365, 0.2
1366, -0.2
1367, -0.3
1368, 0.1
1369, -0.1
1370, 0.1
1371, 0.1
1372, 0.0
1373, 0.0
1374, 0.2
1375, -0.1
1376, 0.2
1377, -0.3
1378, -0.1
1379, -0.5
1380, 0.1
1381, -0.2
1382, -0.1
1383, -0.2
1384, 0.1
1385, 0.0
1386, 0.1
1387, 0.0
1388, -0.1
1389, 0.1
1390, 0.2
1391, -0.2
1392, -0.3
1393, 0.2
1394, -0.2
1395, 0.5
1396, -0.2
1397, -0.1
1398, 0.0
1399, -0.2
1400, 0.0
1401, -0.1
1402, 0.4
1403, 0.0
1404, -0.2
1405, 0.2
1406, 0.1
1407, 0.2
1408, -0.2
1409, 0.1
1410, -0.5
1411, -0.2
1412, 0.3
1413, -0.2
1414, 0.2
1415, -0.1
1416, -0.1
1417, 0.1
1418, -0.1
1419, -0.1
1420, 0.1
1421, -0.5
1422, 0.1
1423, 0.3
1424, -0.2
1425, 0.1
1426, 0.3
1427, 0.0
1428, -0.1
1429, 0.1
1430, -0.1
1431, -0.3
1432, 0.2
1433, 0.2
1434, 0.1
1435, -0.1
1436, 0.2
1437, 0.1
1438, -0.5
1439, 0.2
1440, 0.0
1441, -0.2
1442, -0.2
1443, 0.3
1444, 0.3
1445, 0.0
1446, 0.1
1447, 0.0
1448, 0.0
1449, -0.1
1450, 0.2
1451, 0.0
1452, 0.0
1453, -0.3
1454, 0.2
1455, 0.0
1456, -0.1
1457, 0.0
1458, 0.1
1459, 0.3
1460, -0.1
1461, -0.2
1462, 0.1
1463, 0.4
1464, 0.0
1465, 0.2
1466, 0.3
1467, 0.1
1468, 0.0
1469, 0.1
1470, 0.0
1471, 0.2
1472, 0.1
1473, -0.1
1474, -0.2
1475, 0.3
1476, -0.2
1477, 0.0
1478, -0.3
1479, -0.1
1480, 0.1
1481, -0.2
1482, 0.1
1483, -0.1
1484, 0.4
1485, 0.1
1486, 0.1
1487, -0.3
1488, -0.1
1489, 0.0
1490, -0.1
1491, 0.0
1492, 0.1
1493, 0.1
1494, 0.1
1495, 0.1
1496, 0.0
1497, -0.3
1498, -0.2
1499, 0.0
1500, -0.5
1501, 0.1
1502, 0.1
1503, 0.0
1504, -0.4
1505, 0.1
1506, -0.2
1507, -0.1
1508, 0.0
1509, 0.1
1510, -0.3
1511, -0.2
1512, 0.0
1513, 0.1
1514, 0.5
1515, 0.4
1516, -0.2
1517, 0.1
1518, 0.1
1519, 0.3
1520, 0.1
1521, 0.0
1522, 0.1
1523, -0.3
1524, -0.3
1525, -0.2
1526, 0.1
1527, -0.1
1528, 0.2
1529, 0.0
1530, 0.2
1531, -0.1
1532, -0.4
1533, 0.0
1534, 0.0
1535, -0.1
1536, -0.6
1537, -0.3
1538, 0.3
1539, -0.1
1540, -0.3
1541, -0.1
1542, 0.3
1543, 0.3
1544, 0.0
1545, 0.1
1546, -0.2
1547, -0.1
1548, -0.4
1549, -0.3
1550, 0.1
1551, 0.2
1552, 0.0
1553, 0.4
1554, -0.1
1555, -0.1
1556, -0.3
1557, 0.2
1558, 0.2
1559, 0.0
1560, -0.1
1561, 0.1
1562, 0.2
1563, 0.1
1564, -0.1
1565, -0.2
1566, 0.4
1567, -0.1
1568, -0.1
1569, -0.1
1570, 0.0
1571, 0.3
1572, 0.2
1573, 0.2
1574, 0.3
1575, -0.3
1576, -0.1
1577, -0.1
1578, 0.1
1579, -0.1
1580, 0.2
1581, -0.1
1582, 0.3
1583, 0.0
1584, 0.1
1585, 0.0
1586, -0.2
1587, 0.3
1588, 0.0
1589, 0.0
1590, 0.0
1591, -0.4
1592, 0.1
1593, -0.1
1594, 0.4
1595, 0.2
1596, 0.2
1597, 0.2
1598, -0.4
1599, -0.2
1600, -0.5
1601, 0.1
1602, -0.1
1603, 0.3
1604, 0.3
1605, -0.3
1606, -0.2
1607, 0.1
1608, -0.3
1609, 0.2
1610, -0.3
1611, 0.1
1612, 0.0
1613, 0.1
1614, -0.3
1615, 0.1
1616, 0.2
1617, -0.1
1618, 0.4
1619, -0.2
1620, 0.0
1621, 0.3
1622, -0.1
1623, -0.1
1624, -0.1
1625, -0.1
1626, 0.0
1627, 0.2
1628, 0.1
1629, -0.1
1630, -0.2
1631, 0.1
1632, 0.0
1633, 0.2
1634, -0.3
1635, 0.4
1636, -0.3
1637, -0.1
1638, -0.1
1639, 0.1
1640, -0.3
1641, 0.3
1642, 0.1
1643, 0.2
1644, 0.0
1645, 0.0
1646, -0.2
1647, 0.1
1648, -0.2
1649, 0.4
1650, 0.0
1651, 0.1
1652, 0.3
1653, 0.1
1654, 0.2
1655, 0.0
1656, 0.1
1657, 0.0
1658, 0.2
1659, -0.4
1660, 0.3
1661, 0.3
1662, 0.1
1663, -0.1
1664, -0.3
1665, 0.0
1666, 0.1
1667, 0.1
1668, -0.1
1669, 0.1
1670, 0.0
1671, -0.3
1672, -0.3
1673, -0.3
1674, 0.3
1675, 0.0
1676, 0.3
1677, -0.2
1678, -0.2
1679, -0.4
1680, 0.1
1681, 0.0
1682, -0.2
1683, 0.4
1684, -0.4
1685, 0.4
1686, 0.0
1687, -0.4
1688, -0.1
1689, -0.3
1690, -0.1
1691, 0.0
1692, -0.2
1693, -0.2
1694, 0.0
1695, 0.4
1696, -0.2
1697, 0.2
1698, -0.5
1699, -0.1
1700, 0.3
1701, -0.3
1702, 0.2
1703, 0.1
1704, 0.0
1705, -0.2
1706, 0.1
1707, -0.3
1708, 0.1
1709, 0.2
1710, -0.1
1711, 0.3
1712, 0.3
1713, -0.1
1714, 0.1
1715, -0.3
1716, 0.1
1717, 0.1
1718, -0.3
1719, 0.1
1720, 0.4
1721, 0.0
1722, -0.2
1723, 0.0
1724, -0.1
1725, 0.0
1726, 0.0
1727, 0.4
1728, 0.2
1729, 0.2
1730, -0.1
1731, 0.1
1732, -0.1
1733, 0.4
1734, 0.2
1735, 0.0
1736, 0.2
1737, 0.1
1738, -0.3
1739, -0.6
1740, 0.3
1741, -0.1
1742, -0.6
1743, -0.2
1744, 0.4
1745, 0.2
1746, 0.2
1747, 0.0
1748, -0.2
1749, 0.1
1750, 0.4
1751, 0.3
1752, 0.3
1753, 0.2
1754, 0.0
1755, 0.4
1756, 0.1
1757, 0.0
1758, -0.3
1759, 0.0
1760, 0.2
1761, 0.1
1762, 0.1
1763, -0.1
1764, -0.3
1765, 0.2
1766, -0.1
1767, 0.1
1768, 0.1
1769, 0.1
1770, -0.2
1771, -0.1
1772, 0.1
1773, 0.1
1774, -0.2
1775, 0.0
1776, -0.3
1777, 0.0
1778, 0.0
1779, -0.1
1780, 0.0
1781, 0.2
1782, 0.1
1783, 0.2
1784, 0.3
1785, -0.1
1786, 0.2
1787, -0.1
1788, -0.1
1789, -0.1
1790, -0.1
1791, 0.3
1792, 0.0
1793, -0.2
1794, -0.5
1795, -0.1
1796, -0.4
1797, -0.1
1798, 0.1
1799, 0.2
1800, 0.0
1801, -0.6
1802, -0.3
1803, -0.4
1804, 0.0
1805, -0.3
1806, 0.1
1807, 0.0
1808, 0.0
1809, 0.4
1810, 0.0
1811, 0.3
1812, 0.1
1813, -0.3
1814, 0.2
1815, -0.3
1816, 0.1
1817, 0.4
1818, 0.1
1819, -0.2
1820, -0.1
1821, 0.4
1822, -0.4
1823, 0.2
1824, -0.5
1825, 0.3
1826, -0.3
1827, 0.2
1828, -0.1
1829, 0.0
1830, -0.4
1831, -0.6
1832, 0.1
1833, -0.3
1834, 0.0
1835, -0.2
1836, 0.1
1837, 0.0
1838, -0.2
1839, 0.4
1840, 0.2
1841, 0.2
1842, 0.1
1843, 0.1
1844, -0.5
1845, -0.3
1846, 0.2
1847, 0.1
1848, 0.0
1849, 0.1
1850, 0.0
1851, 0.2
1852, -0.1
1853, 0.0
1854, -0.1
1855, -0.4
1856, 0.0
1857, 0.3
1858, 0.0
1859, 0.3
1860, 0.0
1861, -0.1
1862, 0.1
1863, 0.0
1864, 0.1
1865, 0.2
1866, 0.2
1867, -0.1
1868, 0.1
1869, 0.1
1870, 0.1
1871, 0.0
1872, 0.0
1873, -0.4
1874, 0.1
1875, 0.5
1876, 0.0
1877, -0.2
1878, -0.1
1879, 0.0
1880, 0.3
1881, 0.1
1882, 0.0
1883, 0.2
1884, 0.2
1885, -0.2
1886, -0.3
1887, 0.0
1888, -0.4
1889, 0.0
1890, 0.2
1891, 0.2
1892, 0.4
1893, -0.2
1894, 0.0
1895, 0.2
1896, -0.2
1897, 0.0
1898, -0.1
1899, -0.2
1900, -0.4
1901, -0.1
1902, -0.2
1903, -0.2
1904, 0.0
1905, 0.2
1906, -0.5
1907, 0.1
1908, 0.1
1909, -0.1
1910, 0.2
1911, 0.0
1912, 0.2
1913, -0.3
1914, -0.1
1915, -0.5
1916, 0.2
1917, 0.0
1918, 0.1
1919, -0.1
1920, 0.3
1921, -0.1
1922, 0.3
1923, 0.1
1924, 0.3
1925, 0.3
1926, -0.2
1927, 0.2
1928, 0.1
1929, 0.0
1930, -0.1
1931, 0.2
1932, -0.2
1933, -0.1
1934, 0.0
1935, -0.6
1936, -0.2
1937, 0.1
1938, 0.2
1939, -0.1
1940, -0.1
1941, -0.1
1942, 0.0
1943, 0.0
1944, 0.0
1945, -0.1
1946, 0.0
1947, 0.0
1948, 0.1
1949, 0.1
1950, -0.4
1951, -0.2
1952, 0.4
1953, -0.1
1954, 0.1
1955, -0.3
1956, -0.2
1957, 0.2
1958, -0.3
1959, 0.2
1960, 0.2
1961, -0.4
1962, 0.0
1963, 0.2
1964, -0.2
1965, 0.0
1966, -0.1
1967, 0.3
1968, -0.2
1969, 0.0
1970, -0.1
1971, -0.3
1972, -0.4
1973, 0.1
1974, 0.0
1975, -0.3
1976, 0.0
1977, 0.2
1978, -0.1
1979, 0.0
1980, 0.4
1981, -0.1
1982, -0.2
1983, 0.3
1984, 0.1
1985, -0.5
1986, 0.1
1987, -0.2
1988, 0.1
1989, -0.1
1990, -0.1
1991, -0.1
1992, 0.1
1993, 0.2
1994, 0.2
1995, 0.1
1996, 0.0
1997, 0.1
1998, 0.1
1999, 0.0
2000, 0.0
2001, -0.1
2002, 0.1
2003, 0.2
2004, -0.3
2005, -0.3
2006, -0.2
2007, 0.0
2008, 0.3
2009, 0.1
2010, -0.1
2011, 0.0
2012, -0.4
2013, 0.0
2014, 0.0
2015, 0.0
2016, 0.1
2017, -0.1
2018, 0.1
2019, 0.0
2020, -0.1
2021, 0.0
2022, 0.0
2023, 0.4
2024, 0.3
2025, 0.1
2026, -0.4
2027, -0.2
2028, 0.0
2029, -0.3
2030, 0.2
2031, -0.1
2032, 0.2
2033, -0.2
2034, -0.5
2035, -0.2
2036, -0.2
2037, 0.0
2038, -0.2
2039, -0.2
2040, -0.1
2041, 0.0
2042, -0.1
2043, 0.1
2044, 0.1
2045, 0.1
2046, 0.0
2047, 0.0
2048, 0.2
2049, 0.0
2050, -0.3
2051, 0.3
2052, -0.2
2053, -0.2
2054, -0.1
2055, 0.1
2056, 0.3
2057, 0.1
2058, 0.3
2059, -0.2
2060, 0.0
2061, -0.1
2062, 0.1
2063, 0.3
2064, -0.1
2065, 0.0
2066, -0.4
2067, 0.2
2068, -0.3
2069, -0.1
2070, 0.0
2071, -0.4
2072, 0.1
2073, 0.1
2074, 0.4
2075, -0.1
2076, 0.3
2077, -0.1
2078, 0.0
2079, -0.1
2080, 0.1
2081, 0.1
2082, 0.1
2083, -0.5
2084, 0.3
2085, 0.1
2086, 0.0
2087, 0.2
2088, 0.3
2089, 0.3
2090, 0.4
2091, 0.1
2092, -0.3
2093, -0.3
2094, 0.0
2095, 0.1
2096, -0.4
2097, -0.4
2098, -0.1
2099, 0.1
2100, 0.4
2101, -0.1
2102, 0.2
2103, -0.1
2104, 0.5
2105, -0.2
2106, 0.3
2107, 0.2
2108, -0.1
2109, -0.2
2110, -0.1
2111, -0.3
2112, -0.1
2113, -0.6
2114, 0.2
2115, 0.1
2116, 0.5
2117, 0.2
2118, 0.1
2119, 0.1
2120, 0.2
2121, -0.1
2122, 0.0
2123, 0.1
2124, 0.0
2125, 0.2
2126, -0.2
2127, -0.1
2128, -0.2
2129, 0.0
2130, -0.1
2131, -0.2
2132, -0.3
2133, -0.3
2134, -0.1
2135, -0.1
2136, -0.4
2137, 0.2
2138, 0.4
2139, -0.3
2140, 0.1
2141, 0.2
2142, -0.4
2143, 0.3
2144, -0.1
2145, -0.1
2146, 0.1
2147, -0.2
2148, -0.2
2149, -0.1
2150, -0.5
2151, 0.0
2152, 0.2
2153, 0.3
2154, 0.0
2155, 0.0
2156, -0.2
2157, -0.1
2158, 0.1
2159, -0.6
2160, 0.3
2161, -0.2
2162, 0.2
2163, -0.3
2164, 0.1
2165, 0.0
2166, 0.2
2167, -0.3
2168, 0.1
2169, -0.5
2170, 0.0
2171, 0.2
2172, 0.3
2173, 0.0
2174, -0.2
2175, -0.5
2176, 0.3
2177, 0.1
2178, 0.1
2179, 0.0
2180, 0.4
2181, -0.1
2182, -0.1
2183, 0.1
2184, 0.1
2185, -0.2
2186, -0.3
2187, 0.1
2188, 0.1
2189, 0.0
2190, -0.2
2191, -0.2
2192, 0.2
2193, -0.3
2194, -0.2
2195, -0.2
2196, 0.1
2197, 0.0
2198, -0.1
2199, -0.1
2200, -0.5
2201, -0.4
2202, -0.1
2203, 0.3
2204, 0.2
2205, -0.2
2206, 0.1
2207, -0.1
2208, 0.2
2209, -0.4
2210, -0.1
2211, -0.4
2212, 0.2
2213, -0.1
2214, 0.3
2215, 0.0
2216, 0.0
2217, -0.1
2218, -0.3
2219, 0.1
2220, -0.2
2221, 0.0
2222, -0.1
2223, -0.2
2224, 0.0
2225, 0.3
2226, 0.1
2227, -0.2
2228, 0.1
2229, 0.1
2230, -0.1
2231, -0.3
2232, 0.3
2233, -0.2
2234, -0.4
2235, 0.3
2236, 0.0
2237, 0.1
2238, -0.1
2239, 0.3
2240, 0.0
2241, -0.2
2242, 0.1
2243, -0.1
2244, 0.3
2245, 0.1
2246, -0.1
2247, 0.0
2248, -0.3
2249, -0.5
2250, 0.0
2251, 0.2
2252, 0.0
2253, -0.4
2254, 0.2
2255, -0.1
2256, 0.1
2257, -0.2
2258, 0.1
2259, -0.3
2260, 0.3
2261, 0.3
2262, 0.1
2263, 0.0
2264, 0.0
2265, -0.1
2266, 0.1
2267, 0.0
2268, 0.0
2269, 0.2
2270, 0.0
2271, -0.2
2272, 0.0
2273, 0.2
2274, -0.1
2275, -0.2
2276, 0.0
2277, 0.2
2278, -0.3
2279, 0.3
2280, -0.3
2281, 0.2
2282, -0.3
2283, 0.4
2284, 0.0
2285, 0.0
2286, -0.1
2287, 0.1
2288, 0.4
2289, -0.1
2290, -0.1
2291, 0.1
2292, -0.2
2293, -0.1
2294, 0.0
2295, 0.1
2296, -0.1
2297, -0.1
2298, 0.0
2299, 0.2
2300, 0.0
2301, -0.1
2302, -0.2
2303, 0.3
2304, -0.4
2305, -0.1
2306, 0.2
2307, -0.4
2308, 0.2
2309, 0.3
2310, 0.3
2311, 0.3
2312, 0.3
2313, -0.2
2314, 0.0
2315, -0.1
2316, 0.2
2317, 0.0
2318, -0.2
2319, 0.1
2320, -0.3
2321, -0.1
2322, 0.1
2323, -0.3
2324, -0.5
2325, -0.3
2326, 0.0
2327, -0.3
2328, -0.3
2329, 0.2
2330, 0.0
2331, -0.2
2332, 0.2
2333, -0.1
2334, 0.2
2335, -0.1
2336, -0.1
2337, 0.0
2338, 0.2
2339, 0.1
2340, -0.1
2341, 0.0
2342, -0.2
2343, 0.1
2344, -0.1
2345, 0.2
2346, 0.2
2347, -0.3
2348, 0.3
2349, 0.2
2350, 0.0
2351, 0.0
2352, 0.1
2353, -0.1
2354, -0.2
2355, -0.2
2356, 0.0
2357, 0.3
2358, 0.0
2359, 0.0
2360, -0.4
2361, 0.1
2362, -0.2
2363, -0.3
2364, -0.4
2365, 0.2
2366, 0.1
2367, 0.3
2368, 0.0
2369, 0.2
2370, 0.4
2371, -0.4
2372, 0.0
2373, 0.0
2374, -0.1
2375, 0.3
2376, 0.1
2377, 0.0
2378, 0.1
2379, -0.2
2380, 0.0
2381, 0.3
2382, 0.3
2383, -0.2
2384, 0.2
2385, -0.4
2386, -0.2
2387, -0.3
2388, 0.3
2389, 0.3
2390, 0.4
2391, 0.4
2392, -0.3
2393, -0.3
2394, 0.0
2395, -0.1
2396, -0.3
2397, -0.2
2398, 0.4
2399, 0.3
2400, -0.1
2401, 0.4
2402, -0.1
2403, -0.3
2404, 0.2
2405, 0.3
2406, 0.2
2407, 0.0
2408, -0.4
2409, -0.1
2410, 0.1
2411, -0.2
2412, 0.3
2413, 0.3
2414, 0.1
2415, -0.2
2416, 0.3
2417, -0.3
2418, 0.1
2419, 0.2
2420, 0.3
2421, -0.1
2422, 0.3
2423, 0.0
2424, 0.2
2425, -0.2
2426, 0.0
2427, -0.1
2428, 0.0
2429, -0.2
2430, -0.2
2431, -0.1
2432, -0.1
2433, 0.4
2434, -0.3
2435, -0.2
2436, -0.1
2437, 0.3
2438, 0.0
2439, -0.2
2440, 0.0
2441, 0.0
2442, 0.0
2443, 0.0
2444, 0.0
2445, -0.3
2446, 0.1
2447, 0.0
2448, 0.2
2449, -0.4
2450, -0.2
2451, 0.1
2452, 0.0
2453, -0.2
2454, 0.0
2455, -0.2
2456, 0.3
2457, -0.1
2458, 0.0
2459, 0.1
2460, -0.2
2461, 0.0
2462, -0.2
2463, 0.1
2464, 0.2
2465, -0.4
2466, -0.2
2467, -0.2
2468, -0.1
2469, -0.1
2470, 0.0
2471, 0.3
2472, 0.1
2473, 0.0
2474, 0.3
2475, -0.2
2476, -0.3
2477, -0.2
2478, -0.4
2479, 0.1
2480, 0.1
2481, -0.1
2482, 0.0
2483, 0.2
2484, -0.4
2485, 0.3
2486, -0.3
2487, 0.1
2488, 0.0
2489, -0.3
2490, -0.2
2491, 0.2
2492, -0.1
2493, 0.1
2494, -0.2
2495, 0.0
2496, 0.2
2497, -0.1
2498, 0.1
2499, -0.2
2500, 0.0
2501, -0.5
2502, -0.3
2503, -0.5
2504, 0.0
2505, -0.1
2506, 0.0
2507, -0.3
2508, -0.1
2509, 0.0
2510, 0.1
2511, -0.1
2512, 0.3
2513, 0.2
2514, 0.2
2515, 0.2
2516, 0.1
2517, 0.2
2518, -0.3
2519, 0.2
2520, 0.1
2521, 0.0
2522, 0.0
2523, 0.0
2524, 0.1
2525, 0.1
2526, -0.2
2527, 0.0
2528, 0.0
2529, 0.2
2530, 0.2
2531, -0.1
2532, -0.1
2533, 0.0
2534, 0.2
2535, 0.0
2536, -0.2
2537, -0.3
2538, 0.0
2539, -0.3
2540, -0.1
2541, -0.2
2542, 0.1
2543, 0.1
2544, 0.0
2545, -0.1
2546, 0.3
2547, 0.1
2548, -0.2
2549, 0.1
2550, 0.4
2551, -0.1
2552, -0.3
2553, -0.3
2554, -0.6
2555, -0.3
2556, -0.2
2557, -0.2
2558, -0.1
2559, -0.1
2560, 0.3
2561, 0.0
2562, -0.1
2563, 0.0
2564, 0.2
2565, 0.1
2566, -0.2
2567, 0.0
2568, -0.2
2569, 0.2
2570, -0.2
2571, -0.1
2572, 0.2
2573, 0.2
2574, -0.1
2575, -0.2
2576, -0.4
2577, 0.1
2578, 0.2
2579, -0.1
2580, 0.4
2581, 0.2
2582, -0.2
2583, -0.4
2584, 0.0
2585, -0.1
2586, 0.1
2587, -0.1
2588, 0.1
2589, 0.0
2590, -0.2
2591, -0.4
2592, 0.0
2593, 0.0
2594, 0.4
2595, 0.1
2596, 0.3
2597, 0.1
2598, 0.3
2599, -0.2
2600, 0.1
2601, 0.1
2602, -0.2
2603, -0.2
2604, -0.1
2605, 0.0
2606, 0.0
2607, 0.0
2608, -0.1
2609, -0.1
2610, -0.7
2611, 0.0
2612, 0.1
2613, 0.5
2614, -0.1
2615, 0.4
2616, -0.1
2617, 0.4
2618, 0.0
2619, -0.2
2620, 0.2
2621, 0.2
2622, 0.0
2623, 0.1
2624, 0.1
2625, 0.0
2626, -0.4
2627, -0.3
2628, -0.4
2629, -0.4
2630, 0.1
2631, 0.1
2632, 0.1
2633, 0.5
2634, -0.3
2635, -0.1
2636, -0.2
2637, -0.3
2638, 0.3
2639, 0.1
2640, 0.1
2641, 0.1
2642, -0.2
2643, -0.1
2644, 0.3
2645, -0.5
2646, -0.4
2647, 0.0
2648, -0.3
2649, -0.3
2650, -0.4
2651, 0.3
2652, 0.3
2653, 0.3
2654, -0.2
2655, 0.2
2656, 0.2
2657, 0.0
2658, 0.2
2659, -0.2
2660, 0.2
2661, 0.3
2662, -0.3
2663, 0.1
2664, -0.3
2665, -0.3
2666, 0.2
2667, 0.2
2668, -0.1
2669, 0.0
2670, -0.1
2671, -0.2
2672, -0.3
2673, 0.0
2674, 0.1
2675, 0.0
2676, 0.0
2677, -0.1
2678, 0.2
2679, 0.2
2680, -0.4
2681, -0.1
2682, 0.0
2683, -0.1
2684, 0.0
2685, 0.3
2686, 0.0
2687, -0.3
2688, 0.4
2689, 0.0
2690, 0.4
2691, 0.5
2692, 0.4
2693, -0.4
2694, 0.0
2695, 0.0
2696, 0.2
2697, -0.2
2698, 0.3
2699, 0.1
2700, 0.2
2701, 0.1
2702, -0.2
2703, 0.0
2704, -0.2
2705, -0.2
2706, 0.2
2707, 0.0
2708, 0.1
2709, -0.3
2710, 0.1
2711, 0.0
2712, 0.0
2713, 0.0
2714, -0.1
2715, -0.2
2716, 0.2
2717, 0.1
2718, 0.1
2719, 0.3
2720, -0.1
2721, -0.1
2722, -0.3
2723, -0.5
2724, 0.2
2725, 0.1
2726, 0.0
2727, -0.1
2728, 0.0
2729, -0.3
2730, 0.0
2731, -0.4
2732, -0.1
2733, -0.1
2734, -0.1
2735, 0.1
2736, 0.2
2737, 0.1
2738, 0.2
2739, 0.1
2740, 0.0
2741, 0.1
2742, 0.2
2743, 0.3
2744, 0.0
2745, 0.3
2746, 0.3
2747, -0.1
2748, 0.0
2749, 0.2
2750, 0.4
2751, -0.1
2752, -0.2
2753, 0.0
2754, 0.0
2755, 0.1
2756, -0.1
2757, -0.3
2758, 0.0
2759, 0.2
2760, 0.2
2761, 0.2
2762, 0.1
2763, 0.0
2764, 0.5
2765, 0.0
2766, -0.1
2767, 0.3
2768, 0.3
2769, -0.3
2770, -0.7
2771, -0.1
2772, -0.3
2773, 0.0
2774, -0.1
2775, -0.2
2776, -0.2
2777, 0.1
2778, 0.2
2779, 0.1
2780, 0.2
2781, 0.2
2782, -0.5
2783, -0.1
2784, 0.5
2785, 0.1
2786, -0.2
2787, 0.1
2788, 0.1
2789, 0.1
2790, 0.0
2791, 0.0
2792, 0.2
2793, 0.2
2794, 0.2
2795, 0.5
2796, 0.5
2797, 0.2
2798, -0.3
2799, -0.4
2800, 0.0
2801, -0.2
2802, -0.2
2803, -0.1
2804, -0.1
2805, 0.1
2806, 0.4
2807, -0.3
2808, 0.3
2809, -0.3
2810, 0.1
2811, -0.3
2812, -0.1
2813, 0.3
2814, 0.0
2815, 0.0
2816, 0.0
2817, -0.1
2818, -0.2
2819, -0.2
2820, -0.1
2821, 0.0
2822, -0.1
2823, 0.2
2824, 0.2
2825, 0.0
2826, 0.3
2827, -0.1
2828, 0.1
2829, -0.2
2830, 0.1
2831, 0.1
2832, 0.1
2833, 0.1
2834, -0.3
2835, -0.1
2836, -0.1
2837, 0.1
2838, 0.4
2839, 0.2
2840, 0.1
2841, -0.2
2842, -0.2
2843, 0.2
2844, -0.2
2845, 0.0
2846, -0.3
2847, 0.0
2848, -0.3
2849, 0.1
2850, 0.5
2851, -0.1
2852, -0.1
2853, 0.3
2854, -0.1
2855, 0.0
2856, -0.3
2857, 0.2
2858, 0.3
2859, -0.1
2860, 0.0
2861, -0.3
2862, -0.3
2863, 0.1
2864, -0.3
2865, 0.2
2866, 0.2
2867, 0.2
2868, -0.2
2869, -0.2
2870, -0.2
2871, 0.3
2872, 0.2
2873, -0.1
2874, -0.3
2875, -0.1
2876, 0.0
2877, 0.0
2878, 0.3
2879, 0.1
2880, 0.0
2881, 0.2
2882, 0.0
2883, 0.3
2884, -0.2
2885, -0.3
2886, -0.3
2887, 0.2
2888, -0.3
2889, 0.0
2890, 0.3
2891, -0.2
2892, -0.1
2893, 0.3
2894, -0.1
2895, -0.1
2896, 0.0
2897, -0.1
2898, 0.1
2899, -0.1
2900, 0.1
2901, -0.4
2902, -0.1
2903, 0.1
2904, -0.3
2905, -0.2
2906, 0.1
2907, 0.0
2908, 0.3
2909, -0.1
2910, 0.0
2911, 0.0
2912, 0.2
2913, 0.4
2914, -0.5
2915, -0.1
2916, 0.0
2917, 0.1
2918, -0.3
2919, 0.3
2920, 0.1
2921, 0.1
2922, 0.2
2923, 0.4
2924, 0.0
2925, -0.1
2926, 0.2
2927, -0.2
2928, -0.1
2929, 0.1
2930, 0.0
2931, 0.0
2932, -0.1
2933, 0.3
2934, 0.2
2935, 0.1
2936, -0.1
2937, 0.2
2938, -0.1
2939, -0.3
2940, 0.1
2941, -0.3
2942, 0.1
2943, 0.0
2944, -0.1
2945, 0.5
2946, 0.0
2947, 0.1
2948, 0.0
2949, 0.1
2950, 0.1
2951, 0.4
2952, 0.1
2953, 0.1
2954, -0.3
2955, 0.1
2956, 0.2
2957, -0.2
2958, 0.1
2959, -0.2
2960, 0.1
2961, 0.0
2962, -0.3
2963, 0.0
2964, 0.0
2965, 0.2
2966, 0.0
2967, -0.5
2968, 0.2
2969, 0.0
2970, 0.0
2971, 0.3
2972, 0.0
2973, 0.3
2974, -0.3
2975, 0.3
2976, 0.2
2977, 0.3
2978, 0.1
2979, 0.1
2980, 0.5
2981, 0.0
2982, 0.0
2983, -0.7
2984, 0.2
2985, -0.1
2986, -0.2
2987, -0.2
2988, 0.3
2989, -0.5
2990, 0.1
2991, 0.1
2992, -0.2
2993, 0.5
2994, 0.1
2995, 0.0
2996, -0.2
2997, 0.3
2998, -0.3
2999, 0.3
3000, 0.4
3001, 0.1
3002, 0.2
3003, 0.2
3004, 0.2
3005, -0.2
3006, -0.3
3007, 0.0
3008, -0.4
3009, 0.0
3010, -0.1
3011, 0.1
3012, 0.0
3013, -0.2
3014, -0.2
3015, -0.1
3016, 0.2
3017, -0.5
3018, -0.7
3019, 0.1
3020, -0.1
3021, 0.1
3022, 0.3
3023, 0.0
3024, 0.3
3025, 0.1
3026, 0.5
3027, 0.1
3028, -0.2
3029, 0.0
3030, -0.1
3031, 0.3
3032, -0.3
3033, 0.3
3034, -0.4
3035, 0.4
3036, -0.3
3037, -0.2
3038, 0.2
3039, -0.1
3040, 0.2
3041, -0.1
3042, 0.1
3043, 0.1
3044, -0.1
3045, -0.3
3046, -0.1
3047, 0.2
3048, -0.1
3049, 0.0
3050, 0.1
3051, -0.1
3052, 0.2
3053, 0.2
3054, 0.0
3055, 0.2
3056, -0.2
3057, 0.3
3058, -0.5
3059, -0.3
3060, 0.1
3061, 0.0
3062, 0.1
3063, 0.1
3064, -0.1
3065, 0.2
3066, -0.2
3067, -0.1
3068, 0.3
3069, 0.3
3070, 0.3
3071, 0.3
3072, -0.1
3073, 0.0
3074, 0.1
3075, 0.1
3076, 0.4
3077, 0.1
3078, -0.2
3079, 0.1
3080, 0.2
3081, 0.0
3082, 0.1
3083, 0.2
3084, -0.3
3085, -0.3
3086, -0.2
3087, 0.0
3088, 0.0
3089, 0.0
3090, 0.0
3091, 0.5
3092, -0.3
3093, 0.1
3094, -0.1
3095, 0.0
3096, 0.1
3097, -0.1
3098, 0.0
3099, 0.4
3100, -0.1
3101, 0.2
3102, 0.1
3103, 0.1
3104, -0.2
3105, 0.1
3106, 0.1
3107, 0.0
3108, 0.0
3109, -0.5
3110, 0.0
3111, -0.1
3112, 0.4
3113, 0.1
3114, 0.1
3115, 0.1
3116, 0.2
3117, -0.2
3118, -0.2
3119, 0.3
3120, 0.0
3121, -0.2
3122, 0.4
3123, 0.4
3124, 0.1
3125, -0.2
3126, -0.1
3127, -0.2
3128, 0.0
3129, -0.5
3130, -0.1
3131, 0.2
3132, 0.0
3133, 0.3
3134, -0.1
3135, 0.3
3136, 0.0
3137, -0.1
3138, -0.3
3139, 0.3
3140, -0.2
3141, 0.5
3142, 0.0
3143, 0.0
3144, 0.1
3145, -0.1
3146, -0.1
3147, -0.4
3148, 0.0
3149, 0.3
3150, 0.3
3151, -0.1
3152, -0.2
3153, -0.2
3154, 0.3
3155, -0.1
3156, -0.7
3157, 0.2
3158, 0.2
3159, 0.3
3160, 0.2
3161, -0.1
3162, 0.2
3163, 0.2
3164, 0.0
3165, -0.1
3166, -0.1
3167, 0.0
3168, -0.1
3169, 0.1
3170, -0.3
3171, -0.1
3172, 0.0
3173, 0.0
3174, -0.2
3175, -0.1
3176, -0.4
3177, -0.1
3178, 0.3
3179, 0.2
3180, 0.0
3181, 0.2
3182, -0.1
3183, 0.0
3184, 0.1
3185, -0.3
3186, -0.2
3187, -0.2
3188, 0.1
3189, 0.0
3190, 0.1
3191, -0.1
3192, -0.6
3193, -0.2
3194, 0.0
3195, 0.1
3196, -0.2
3197, 0.1
3198, -0.1
3199, -0.4
3200, -0.2
3201, 0.1
3202, 0.2
3203, -0.1
3204, 0.2
3205, -0.1
3206, -0.5
3207, 0.3
3208, 0.0
3209, -0.2
3210, -0.2
3211, -0.7
3212, 0.3
3213, 0.0
3214, 0.5
3215, 0.1
3216, 0.1
3217, 0.4
3218, 0.0
3219, 0.3
3220, 0.2
3221, 0.1
3222, -0.2
3223, 0.3
3224, 0.2
3225, 0.1
3226, 0.1
3227, 0.1
3228, 0.3
3229, 0.2
3230, -0.2
3231, -0.3
3232, 0.0
3233, 0.3
3234, -0.2
3235, -0.4
3236, -0.5
3237, 0.2
3238, 0.4
3239, 0.1
3240, 0.3
3241, -0.3
3242, 0.1
3243, -0.3
3244, 0.0
3245, -0.1
3246, 0.0
3247, -0.1
3248, -0.1
3249, -0.2
3250, -0.4
3251, 0.4
3252, 0.1
3253, -0.4
3254, 0.0
3255, 0.1
3256, -0.1
3257, -0.4
3258, 0.1
3259, 0.1
3260, -0.3
3261, 0.1
3262, 0.1
3263, -0.1
3264, 0.1
3265, 0.1
3266, 0.0
3267, -0.2
3268, 0.3
3269, -0.1
3270, -0.3
3271, 0.3
3272, -0.1
3273, -0.5
3274, -0.4
3275, 0.1
3276, -0.4
3277, 0.0
3278, 0.5
3279, 0.0
3280, -0.2
3281, 0.0
3282, -0.1
3283, -0.2
3284, 0.2
3285, 0.0
3286, -0.1
3287, 0.0
3288, -0.1
3289, -0.1
3290, -0.3
3291, -0.4
3292, -0.2
3293, 0.1
3294, 0.4
3295, -0.1
3296, 0.0
3297, 0.2
3298, 0.2
3299, -0.5
3300, 0.0
3301, -0.1
3302, 0.1
3303, -0.2
3304, -0.6
3305, -0.2
3306, 0.5
3307, 0.2
3308, 0.1
3309, 0.4
3310, 0.0
3311, 0.3
3312, 0.1
3313, -0.2
3314, 0.0
3315, -0.2
3316, -0.1
3317, -0.4
3318, 0.1
3319, -0.3
3320, -0.3
3321, -0.3
3322, -0.2
3323, 0.0
3324, -0.1
3325, 0.1
3326, 0.3
3327, 0.2
3328, 0.2
3329, -0.2
3330, 0.2
3331, 0.1
3332, 0.0
3333, 0.3
3334, -0.5
3335, 0.4
3336, -0.1
3337, -0.3
3338, 0.2
3339, 0.0
3340, 0.1
3341, -0.2
3342, -0.3
3343, 0.0
3344, 0.2
3345, -0.7
3346, 0.4
3347, -0.2
3348, 0.0
3349, 0.2
3350, 0.3
3351, -0.1
3352, 0.1
3353, 0.0
3354, 0.0
3355, 0.3
3356, 0.0
3357, 0.2
3358, 0.0
3359, 0.0
3360, -0.1
3361, -0.5
3362, 0.1
3363, -0.4
3364, 0.0
3365, -0.6
3366, 0.5
3367, 0.2
3368, 0.0
3369, 0.0
3370, -0.1
3371, 0.2
3372, -0.3
3373, -0.1
3374, 0.2
3375, 0.1
3376, -0.3
3377, 0.2
3378, -0.4
3379, 0.2
3380, 0.2
3381, 0.3
3382, 0.1
3383, 0.0
3384, 0.0
3385, -0.1
3386, 0.0
3387, 0.3
3388, -0.1
3389, -0.1
3390, -0.3
3391, 0.1
3392, 0.1
3393, -0.2
3394, 0.1
3395, 0.0
3396, 0.1
3397, -0.2
3398, 0.0
3399, -0.4
3400, 0.0
3401, -0.1
3402, 0.1
3403, 0.0
3404, -0.1
3405, 0.0
3406, 0.1
3407, 0.1
3408, -0.4
3409, 0.2
3410, 0.0
3411, 0.2
3412, -0.1
3413, -0.2
3414, 0.0
3415, -0.1
3416, 0.0
3417, 0.5
3418, 0.1
3419, 0.2
3420, 0.2
3421, 0.0
3422, -0.6
3423, 0.1
3424, 0.2
3425, -0.3
3426, -0.2
3427, -0.1
3428, -0.3
3429, 0.0
3430, 0.2
3431, -0.2
3432, 0.2
3433, 0.3
3434, 0.3
3435, -0.1
3436, -0.1
3437, 0.2
3438, 0.2
3439, -0.1
3440, 0.1
3441, -0.2
3442, -0.1
3443, -0.2
3444, 0.4
3445, 0.1
3446, 0.1
3447, 0.0
3448, 0.1
3449, 0.2
3450, 0.0
3451, 0.0
3452, 0.1
3453, 0.1
3454, 0.3
3455, 0.1
3456, -0.1
3457, -0.2
3458, -0.3
3459, 0.2
3460, 0.0
3461, -0.2
3462, -0.3
3463, -0.1
3464, -0.2
3465, 0.2
3466, 0.2
3467, 0.1
3468, 0.1
3469, 0.1
3470, -0.2
3471, -0.1
3472, -0.1
3473, 0.0
3474, -0.1
3475, 0.0
3476, 0.3
3477, 0.3
3478, 0.1
3479, 0.2
3480, 0.1
3481, 0.4
3482, 0.1
3483, -0.2
3484, 0.0
3485, 0.0
3486, 0.2
3487, 0.0
3488, -0.2
3489, -0.3
3490, 0.0
3491, 0.0
3492, -0.1
3493, 0.0
3494, 0.3
3495, 0.0
3496, 0.2
3497, -0.6
3498, 0.0
3499, -0.2
3500, -0.2
3501, 0.0
3502, 0.1
3503, 0.1
3504, -0.4
3505, 0.1
3506, 0.3
3507, 0.1
3508, 0.4
3509, -0.3
3510, -0.2
3511, 0.5
3512, 0.2
3513, 0.3
3514, -0.1
3515, -0.5
3516, 0.0
3517, -0.1
3518, -0.3
3519, -0.2
3520, 0.2
3521, 0.3
3522, -0.4
3523, 0.2
3524, 0.2
3525, 0.1
3526, 0.1
3527, 0.2
3528, 0.0
3529, 0.2
3530, 0.3
3531, 0.3
3532, -0.2
3533, -0.5
3534, -0.4
3535, 0.0
3536, -0.3
3537, 0.3
3538, -0.2
3539, 0.2
3540, 0.1
3541, -0.1
3542, -0.2
3543, -0.3
3544, 0.1
3545, -0.3
3546, 0.0
3547, 0.1
3548, -0.5
3549, -0.1
3550, 0.4
3551, -0.1
3552, -0.7
3553, 0.1
3554, 0.0
3555, 0.2
3556, 0.5
3557, -0.4
3558, 0.4
3559, -0.2
3560, 0.1
3561, 0.1
3562, -0.1
3563, 0.0
3564, -0.1
3565, -0.1
3566, 0.2
3567, -0.2
3568, -0.3
3569, -0.4
3570, 0.0
3571, 0.0
3572, 0.2
3573, 0.1
3574, 0.1
3575, 0.1
3576, -0.1
3577, -0.2
3578, -0.1
3579, 0.3
3580, 0.2
3581, 0.4
3582, 0.1
3583, 0.1
3584, 0.0
3585, 0.1
3586, 0.2
3587, 0.3
3588, -0.1
3589, 0.2
3590, 0.0
3591, 0.1
3592, 0.3
3593, -0.3
3594, 0.3
3595, 0.0
3596, -0.2
3597, 0.4
3598, -0.5
3599, 0.0
3600, 0.0
3601, 0.4
3602, 0.1
3603, -0.1
3604, 0.4
3605, 0.0
3606, -0.1
3607, 0.2
3608, -0.1
3609, 0.1
3610, 0.0
3611, 0.2
3612, 0.2
3613, 0.0
3614, 0.2
3615, 0.0
3616, 0.2
3617, 0.0
3618, -0.1
3619, -0.3
3620, 0.0
3621, 0.0
3622, -0.1
3623, 0.0
3624, 0.0
3625, 0.1
3626, -0.1
3627, 0.1
3628, 0.3
3629, 0.0
3630, 0.0
3631, -0.2
3632, -0.1
3633, -0.2
3634, 0.0
3635, 0.2
3636, -0.1
3637, 0.2
3638, 0.1
3639, 0.2
3640, -0.2
3641, -0.3
3642, -0.2
3643, 0.2
3644, -0.2
3645, 0.0
3646, -0.6
3647, 0.2
3648, -0.2
3649, 0.1
3650, 0.0
3651, -0.1
3652, -0.1
3653, -0.2
3654, -0.1
3655, -0.5
3656, 0.2
3657, -0.5
3658, 0.2
3659, 0.0
3660, -0.4
3661, 0.1
3662, -0.2
3663, 0.2
3664, -0.1
3665, -0.2
3666, -0.2
3667, -0.5
3668, -0.2
3669, 0.3
3670, 0.0
3671, 0.0
3672, -0.2
3673, -0.2
3674, -0.2
3675, -0.1
3676, -0.2
3677, 0.1
3678, -0.3
3679, 0.1
3680, 0.0
3681, 0.0
3682, -0.4
3683, 0.3
3684, 0.1
3685, -0.1
3686, 0.1
3687, -0.1
3688, 0.0
3689, 0.1
3690, -0.2
3691, 0.3
3692, -0.4
3693, 0.0
3694, 0.1
3695, -0.2
3696, 0.3
3697, -0.2
3698, -0.4
3699, 0.1
3700, -0.1
3701, -0.3
3702, 0.1
3703, -0.2
3704, -0.3
3705, 0.0
3706, 0.2
3707, -0.1
3708, -0.6
3709, 0.2
3710, 0.2
3711, 0.0
3712, 0.1
3713, 0.0
3714, -0.4
3715, 0.1
3716, 0.2
3717, -0.2
3718, 0.2
3719, 0.0
3720, 0.4
3721, 0.0
3722, -0.2
3723, -0.4
3724, -0.1
3725, -0.3
3726, -0.6
3727, 0.3
3728, 0.0
3729, 0.3
3730, 0.4
3731, 0.3
3732, -0.6
3733, 0.1
3734, 0.0
3735, 0.3
3736, 0.5
3737, -0.5
3738, 0.0
3739, -0.3
3740, 0.1
3741, -0.3
3742, 0.1
3743, 0.3
3744, -0.3
3745, 0.3
3746, 0.2
3747, 0.1
3748, -0.1
3749, 0.0
3750, -0.1
3751, 0.0
3752, 0.2
3753, 0.0
3754, 0.1
3755, -0.7
3756, -0.1
3757, 0.3
3758, -0.1
3759, 0.0
3760, -0.2
3761, 0.1
3762, 0.0
3763, -0.1
3764, -0.1
3765, -0.1
3766, 0.2
3767, 0.0
3768, -0.1
3769, -0.3
3770, 0.2
3771, 0.1
3772, 0.3
3773, 0.0
3774, 0.1
3775, -0.2
3776, -0.4
3777, -0.3
3778, 0.2
3779, -0.1
3780, 0.0
3781, -0.1
3782, 0.0
3783, -0.2
3784, 0.1
3785, 0.0
3786, 0.3
3787, -0.1
3788, 0.1
3789, 0.0
3790, 0.0
3791, 0.3
3792, 0.5
3793, -0.4
3794, 0.0
3795, -0.3
3796, 0.0
3797, -0.1
3798, -0.2
3799, 0.2
3800, -0.4
3801, 0.5
3802, 0.0
3803, -0.4
3804, 0.1
3805, 0.1
3806, 0.2
3807, 0.1
3808, -0.2
3809, -0.1
3810, -0.2
3811, 0.1
3812, 0.0
3813, 0.2
3814, 0.1
3815, 0.2
3816, 0.1
3817, -0.1
3818, -0.1
3819, -0.3
3820, 0.1
3821, 0.0
3822, -0.1
3823, 0.0
3824, 0.1
3825, 0.2
3826, 0.0
3827, -0.1
3828, -0.2
3829, 0.2
3830, -0.3
3831, 0.1
3832, 0.3
3833, 0.4
3834, -0.6
3835, -0.1
3836, 0.0
3837, 0.1
3838, -0.2
3839, 0.0
3840, 0.0
3841, 0.1
3842, 0.2
3843, -0.1
3844, 0.1
3845, -0.2
3846, -0.1
3847, 0.0
3848, -0.6
3849, -0.2
3850, -0.2
3851, 0.1
3852, 0.2
3853, -0.4
3854, 0.0
3855, -0.1
3856, 0.3
3857, 0.1
3858, 0.0
3859, -0.1
3860, -0.2
3861, 0.0
3862, 0.2
3863, 0.2
3864, 0.0
3865, -0.3
3866, -0.3
3867, 0.2
3868, -0.3
3869, -0.1
3870, 0.0
3871, 0.1
3872, -0.1
3873, 0.4
3874, -0.1
3875, 0.2
3876, -0.5
3877, -0.2
3878, -0.1
3879, -0.1
3880, 0.3
3881, 0.0
3882, 0.0
3883, 0.3
3884, -0.1
3885, -0.6
3886, 0.1
3887, 0.2
3888, -0.1
3889, -0.6
3890, 0.0
3891, 0.0
3892, -0.4
3893, -0.2
3894, -0.3
3895, -0.2
3896, -0.1
3897, 0.2
3898, 0.1
3899, 0.4
3900, -0.1
3901, -0.3
3902, -0.3
3903, -0.1
3904, 0.1
3905, 0.0
3906, 0.0
3907, 0.0
3908, 0.2
3909, -0.1
3910, 0.2
3911, 0.0
3912, 0.0
3913, -0.4
3914, 0.1
3915, -0.1
3916, 0.2
3917, -0.1
3918, 0.1
3919, -0.6
3920, 0.1
3921, 0.2
3922, -0.2
3923, -0.1
3924, 0.0
3925, -0.2
3926, -0.2
3927, 0.0
3928, 0.3
3929, 0.5
3930, 0.2
3931, 0.1
3932, -0.1
3933, -0.2
3934, 0.1
3935, 0.0
3936, 0.0
3937, -0.2
3938, -0.3
3939, 0.2
3940, -0.3
3941, -0.4
3942, -0.3
3943, -0.2
3944, -0.5
3945, -0.1
3946, -0.2
3947, -0.6
3948, 0.2
3949, 0.0
3950, 0.3
3951, 0.2
3952, 0.1
3953, 0.3
3954, 0.0
3955, 0.2
3956, 0.0
3957, -0.5
3958, -0.1
3959, -0.4
3960, 0.3
3961, 0.2
3962, 0.3
3963, 0.1
3964, -0.1
3965, -0.3
3966, 0.0
3967, -0.5
3968, -0.2
3969, -0.4
3970, -0.2
3971, 0.2
3972, -0.2
3973, 0.1
3974, -0.1
3975, -0.1
3976, -0.1
3977, 0.1
3978, 0.1
3979, 0.4
3980, -0.1
3981, 0.1
3982, 0.2
3983, -0.1
3984, -0.1
3985, 0.1
3986, -0.1
3987, -0.1
3988, -0.1
3989, -0.1
3990, 0.0
3991, 0.0
3992, 0.1
3993, -0.3
3994, 0.1
3995, -0.2
3996, -0.2
3997, -0.6
3998, -0.2
3999, -0.3
